0 0.42265625 0.765625 0.0234375 0.03125
0 0.53203125 0.69453125 0.0234375 0.028125
0 0.53046875 0.66640625 0.0234375 0.028125
0 0.5375 0.71875 0.021875 0.0265625
0 0.403125 0.64921875 0.021875 0.0296875
0 0.38203125 0.7640625 0.021875 0.034375
0 0.36796875 0.7453125 0.0234375 0.03125
0 0.35703125 0.72109375 0.021875 0.028125
0 0.5546875 0.625 0.021875 0.0296875
0 0.54453125 0.2234375 0.0203125 0.028125
0 0.36953125 0.2578125 0.0203125 0.0265625
0 0.38359375 0.728125 0.0203125 0.0234375
0 0.4484375 0.6984375 0.021875 0.028125
0 0.34375 0.5421875 0.0203125 0.0265625
0 0.3203125 0.57890625 0.021875 0.028125
0 0.41875 0.73515625 0.0203125 0.0234375
0 0.57265625 0.7390625 0.0203125 0.03125
0 0.5546875 0.73515625 0.0203125 0.03125
0 0.61875 0.69375 0.0234375 0.028125
0 0.39765625 0.740625 0.01875 0.0234375
0 0.4546875 0.553125 0.021875 0.03125
0 0.40703125 0.303125 0.021875 0.0265625
0 0.32265625 0.4703125 0.021875 0.028125
0 0.40703125 0.33125 0.0234375 0.0265625
0 0.440625 0.6703125 0.028125 0.028125
0 0.384375 0.653125 0.021875 0.0265625
0 0.503125 0.453125 0.025 0.028125
0 0.55625 0.6515625 0.021875 0.0265625
0 0.44609375 0.4453125 0.021875 0.0265625
0 0.36875 0.28046875 0.0171875 0.0265625
0 0.5796875 0.2796875 0.0234375 0.028125
0 0.30078125 0.46328125 0.021875 0.0265625
0 0.57265625 0.615625 0.021875 0.0296875
0 0.41796875 0.6765625 0.0171875 0.0265625
0 0.4 0.771875 0.0203125 0.034375
0 0.28125 0.54921875 0.0203125 0.028125
0 0.68203125 0.48203125 0.0234375 0.0265625
0 0.425 0.65390625 0.025 0.028125
0 0.49375 0.48046875 0.021875 0.025
0 0.5140625 0.4796875 0.0234375 0.028125
0 0.51484375 0.503125 0.0234375 0.0265625
0 0.36953125 0.66796875 0.0234375 0.0265625
0 0.609375 0.64375 0.021875 0.0265625
0 0.61015625 0.71796875 0.021875 0.0265625
0 0.48984375 0.2890625 0.0203125 0.028125
0 0.578125 0.30390625 0.0234375 0.0296875
0 0.621875 0.4390625 0.0203125 0.025
0 0.4640625 0.43828125 0.0203125 0.028125
0 0.3234375 0.32890625 0.0203125 0.0265625
0 0.59296875 0.653125 0.0203125 0.0265625
0 0.49609375 0.5015625 0.0203125 0.0234375
0 0.259375 0.51015625 0.021875 0.028125
0 0.53203125 0.34375 0.01875 0.0296875
0 0.58125 0.7125 0.0203125 0.028125
0 0.39921875 0.3546875 0.0234375 0.028125
0 0.28125 0.57734375 0.021875 0.028125
0 0.5953125 0.625 0.021875 0.03125
0 0.60546875 0.43046875 0.0234375 0.0265625
0 0.5078125 0.53125 0.021875 0.025
0 0.5984375 0.48125 0.01875 0.025
0 0.29609375 0.559375 0.01875 0.025
0 0.6828125 0.453125 0.0203125 0.0265625
0 0.44765625 0.72265625 0.021875 0.0296875
0 0.60625 0.50390625 0.021875 0.025
0 0.28203125 0.47109375 0.021875 0.028125
0 0.61796875 0.4859375 0.0203125 0.025
0 0.5734375 0.6765625 0.0296875 0.0375
0 0.5625 0.71171875 0.0171875 0.028125
0 0.428125 0.69765625 0.021875 0.025
0 0.27734375 0.52734375 0.01875 0.0265625
0 0.33203125 0.278125 0.0203125 0.025