0 0.4234375 0.765625 0.0234375 0.03125
0 0.53203125 0.69453125 0.0234375 0.028125
0 0.53046875 0.66640625 0.0234375 0.028125
0 0.403125 0.64921875 0.021875 0.03125
0 0.41875 0.7359375 0.0203125 0.025
0 0.36953125 0.2578125 0.0203125 0.025
0 0.38203125 0.76328125 0.021875 0.0359375
0 0.440625 0.67109375 0.028125 0.028125
0 0.35703125 0.7203125 0.021875 0.028125
0 0.5546875 0.625 0.021875 0.0296875
0 0.4484375 0.6984375 0.021875 0.028125
0 0.5375 0.71875 0.021875 0.0265625
0 0.41875 0.6765625 0.0171875 0.0265625
0 0.61875 0.69375 0.0234375 0.028125
0 0.40703125 0.33125 0.0234375 0.0265625
0 0.36796875 0.7453125 0.0234375 0.03125
0 0.44609375 0.4453125 0.021875 0.0265625
0 0.57265625 0.73984375 0.0203125 0.0328125
0 0.36953125 0.66875 0.0234375 0.0265625
0 0.38359375 0.7296875 0.021875 0.0234375
0 0.30078125 0.46328125 0.021875 0.0265625
0 0.5796875 0.28046875 0.021875 0.0296875
0 0.40703125 0.303125 0.021875 0.028125
0 0.36875 0.28046875 0.01875 0.0265625
0 0.3203125 0.57890625 0.021875 0.028125
0 0.5546875 0.73515625 0.0203125 0.03125
0 0.4546875 0.553125 0.021875 0.03125
0 0.321875 0.47109375 0.021875 0.028125
0 0.54453125 0.22265625 0.0203125 0.028125
0 0.57734375 0.3046875 0.0234375 0.028125
0 0.68203125 0.48203125 0.0234375 0.0265625
0 0.39765625 0.740625 0.01875 0.0234375
0 0.384375 0.653125 0.021875 0.025
0 0.259375 0.509375 0.021875 0.0265625
0 0.35625 0.6953125 0.0234375 0.028125
0 0.48984375 0.2890625 0.021875 0.028125
0 0.571875 0.615625 0.0203125 0.028125
0 0.4 0.771875 0.0203125 0.0328125
0 0.59453125 0.625 0.0203125 0.03125
0 0.503125 0.453125 0.0234375 0.028125
0 0.425 0.6546875 0.0234375 0.028125
0 0.28125 0.5484375 0.01875 0.0296875
0 0.55625 0.6515625 0.021875 0.0265625
0 0.64296875 0.40546875 0.0203125 0.0265625
0 0.60625 0.43125 0.021875 0.028125
0 0.53203125 0.34375 0.01875 0.0296875
0 0.61015625 0.71796875 0.021875 0.0265625
0 0.59296875 0.65234375 0.0203125 0.0265625
0 0.4640625 0.43828125 0.0203125 0.028125
0 0.6828125 0.45390625 0.0203125 0.0265625
0 0.42890625 0.69765625 0.021875 0.025
0 0.34375 0.5421875 0.0203125 0.0265625
0 0.3359375 0.490625 0.021875 0.0234375
0 0.44765625 0.72265625 0.021875 0.028125
0 0.67578125 0.50546875 0.021875 0.028125
0 0.61015625 0.64375 0.0203125 0.0265625
0 0.384375 0.68203125 0.0203125 0.0265625
0 0.5390625 0.64375 0.021875 0.0265625
0 0.3421875 0.33359375 0.0171875 0.025
0 0.621875 0.4390625 0.0203125 0.025
0 0.67578125 0.43046875 0.0203125 0.0265625
0 0.29609375 0.559375 0.01875 0.0234375
0 0.64375 0.43203125 0.01875 0.028125
0 0.2828125 0.4703125 0.0203125 0.0265625
0 0.60703125 0.50390625 0.0203125 0.025
0 0.49453125 0.48046875 0.0203125 0.025
0 0.28125 0.57734375 0.021875 0.0265625
0 0.6203125 0.415625 0.0234375 0.028125
0 0.66171875 0.5203125 0.01875 0.025
0 0.34453125 0.3703125 0.0203125 0.025
0 0.378125 0.709375 0.0203125 0.0265625
0 0.3234375 0.32890625 0.0203125 0.0265625
0 0.54921875 0.67265625 0.0203125 0.025
0 0.5625 0.71171875 0.0171875 0.028125
0 0.34609375 0.26328125 0.021875 0.025
0 0.33125 0.3515625 0.021875 0.0234375
0 0.5734375 0.67734375 0.028125 0.0375
0 0.4015625 0.7078125 0.03125 0.040625
0 0.6515625 0.5 0.0203125 0.021875
0 0.58125 0.7125 0.01875 0.0265625
0 0.25859375 0.5390625 0.0203125 0.028125
0 0.6 0.67421875 0.01875 0.0265625
0 0.33203125 0.27890625 0.0203125 0.025
0 0.5953125 0.73515625 0.0203125 0.034375
0 0.5078125 0.53046875 0.0203125 0.025
0 0.61796875 0.66640625 0.021875 0.028125
0 0.43828125 0.7453125 0.0234375 0.028125
0 0.26640625 0.48828125 0.0234375 0.0265625
0 0.665625 0.459375 0.0203125 0.025
0 0.49453125 0.54921875 0.021875 0.03125
0 0.59765625 0.453125 0.01875 0.025
0 0.56015625 0.28828125 0.0203125 0.0234375
0 0.5984375 0.48125 0.01875 0.025
0 0.55859375 0.2671875 0.021875 0.0234375
0 0.55 0.34296875 0.0203125 0.028125
0 0.34765625 0.28671875 0.0203125 0.0234375
0 0.42890625 0.5140625 0.021875 0.0265625
0 0.28125 0.50234375 0.021875 0.025
0 0.4734375 0.56015625 0.0203125 0.03125
0 0.6609375 0.415625 0.021875 0.028125
0 0.5453125 0.2484375 0.0203125 0.025
0 0.34453125 0.51328125 0.0203125 0.028125
0 0.5203125 0.2265625 0.021875 0.025
0 0.26484375 0.5625 0.0203125 0.028125
0 0.49609375 0.5015625 0.0203125 0.0234375
0 0.46953125 0.534375 0.01875 0.0234375
0 0.4453125 0.50234375 0.021875 0.021875
0 0.33515625 0.5625 0.0203125 0.028125
0 0.6625 0.48515625 0.01875 0.0234375
0 0.27734375 0.52734375 0.01875 0.0265625
0 0.575 0.25546875 0.0203125 0.0265625
0 0.3875 0.265625 0.0203125 0.0265625
0 0.56171875 0.23515625 0.0203125 0.0296875
0 0.31484375 0.55546875 0.0203125 0.025
0 0.446875 0.48046875 0.0203125 0.025
0 0.4328125 0.4625 0.021875 0.0234375
0 0.51484375 0.503125 0.0203125 0.025
0 0.38515625 0.371875 0.0203125 0.025
0 0.62109375 0.51953125 0.01875 0.025
0 0.51171875 0.2671875 0.0203125 0.025
0 0.3984375 0.35390625 0.021875 0.025
0 0.53828125 0.28515625 0.0265625 0.034375
0 0.5515625 0.31015625 0.0171875 0.025
0 0.6171875 0.4859375 0.0203125 0.025
0 0.37578125 0.34609375 0.01875 0.025
0 0.63125 0.49921875 0.01875 0.0234375