0 0.38359375 0.7296875 0.0203125 0.0234375
0 0.53125 0.66640625 0.0234375 0.028125
0 0.403125 0.64921875 0.021875 0.028125
0 0.53203125 0.69375 0.0234375 0.028125
0 0.42265625 0.76484375 0.021875 0.028125
0 0.41875 0.73515625 0.0203125 0.0234375
0 0.61875 0.69375 0.021875 0.028125
0 0.35703125 0.72109375 0.0203125 0.0265625
0 0.4484375 0.6984375 0.021875 0.0265625
0 0.5546875 0.625 0.021875 0.028125
0 0.44609375 0.4453125 0.021875 0.0234375
0 0.57265625 0.7390625 0.01875 0.0296875
0 0.55390625 0.73515625 0.01875 0.028125
0 0.4390625 0.6703125 0.025 0.028125
0 0.41875 0.6765625 0.0203125 0.0265625
0 0.55625 0.6515625 0.021875 0.025
0 0.68125 0.48203125 0.0203125 0.0265625
0 0.40703125 0.33046875 0.021875 0.025
0 0.5953125 0.6234375 0.021875 0.028125
0 0.61796875 0.66640625 0.0203125 0.0265625
0 0.3828125 0.7625 0.0203125 0.0296875
0 0.44765625 0.7234375 0.021875 0.028125
0 0.54453125 0.2234375 0.0203125 0.0265625
0 0.42421875 0.65390625 0.025 0.028125
0 0.39765625 0.74140625 0.01875 0.021875
0 0.6 0.67421875 0.01875 0.0265625
0 0.384375 0.653125 0.021875 0.0234375
0 0.53671875 0.71796875 0.0203125 0.0234375
0 0.4640625 0.43984375 0.0203125 0.025
0 0.57109375 0.61640625 0.0203125 0.028125
0 0.36875 0.259375 0.01875 0.025
0 0.4 0.77109375 0.0171875 0.0328125
0 0.5796875 0.2796875 0.0203125 0.0265625
0 0.609375 0.64375 0.0203125 0.0234375
0 0.59296875 0.65234375 0.0203125 0.025
0 0.2984375 0.521875 0.028125 0.0328125
0 0.58125 0.71328125 0.01875 0.0265625
0 0.61015625 0.7171875 0.0203125 0.025
0 0.43828125 0.74609375 0.021875 0.0265625
0 0.38359375 0.6828125 0.0203125 0.025
0 0.378125 0.709375 0.0203125 0.0265625
0 0.61796875 0.48515625 0.01875 0.0234375
0 0.3 0.4640625 0.021875 0.025
0 0.42890625 0.6984375 0.0203125 0.0234375
0 0.36875 0.74609375 0.021875 0.0296875
0 0.3453125 0.36953125 0.0203125 0.0234375
0 0.60625 0.43125 0.021875 0.028125
0 0.321875 0.47109375 0.021875 0.0265625
0 0.6828125 0.453125 0.01875 0.0234375
0 0.3203125 0.578125 0.0203125 0.025
0 0.5203125 0.225 0.021875 0.025
0 0.38515625 0.371875 0.0203125 0.025
0 0.6203125 0.415625 0.0234375 0.028125
0 0.5625 0.71171875 0.0171875 0.028125
0 0.3703125 0.66796875 0.021875 0.0234375
0 0.5984375 0.6984375 0.01875 0.0234375
0 0.33125 0.35078125 0.021875 0.0234375