0 0.42265625 0.765625 0.0234375 0.03125
0 0.53203125 0.69453125 0.0234375 0.028125
0 0.53046875 0.66640625 0.0234375 0.028125
0 0.5375 0.71875 0.021875 0.0265625
0 0.40390625 0.64921875 0.021875 0.03125
0 0.54375 0.2234375 0.0203125 0.028125
0 0.35703125 0.7203125 0.021875 0.028125
0 0.36796875 0.74453125 0.021875 0.028125
0 0.4484375 0.6984375 0.021875 0.028125
0 0.5546875 0.73515625 0.0203125 0.03125
0 0.36875 0.25703125 0.0203125 0.0265625
0 0.3203125 0.57890625 0.021875 0.028125
0 0.41875 0.7359375 0.0203125 0.025
0 0.38359375 0.7296875 0.021875 0.0234375
0 0.61875 0.69375 0.0234375 0.028125
0 0.43984375 0.6703125 0.028125 0.0265625
0 0.38203125 0.7640625 0.021875 0.034375
0 0.38359375 0.653125 0.021875 0.025
0 0.5546875 0.62421875 0.0234375 0.0296875
0 0.57265625 0.7390625 0.0203125 0.034375
0 0.5796875 0.2796875 0.021875 0.0296875
0 0.3 0.4640625 0.0203125 0.028125
0 0.68203125 0.48203125 0.0234375 0.0265625
0 0.55625 0.6515625 0.021875 0.0265625
0 0.4 0.77109375 0.0171875 0.0328125
0 0.44609375 0.44453125 0.021875 0.0265625
0 0.40625 0.33125 0.021875 0.0265625
0 0.3703125 0.66796875 0.0234375 0.0265625
0 0.3984375 0.74140625 0.01875 0.0234375
0 0.41875 0.6765625 0.0171875 0.0265625
0 0.61015625 0.71796875 0.021875 0.025
0 0.42890625 0.69765625 0.021875 0.025
0 0.44765625 0.72265625 0.021875 0.0296875
0 0.36875 0.28046875 0.01875 0.0265625
0 0.33203125 0.278125 0.021875 0.025
0 0.32265625 0.4703125 0.0203125 0.0265625
0 0.5078125 0.53125 0.0203125 0.025
0 0.5765625 0.30390625 0.0234375 0.0296875
0 0.56328125 0.71171875 0.015625 0.028125
0 0.60625 0.43046875 0.021875 0.0265625
0 0.4546875 0.553125 0.021875 0.0296875
0 0.490625 0.2890625 0.0203125 0.028125
0 0.425 0.6546875 0.0234375 0.028125
0 0.59296875 0.65234375 0.0203125 0.0265625
0 0.6203125 0.415625 0.021875 0.0265625
0 0.53828125 0.64375 0.021875 0.0265625
0 0.40703125 0.303125 0.021875 0.028125
0 0.49375 0.48046875 0.0203125 0.025
0 0.53203125 0.34453125 0.01875 0.0296875
0 0.4640625 0.43828125 0.0203125 0.0265625
0 0.5734375 0.6765625 0.0296875 0.0375
0 0.609375 0.64375 0.0203125 0.025
0 0.5140625 0.4796875 0.0234375 0.028125
0 0.5453125 0.24765625 0.0203125 0.0265625
0 0.58125 0.7125 0.01875 0.028125
0 0.60078125 0.6734375 0.0171875 0.0265625
0 0.60625 0.50390625 0.0203125 0.025
0 0.378125 0.71015625 0.0203125 0.0265625
0 0.346875 0.2640625 0.021875 0.028125
0 0.59453125 0.62578125 0.0203125 0.0296875
0 0.64296875 0.40625 0.0203125 0.0265625
0 0.28046875 0.5765625 0.021875 0.0265625
0 0.503125 0.453125 0.0234375 0.028125
0 0.64375 0.4328125 0.01875 0.028125
0 0.54921875 0.67265625 0.0203125 0.0234375
0 0.4015625 0.7078125 0.03125 0.040625
0 0.571875 0.615625 0.021875 0.028125
0 0.51171875 0.2671875 0.021875 0.025
0 0.34375 0.54140625 0.0203125 0.0265625
0 0.68359375 0.453125 0.0203125 0.0265625
0 0.35703125 0.6953125 0.025 0.028125
0 0.55 0.34296875 0.0203125 0.028125
0 0.28125 0.5484375 0.01875 0.0296875
0 0.496875 0.5015625 0.021875 0.025
0 0.384375 0.68203125 0.0203125 0.0265625
0 0.66171875 0.5203125 0.01875 0.0265625
0 0.26015625 0.51015625 0.021875 0.028125
0 0.2984375 0.521875 0.028125 0.034375
0 0.5578125 0.26796875 0.021875 0.0234375
0 0.5515625 0.31015625 0.01875 0.025
0 0.515625 0.503125 0.021875 0.0265625
0 0.56171875 0.2359375 0.021875 0.0328125
0 0.34453125 0.51328125 0.021875 0.0265625
0 0.5203125 0.225 0.0203125 0.0234375
0 0.43828125 0.74609375 0.0234375 0.0296875
0 0.47265625 0.56015625 0.0203125 0.03125
0 0.2765625 0.52734375 0.0203125 0.0265625
0 0.46875 0.534375 0.01875 0.025
0 0.53828125 0.2859375 0.0265625 0.0328125
0 0.34765625 0.28671875 0.0203125 0.025
0 0.6515625 0.5 0.0203125 0.021875
0 0.34453125 0.3703125 0.021875 0.0265625
0 0.29609375 0.559375 0.01875 0.0234375
0 0.5984375 0.69921875 0.01875 0.025
0 0.61796875 0.66640625 0.021875 0.028125
0 0.56015625 0.28828125 0.0203125 0.021875
0 0.3984375 0.35390625 0.021875 0.025
0 0.575 0.25625 0.021875 0.025
0 0.55234375 0.69765625 0.01875 0.025
0 0.5953125 0.73515625 0.0203125 0.0328125
0 0.42890625 0.51484375 0.0234375 0.0265625
0 0.446875 0.48046875 0.0203125 0.0234375
0 0.33671875 0.490625 0.021875 0.0234375
0 0.61796875 0.4859375 0.0203125 0.0265625
0 0.67578125 0.5046875 0.021875 0.0265625
0 0.6421875 0.5296875 0.0203125 0.0328125
0 0.3359375 0.56328125 0.0203125 0.028125
0 0.31484375 0.55546875 0.0203125 0.0234375
0 0.59765625 0.453125 0.01875 0.025
0 0.38671875 0.26640625 0.0203125 0.028125
0 0.33125 0.35078125 0.021875 0.0234375
0 0.621875 0.43828125 0.0203125 0.025