0 0.42265625 0.76640625 0.0234375 0.0328125
0 0.53125 0.66640625 0.021875 0.028125
0 0.5375 0.71875 0.021875 0.0265625
0 0.35703125 0.7203125 0.021875 0.028125
0 0.53125 0.69453125 0.0234375 0.028125
0 0.38203125 0.76328125 0.021875 0.034375
0 0.403125 0.6484375 0.021875 0.03125
0 0.4484375 0.6984375 0.021875 0.0265625
0 0.5546875 0.625 0.021875 0.0296875
0 0.5796875 0.2796875 0.0203125 0.028125
0 0.54453125 0.2234375 0.0203125 0.0265625
0 0.57265625 0.740625 0.0203125 0.0328125
0 0.40703125 0.33125 0.0234375 0.028125
0 0.36953125 0.25625 0.01875 0.025
0 0.5546875 0.73515625 0.0203125 0.028125
0 0.61875 0.69375 0.021875 0.028125
0 0.41953125 0.73515625 0.0203125 0.0234375
0 0.384375 0.653125 0.0203125 0.0234375
0 0.38359375 0.728125 0.0203125 0.021875
0 0.6828125 0.48203125 0.0234375 0.0265625
0 0.43984375 0.6703125 0.028125 0.0265625
0 0.4078125 0.303125 0.0203125 0.0234375
0 0.321875 0.47109375 0.021875 0.0265625
0 0.5140625 0.4796875 0.0234375 0.028125
0 0.29921875 0.46328125 0.0203125 0.025
0 0.55625 0.6515625 0.0203125 0.0265625
0 0.6203125 0.41640625 0.0234375 0.028125
0 0.378125 0.70859375 0.0203125 0.025
0 0.36875 0.74375 0.021875 0.0265625
0 0.46484375 0.43828125 0.0203125 0.0265625
0 0.35703125 0.69453125 0.0234375 0.0265625
0 0.39765625 0.740625 0.01875 0.021875
0 0.59453125 0.625 0.0203125 0.028125
0 0.4 0.77265625 0.0203125 0.0359375
0 0.44765625 0.721875 0.021875 0.028125
0 0.53203125 0.34453125 0.01875 0.0296875
0 0.49609375 0.5015625 0.0203125 0.025
0 0.34609375 0.26328125 0.0234375 0.028125
0 0.609375 0.64296875 0.0203125 0.025
0 0.5734375 0.67734375 0.028125 0.0359375
0 0.5625 0.71171875 0.0171875 0.028125
0 0.44609375 0.44453125 0.021875 0.0234375
0 0.50234375 0.453125 0.0234375 0.0265625
0 0.42421875 0.65390625 0.0234375 0.028125
0 0.57734375 0.30390625 0.0203125 0.028125
0 0.5453125 0.2484375 0.01875 0.025
0 0.33203125 0.27890625 0.0203125 0.0234375
0 0.5953125 0.73515625 0.0203125 0.0296875
0 0.36875 0.28125 0.0171875 0.0265625
0 0.34453125 0.3703125 0.0203125 0.025
0 0.571875 0.61640625 0.0203125 0.028125
0 0.68359375 0.453125 0.0203125 0.025
0 0.41875 0.6765625 0.0171875 0.0265625
0 0.33671875 0.490625 0.0203125 0.0203125
0 0.575 0.25546875 0.0203125 0.0265625
0 0.60625 0.43125 0.0203125 0.025
0 0.61015625 0.71796875 0.0203125 0.0234375
0 0.49296875 0.2640625 0.025 0.03125
0 0.43828125 0.746875 0.025 0.0296875
0 0.5390625 0.28515625 0.0265625 0.03125
0 0.32109375 0.57734375 0.0203125 0.0234375
0 0.6421875 0.40546875 0.01875 0.025
0 0.45390625 0.55390625 0.0203125 0.0296875
0 0.5609375 0.23515625 0.0203125 0.0296875
0 0.2984375 0.521875 0.0265625 0.034375
0 0.34375 0.54140625 0.0203125 0.0265625
0 0.55 0.3421875 0.0203125 0.028125
0 0.61796875 0.66640625 0.0203125 0.0265625
0 0.5609375 0.28828125 0.01875 0.021875
0 0.61796875 0.48515625 0.01875 0.0234375
0 0.46953125 0.534375 0.01875 0.0234375
0 0.58125 0.7125 0.01875 0.0265625
0 0.67578125 0.43046875 0.0203125 0.0265625
0 0.49453125 0.4796875 0.0203125 0.0234375
0 0.446875 0.48046875 0.0203125 0.025
0 0.33125 0.35078125 0.0203125 0.021875
0 0.5203125 0.2265625 0.0203125 0.0234375
0 0.28125 0.50234375 0.021875 0.025
0 0.621875 0.4390625 0.0203125 0.025
0 0.5078125 0.53125 0.0203125 0.025
0 0.42890625 0.6984375 0.021875 0.0234375
0 0.490625 0.2890625 0.0203125 0.0265625
0 0.59375 0.653125 0.0203125 0.0234375
0 0.34296875 0.33203125 0.01875 0.0234375
0 0.55859375 0.26796875 0.021875 0.0234375