0 0.53203125 0.69453125 0.0234375 0.028125
0 0.53046875 0.66640625 0.0234375 0.028125
0 0.403125 0.65 0.021875 0.03125
0 0.42265625 0.765625 0.0234375 0.03125
0 0.35703125 0.7203125 0.021875 0.028125
0 0.5375 0.71953125 0.0234375 0.028125
0 0.41875 0.7359375 0.0203125 0.025
0 0.38203125 0.7640625 0.021875 0.034375
0 0.36875 0.25703125 0.0203125 0.025
0 0.4484375 0.69765625 0.021875 0.0265625
0 0.36796875 0.74453125 0.021875 0.0296875
0 0.54453125 0.22421875 0.0203125 0.0265625
0 0.43984375 0.6703125 0.028125 0.028125
0 0.3203125 0.57890625 0.021875 0.028125
0 0.5546875 0.625 0.021875 0.0296875
0 0.38359375 0.7296875 0.021875 0.0234375
0 0.58046875 0.28046875 0.021875 0.028125
0 0.5546875 0.7359375 0.0203125 0.03125
0 0.4 0.771875 0.0203125 0.034375
0 0.61875 0.69453125 0.0234375 0.028125
0 0.44609375 0.44453125 0.021875 0.025
0 0.57265625 0.7390625 0.0203125 0.034375
0 0.3984375 0.74140625 0.01875 0.0234375
0 0.41796875 0.6765625 0.01875 0.0265625
0 0.36953125 0.66796875 0.0234375 0.0265625
0 0.384375 0.653125 0.0203125 0.025
0 0.30078125 0.46328125 0.021875 0.028125
0 0.42421875 0.65390625 0.025 0.028125
0 0.55625 0.6515625 0.021875 0.0265625
0 0.68203125 0.48203125 0.0234375 0.0265625
0 0.44765625 0.7234375 0.021875 0.0296875
0 0.571875 0.61640625 0.021875 0.0296875
0 0.33203125 0.27890625 0.0203125 0.025
0 0.503125 0.453125 0.0234375 0.028125
0 0.36875 0.28046875 0.01875 0.0265625
0 0.57734375 0.30390625 0.0234375 0.0296875
0 0.4640625 0.43828125 0.0203125 0.028125
0 0.34375 0.5421875 0.0203125 0.0265625
0 0.5078125 0.53125 0.0203125 0.025
0 0.40703125 0.33046875 0.0234375 0.0265625
0 0.40703125 0.30234375 0.021875 0.025
0 0.4546875 0.55390625 0.021875 0.0296875
0 0.490625 0.2890625 0.0203125 0.028125
0 0.32265625 0.47109375 0.0203125 0.028125
0 0.42890625 0.69765625 0.021875 0.025
0 0.6828125 0.45390625 0.0203125 0.0265625
0 0.59296875 0.65234375 0.0203125 0.0265625
0 0.60625 0.43046875 0.021875 0.0265625
0 0.621875 0.4390625 0.0203125 0.0265625
0 0.43828125 0.74609375 0.0234375 0.028125
0 0.38125 0.7125 0.021875 0.034375
0 0.67578125 0.43046875 0.0203125 0.0265625
0 0.61015625 0.71796875 0.021875 0.0265625
0 0.28046875 0.5484375 0.01875 0.03125
0 0.57421875 0.67734375 0.028125 0.0359375
0 0.5140625 0.4796875 0.0234375 0.028125
0 0.609375 0.64375 0.021875 0.0265625
0 0.35703125 0.6953125 0.0234375 0.028125
0 0.60703125 0.50390625 0.0203125 0.025
0 0.56015625 0.28828125 0.0203125 0.0234375
0 0.6 0.67421875 0.01875 0.0265625
0 0.49609375 0.5015625 0.021875 0.0234375
0 0.5625 0.71171875 0.0171875 0.028125
0 0.34296875 0.3328125 0.01875 0.025
0 0.346875 0.26328125 0.021875 0.025
0 0.59453125 0.62578125 0.0203125 0.03125
0 0.49453125 0.48046875 0.0203125 0.025
0 0.64296875 0.40546875 0.0203125 0.0265625
0 0.52109375 0.2265625 0.0203125 0.025
0 0.29609375 0.559375 0.01875 0.0234375
0 0.64375 0.4328125 0.01875 0.028125
0 0.53828125 0.64375 0.0203125 0.0265625
0 0.61796875 0.6671875 0.021875 0.028125
0 0.58125 0.71171875 0.01875 0.028125
0 0.53203125 0.34453125 0.01875 0.0296875
0 0.3234375 0.32890625 0.0203125 0.0265625
0 0.46953125 0.534375 0.01875 0.0265625
0 0.54921875 0.67265625 0.0203125 0.0234375
0 0.3359375 0.490625 0.021875 0.0234375
0 0.4015625 0.70703125 0.03125 0.0390625
0 0.51484375 0.503125 0.0203125 0.0265625
0 0.34453125 0.3703125 0.021875 0.0265625
0 0.665625 0.459375 0.0203125 0.025
0 0.6203125 0.415625 0.0234375 0.028125
0 0.55859375 0.2671875 0.021875 0.0234375
0 0.384375 0.68203125 0.0203125 0.0265625
0 0.259375 0.51015625 0.0234375 0.028125
0 0.39921875 0.35390625 0.021875 0.0265625
0 0.56171875 0.23515625 0.0203125 0.03125
0 0.49453125 0.54921875 0.0234375 0.03125
0 0.38515625 0.371875 0.0203125 0.025
0 0.28125 0.5765625 0.021875 0.0265625
0 0.33515625 0.5625 0.021875 0.028125
0 0.28125 0.50234375 0.021875 0.025
0 0.6515625 0.5 0.0203125 0.021875
0 0.54609375 0.24765625 0.01875 0.0265625
0 0.59609375 0.73515625 0.0203125 0.03125
0 0.51171875 0.26796875 0.021875 0.025
0 0.34765625 0.28671875 0.0203125 0.025
0 0.5515625 0.309375 0.0171875 0.025
0 0.47265625 0.5609375 0.0203125 0.03125
0 0.63046875 0.49921875 0.01875 0.0234375
0 0.34375 0.5140625 0.0203125 0.028125
0 0.49375 0.26328125 0.021875 0.0296875
0 0.55078125 0.34296875 0.0203125 0.028125
0 0.575 0.25546875 0.0203125 0.025
0 0.446875 0.48046875 0.0203125 0.0234375
0 0.27734375 0.5265625 0.0203125 0.0265625
0 0.2828125 0.4703125 0.0203125 0.0265625
0 0.43671875 0.53984375 0.021875 0.0265625
0 0.32578125 0.51328125 0.0171875 0.0265625
0 0.33125 0.35078125 0.021875 0.0234375
0 0.66171875 0.5203125 0.01875 0.0265625
0 0.55078125 0.6984375 0.01875 0.021875
0 0.2984375 0.521875 0.0296875 0.034375
0 0.3234375 0.29921875 0.0203125 0.025
0 0.5984375 0.48125 0.01875 0.0265625
0 0.56015625 0.3109375 0.0171875 0.0765625
0 0.5984375 0.69921875 0.01875 0.025
0 0.31484375 0.55546875 0.01875 0.0234375
0 0.67578125 0.50546875 0.0203125 0.0265625
0 0.3859375 0.2640625 0.0203125 0.025
0 0.4859375 0.44140625 0.0234375 0.0296875