0 0.540625 0.76796875 0.0203125 0.0203125
0 0.5796875 0.69296875 0.0171875 0.025
0 0.4796875 0.696875 0.021875 0.0203125
0 0.38125 0.790625 0.0171875 0.01875
0 0.57734375 0.7890625 0.01875 0.0234375
0 0.6109375 0.6765625 0.0171875 0.0203125
0 0.43359375 0.78984375 0.01875 0.0203125
0 0.54140625 0.7125 0.0203125 0.0203125
0 0.62734375 0.7953125 0.015625 0.021875
0 0.56015625 0.77578125 0.01875 0.0234375
0 0.3453125 0.765625 0.015625 0.0234375
0 0.40859375 0.678125 0.0171875 0.0203125
0 0.47265625 0.74296875 0.0203125 0.0203125
0 0.328125 0.75 0.01875 0.021875
0 0.43125 0.703125 0.015625 0.01875
0 0.42578125 0.66640625 0.0171875 0.0203125
0 0.3453125 0.7453125 0.015625 0.015625
0 0.36484375 0.7890625 0.0171875 0.0203125
0 0.4578125 0.7734375 0.01875 0.01875
0 0.59921875 0.69296875 0.0171875 0.0203125
0 0.36640625 0.77109375 0.015625 0.0171875
0 0.46015625 0.7109375 0.0171875 0.0203125
0 0.39609375 0.69375 0.015625 0.01875
0 0.46015625 0.68125 0.0203125 0.0234375
0 0.3984375 0.80078125 0.0203125 0.0296875
0 0.45546875 0.7546875 0.0171875 0.0203125
0 0.37265625 0.6703125 0.015625 0.01875
0 0.55703125 0.79296875 0.0203125 0.0203125
0 0.48359375 0.72734375 0.01875 0.0171875
0 0.3828125 0.77578125 0.015625 0.0171875
0 0.48203125 0.76796875 0.0234375 0.0265625
0 0.39453125 0.66484375 0.01875 0.0203125
0 0.57890625 0.7609375 0.0140625 0.015625
0 0.43984375 0.765625 0.015625 0.0203125
0 0.6734375 0.7828125 0.0203125 0.0234375
0 0.59609375 0.7984375 0.0171875 0.0234375
0 0.54375 0.73359375 0.01875 0.0234375
0 0.425 0.74375 0.015625 0.015625
0 0.6703125 0.7421875 0.0171875 0.0171875
0 0.66640625 0.7265625 0.0171875 0.0203125
0 0.428125 0.8140625 0.021875 0.028125
0 0.65234375 0.78203125 0.0203125 0.01875
0 0.43671875 0.73125 0.015625 0.015625
0 0.6453125 0.6921875 0.015625 0.01875
0 0.48046875 0.71484375 0.0203125 0.0203125
0 0.5625 0.75703125 0.01875 0.0203125
0 0.571875 0.71640625 0.0171875 0.01875
0 0.64765625 0.70859375 0.015625 0.015625
0 0.5640625 0.7015625 0.0171875 0.01875
0 0.42109375 0.72734375 0.0140625 0.0171875
0 0.6578125 0.75390625 0.015625 0.01875
0 0.35390625 0.721875 0.015625 0.015625
0 0.62578125 0.68203125 0.015625 0.0171875
0 0.61875 0.71796875 0.015625 0.0203125
0 0.4 0.70703125 0.015625 0.0171875
0 0.66171875 0.69609375 0.0171875 0.015625
0 0.62421875 0.7421875 0.015625 0.0171875
0 0.38046875 0.759375 0.0140625 0.015625
0 0.67734375 0.76328125 0.0234375 0.0234375
0 0.37578125 0.7265625 0.015625 0.01875
0 0.3875 0.7171875 0.015625 0.0171875
0 0.63515625 0.73046875 0.0171875 0.0171875
0 0.40625 0.7375 0.015625 0.01875
0 0.62890625 0.70234375 0.0140625 0.01875
0 0.61015625 0.8046875 0.01875 0.021875
0 0.559375 0.6796875 0.0203125 0.01875
0 0.44375 0.69296875 0.015625 0.0203125
0 0.67734375 0.671875 0.025 0.025
0 0.3953125 0.75859375 0.0140625 0.01875
0 0.6546875 0.74140625 0.0140625 0.0203125
0 0.4453125 0.70859375 0.015625 0.015625
0 0.41171875 0.76796875 0.0171875 0.0171875
0 0.43359375 0.7203125 0.0140625 0.015625
0 0.6578125 0.67578125 0.0171875 0.0203125
0 0.59765625 0.7546875 0.015625 0.0203125
0 0.609375 0.7390625 0.015625 0.01875
0 0.63046875 0.77421875 0.015625 0.0203125
0 0.36953125 0.696875 0.015625 0.0171875
0 0.45078125 0.73828125 0.015625 0.0171875
0 0.5796875 0.77265625 0.0171875 0.01875
0 0.54453125 0.696875 0.0203125 0.0171875
0 0.4078125 0.69765625 0.015625 0.015625
0 0.371875 0.709375 0.0140625 0.015625
0 0.36484375 0.7546875 0.015625 0.0171875
0 0.44296875 0.675 0.0171875 0.0234375
0 0.59296875 0.6671875 0.0203125 0.0203125
0 0.42578125 0.75859375 0.0171875 0.01875
0 0.5765625 0.74296875 0.015625 0.015625
0 0.35546875 0.771875 0.0140625 0.0203125
0 0.64921875 0.8 0.01875 0.0234375
0 0.359375 0.73984375 0.0171875 0.0203125
0 0.46171875 0.725 0.015625 0.0171875
0 0.3390625 0.7328125 0.01875 0.0171875
0 0.45078125 0.7875 0.021875 0.0234375