0 0.47890625 0.69765625 0.01875 0.0203125
0 0.4359375 0.73125 0.0140625 0.015625
0 0.3671875 0.771875 0.015625 0.0171875
0 0.3828125 0.77578125 0.015625 0.0171875
0 0.35390625 0.72109375 0.015625 0.015625
0 0.54296875 0.7125 0.0171875 0.01875
0 0.45546875 0.75625 0.015625 0.01875
0 0.43203125 0.790625 0.0171875 0.01875
0 0.38203125 0.79140625 0.0171875 0.01875
0 0.45625 0.77265625 0.015625 0.015625
0 0.5609375 0.77578125 0.0203125 0.025
0 0.38125 0.7609375 0.0140625 0.015625
0 0.39453125 0.759375 0.0140625 0.0171875
0 0.375 0.7265625 0.015625 0.0171875
0 0.59765625 0.76015625 0.015625 0.015625
0 0.5796875 0.6921875 0.015625 0.0234375
0 0.46015625 0.7109375 0.0171875 0.01875
0 0.3984375 0.7078125 0.015625 0.015625
0 0.425 0.74375 0.0140625 0.0125
0 0.39609375 0.69453125 0.0140625 0.015625
0 0.42109375 0.7296875 0.0140625 0.015625
0 0.38828125 0.7171875 0.015625 0.0171875
0 0.3453125 0.765625 0.0171875 0.0234375
0 0.44453125 0.70703125 0.0140625 0.015625
0 0.44140625 0.76796875 0.0140625 0.0203125
0 0.42578125 0.76015625 0.015625 0.015625
0 0.63515625 0.73203125 0.015625 0.015625
0 0.5796875 0.75859375 0.0125 0.015625
0 0.62421875 0.74296875 0.015625 0.015625
0 0.4109375 0.76953125 0.015625 0.0140625
0 0.36484375 0.7546875 0.015625 0.015625
0 0.4078125 0.67890625 0.015625 0.01875
0 0.4296875 0.70703125 0.0140625 0.015625
0 0.6203125 0.7296875 0.015625 0.0171875
0 0.34453125 0.74609375 0.015625 0.015625
0 0.40625 0.7390625 0.0125 0.015625
0 0.6109375 0.67734375 0.015625 0.01875
0 0.6703125 0.74296875 0.015625 0.015625
0 0.54453125 0.7328125 0.0171875 0.01875
0 0.4328125 0.71875 0.0140625 0.0140625
0 0.5453125 0.696875 0.01875 0.0171875
0 0.54140625 0.771875 0.01875 0.0234375
0 0.646875 0.70703125 0.015625 0.0140625
0 0.42578125 0.6671875 0.0171875 0.01875
0 0.39296875 0.74453125 0.0140625 0.015625
0 0.48046875 0.7140625 0.01875 0.01875
0 0.4453125 0.721875 0.0125 0.015625
0 0.365625 0.78828125 0.0171875 0.01875
0 0.5625 0.7578125 0.01875 0.0171875
0 0.38203125 0.68125 0.015625 0.0171875
0 0.359375 0.740625 0.015625 0.0171875
0 0.67734375 0.6734375 0.025 0.0265625
0 0.3890625 0.73203125 0.015625 0.015625
0 0.6546875 0.740625 0.0125 0.01875
0 0.57734375 0.74375 0.0140625 0.015625
0 0.33984375 0.73203125 0.0171875 0.01875
0 0.4609375 0.68125 0.0203125 0.0234375
0 0.371875 0.70546875 0.0140625 0.01875
0 0.47265625 0.74375 0.0203125 0.0203125
0 0.6671875 0.72734375 0.015625 0.015625
0 0.4203125 0.715625 0.0125 0.0171875
0 0.64453125 0.72109375 0.0140625 0.015625
0 0.61015625 0.73984375 0.015625 0.01875
0 0.6296875 0.775 0.015625 0.0171875
0 0.571875 0.71796875 0.015625 0.015625
0 0.4015625 0.81015625 0.0203125 0.0234375
0 0.628125 0.703125 0.0125 0.0171875
0 0.3984375 0.778125 0.015625 0.015625
0 0.56640625 0.70234375 0.0171875 0.021875
0 0.5578125 0.72109375 0.0125 0.015625
0 0.4015625 0.7203125 0.0140625 0.015625
0 0.421875 0.684375 0.0125 0.015625
0 0.37734375 0.740625 0.015625 0.0171875
0 0.6578125 0.76875 0.0125 0.0109375
0 0.65234375 0.78203125 0.0171875 0.01875
0 0.42734375 0.8140625 0.01875 0.0234375
0 0.615625 0.75703125 0.0171875 0.01875
0 0.60546875 0.6984375 0.0171875 0.015625
0 0.39765625 0.79296875 0.0171875 0.0171875
0 0.59609375 0.74609375 0.0125 0.0171875
0 0.62734375 0.79296875 0.015625 0.01875
0 0.6453125 0.69375 0.0125 0.015625