0 0.578125 0.78984375 0.0203125 0.025
0 0.628125 0.79609375 0.015625 0.0234375
0 0.540625 0.76875 0.0203125 0.021875
0 0.38203125 0.790625 0.0171875 0.0203125
0 0.54140625 0.71328125 0.0203125 0.0203125
0 0.4796875 0.69765625 0.021875 0.0203125
0 0.43359375 0.78984375 0.01875 0.0203125
0 0.32734375 0.75 0.0203125 0.025
0 0.428125 0.81484375 0.0234375 0.0296875
0 0.45546875 0.75546875 0.0171875 0.021875
0 0.45546875 0.7734375 0.0203125 0.0203125
0 0.67734375 0.6734375 0.025 0.028125
0 0.5953125 0.796875 0.01875 0.025
0 0.5796875 0.6921875 0.0171875 0.0234375
0 0.3984375 0.80078125 0.021875 0.0328125
0 0.5609375 0.77578125 0.0203125 0.025
0 0.61015625 0.6765625 0.0171875 0.0203125
0 0.3453125 0.76484375 0.0171875 0.021875