0 0.628125 0.79609375 0.01875 0.0234375
0 0.540625 0.76875 0.0203125 0.0203125
0 0.4328125 0.78984375 0.01875 0.021875
0 0.45546875 0.7546875 0.0171875 0.021875
0 0.3828125 0.77578125 0.0171875 0.01875
0 0.38203125 0.790625 0.0171875 0.01875
0 0.578125 0.78984375 0.0203125 0.0234375
0 0.54140625 0.7125 0.0203125 0.0203125
0 0.5609375 0.77578125 0.0203125 0.0234375
0 0.45703125 0.775 0.01875 0.0203125
0 0.4796875 0.696875 0.0203125 0.0203125
0 0.36640625 0.771875 0.015625 0.0171875
0 0.5796875 0.6921875 0.0171875 0.0234375
0 0.3453125 0.765625 0.0171875 0.021875
0 0.65234375 0.7828125 0.0203125 0.0203125
0 0.5625 0.75703125 0.01875 0.01875
0 0.47265625 0.74375 0.021875 0.0203125
0 0.428125 0.8140625 0.021875 0.0265625