0 0.54140625 0.7125 0.0203125 0.0203125
0 0.38203125 0.790625 0.01875 0.01875
0 0.5796875 0.69296875 0.0171875 0.025
0 0.4328125 0.78984375 0.0171875 0.0203125
0 0.628125 0.7953125 0.015625 0.021875
0 0.4796875 0.69765625 0.021875 0.0203125
0 0.34609375 0.76484375 0.015625 0.0203125
0 0.6109375 0.67734375 0.0171875 0.0203125
0 0.540625 0.76875 0.0203125 0.01875
0 0.57734375 0.790625 0.01875 0.021875
0 0.5796875 0.7609375 0.0140625 0.0171875
0 0.4734375 0.74375 0.021875 0.0203125
0 0.56015625 0.77578125 0.01875 0.0234375
0 0.4578125 0.77265625 0.01875 0.0171875
0 0.45546875 0.7546875 0.0171875 0.021875
0 0.328125 0.74921875 0.01875 0.0203125
0 0.34453125 0.74609375 0.015625 0.0171875
0 0.3671875 0.77109375 0.015625 0.0171875
0 0.6 0.69296875 0.015625 0.0203125
0 0.4359375 0.73203125 0.015625 0.015625
0 0.43125 0.70390625 0.015625 0.0171875
0 0.65234375 0.78125 0.0203125 0.01875
0 0.3828125 0.77578125 0.015625 0.01875
0 0.61875 0.71640625 0.015625 0.0203125
0 0.67734375 0.67265625 0.025 0.025
0 0.46015625 0.7109375 0.0171875 0.01875
0 0.54453125 0.73203125 0.01875 0.0203125
0 0.440625 0.76640625 0.015625 0.0203125
0 0.428125 0.81484375 0.021875 0.028125
0 0.39609375 0.69375 0.015625 0.0171875
0 0.6734375 0.78125 0.0203125 0.0203125
0 0.62421875 0.7421875 0.015625 0.0171875
0 0.5625 0.75703125 0.01875 0.01875
0 0.6703125 0.74140625 0.0171875 0.015625
0 0.64609375 0.6921875 0.015625 0.01875
0 0.4828125 0.72734375 0.01875 0.015625
0 0.571875 0.71640625 0.0171875 0.01875
0 0.62109375 0.728125 0.0171875 0.015625
0 0.38046875 0.759375 0.0140625 0.015625
0 0.3984375 0.79765625 0.01875 0.0234375
0 0.5796875 0.7765625 0.01875 0.0203125
0 0.6296875 0.70234375 0.0140625 0.01875
0 0.6578125 0.75390625 0.015625 0.0203125
0 0.40625 0.7375 0.015625 0.01875
0 0.63515625 0.7296875 0.0171875 0.0171875
0 0.66171875 0.69609375 0.0171875 0.015625
0 0.4515625 0.7390625 0.015625 0.01875
0 0.38515625 0.70625 0.015625 0.015625
0 0.59609375 0.796875 0.015625 0.021875
0 0.48046875 0.71484375 0.0203125 0.01875
0 0.5671875 0.70390625 0.0171875 0.025
0 0.46015625 0.68125 0.01875 0.0234375
0 0.365625 0.7890625 0.015625 0.0203125
0 0.40859375 0.678125 0.0171875 0.01875
0 0.42578125 0.74296875 0.015625 0.015625
0 0.4109375 0.76796875 0.0171875 0.0171875
0 0.59765625 0.75625 0.015625 0.0203125
0 0.6578125 0.67578125 0.0171875 0.0203125
0 0.3734375 0.72265625 0.015625 0.0171875
0 0.45 0.7875 0.0203125 0.021875
0 0.64921875 0.8 0.01875 0.0234375
0 0.43359375 0.71953125 0.0140625 0.015625
0 0.42578125 0.6671875 0.0171875 0.0203125
0 0.46171875 0.725 0.015625 0.0171875
0 0.54453125 0.696875 0.0203125 0.0171875
0 0.62578125 0.68203125 0.015625 0.0171875
0 0.4203125 0.71640625 0.0140625 0.01875
0 0.42578125 0.75859375 0.0171875 0.01875
0 0.67734375 0.76328125 0.0234375 0.021875
0 0.35390625 0.72109375 0.015625 0.015625
0 0.609375 0.7390625 0.015625 0.01875
0 0.5765625 0.74296875 0.015625 0.015625
0 0.41640625 0.784375 0.015625 0.021875
0 0.63046875 0.77421875 0.015625 0.01875
0 0.421875 0.72890625 0.0140625 0.0171875
0 0.33828125 0.73203125 0.0171875 0.0171875
0 0.66640625 0.728125 0.0171875 0.01875