0 0.38203125 0.79296875 0.015625 0.021875
0 0.47890625 0.69765625 0.01875 0.0203125
0 0.3453125 0.7640625 0.0171875 0.0203125
0 0.365625 0.78828125 0.015625 0.0203125
0 0.3828125 0.77578125 0.015625 0.0171875
0 0.5421875 0.7125 0.01875 0.01875
0 0.45625 0.7734375 0.01875 0.01875
0 0.43203125 0.790625 0.0171875 0.0203125
0 0.45546875 0.75546875 0.0171875 0.0203125
0 0.34453125 0.74609375 0.015625 0.015625
0 0.471875 0.74375 0.01875 0.0203125
0 0.5796875 0.69140625 0.015625 0.021875
0 0.38046875 0.759375 0.0140625 0.015625
0 0.5640625 0.7578125 0.01875 0.01875
0 0.3671875 0.771875 0.015625 0.0171875