0 0.38203125 0.790625 0.01875 0.0203125
0 0.578125 0.7890625 0.0203125 0.0265625
0 0.540625 0.76875 0.0203125 0.0234375
0 0.43359375 0.78984375 0.01875 0.0203125
0 0.62734375 0.7953125 0.0171875 0.0234375
0 0.5796875 0.69296875 0.0171875 0.0265625
0 0.54140625 0.7125 0.0203125 0.0203125
0 0.4796875 0.696875 0.021875 0.0203125
0 0.365625 0.7890625 0.0171875 0.021875
0 0.428125 0.8140625 0.021875 0.028125
0 0.45703125 0.7734375 0.01875 0.0203125
0 0.6109375 0.6765625 0.0171875 0.0203125
0 0.34609375 0.76484375 0.01875 0.0234375
0 0.5609375 0.77578125 0.01875 0.0234375
0 0.45546875 0.75390625 0.01875 0.0234375
0 0.6484375 0.80234375 0.0203125 0.0234375
0 0.39921875 0.809375 0.0265625 0.0328125
0 0.32734375 0.75 0.0203125 0.025
0 0.59609375 0.796875 0.0171875 0.0234375
0 0.55703125 0.79296875 0.0203125 0.021875
0 0.59921875 0.69296875 0.015625 0.0203125
0 0.4734375 0.74375 0.021875 0.0203125
0 0.36640625 0.77109375 0.015625 0.01875
0 0.3828125 0.7765625 0.0171875 0.01875
0 0.42578125 0.66640625 0.01875 0.021875
0 0.39609375 0.69296875 0.015625 0.01875
0 0.609375 0.8046875 0.01875 0.0234375
0 0.440625 0.765625 0.015625 0.0203125
0 0.65234375 0.78125 0.0203125 0.01875
0 0.5625 0.75703125 0.01875 0.0203125
0 0.67421875 0.78203125 0.0203125 0.021875
0 0.37265625 0.66953125 0.0171875 0.01875
0 0.6703125 0.74140625 0.0171875 0.0171875
0 0.46015625 0.68203125 0.0203125 0.025
0 0.5796875 0.76015625 0.0140625 0.0171875
0 0.45078125 0.7875 0.021875 0.0234375
0 0.67734375 0.67265625 0.025 0.0265625
0 0.3453125 0.74453125 0.015625 0.0171875
0 0.6578125 0.753125 0.0171875 0.0203125
0 0.43671875 0.73203125 0.0171875 0.015625
0 0.465625 0.7109375 0.021875 0.0234375