0 0.628125 0.7953125 0.0171875 0.0234375
0 0.38203125 0.79140625 0.0171875 0.0203125
0 0.54140625 0.7125 0.0203125 0.0203125
0 0.43359375 0.78984375 0.01875 0.0203125
0 0.5421875 0.76875 0.01875 0.0203125
0 0.4796875 0.696875 0.0203125 0.0203125
0 0.45703125 0.7734375 0.01875 0.0203125
0 0.59609375 0.796875 0.0171875 0.025
0 0.5609375 0.77578125 0.0203125 0.0234375
0 0.42734375 0.81484375 0.021875 0.0265625
0 0.45546875 0.7546875 0.0171875 0.021875
0 0.57734375 0.790625 0.0203125 0.0203125
0 0.3453125 0.765625 0.0171875 0.0234375
0 0.56328125 0.7578125 0.0203125 0.01875
0 0.5796875 0.6921875 0.015625 0.0234375
0 0.39921875 0.81015625 0.025 0.0296875
0 0.36484375 0.7890625 0.0171875 0.0203125
0 0.65234375 0.78203125 0.0203125 0.0203125
0 0.57890625 0.76015625 0.0125 0.0171875
0 0.47265625 0.74375 0.0203125 0.0203125
0 0.3671875 0.77109375 0.015625 0.01875