0 0.4328125 0.790625 0.01875 0.021875
0 0.628125 0.7953125 0.015625 0.0234375
0 0.5421875 0.7125 0.0203125 0.0203125
0 0.4796875 0.696875 0.021875 0.0203125
0 0.540625 0.76875 0.0203125 0.0203125
0 0.578125 0.790625 0.021875 0.0234375
0 0.5796875 0.69296875 0.0171875 0.025
0 0.5609375 0.77578125 0.0203125 0.025
0 0.45703125 0.77421875 0.01875 0.0203125
0 0.3453125 0.76640625 0.0171875 0.0234375
0 0.38203125 0.79140625 0.0171875 0.01875
0 0.32734375 0.75 0.021875 0.0234375
0 0.45546875 0.7546875 0.0171875 0.0203125
0 0.3828125 0.775 0.015625 0.01875
0 0.3671875 0.77109375 0.0171875 0.0171875
0 0.39921875 0.81015625 0.0265625 0.0296875
0 0.47265625 0.74453125 0.021875 0.021875
0 0.428125 0.8140625 0.021875 0.0265625
0 0.5625 0.7578125 0.0203125 0.01875
0 0.61015625 0.67734375 0.0171875 0.0203125