0 0.4796875 0.69765625 0.021875 0.0203125
0 0.628125 0.7953125 0.015625 0.0234375
0 0.54140625 0.76953125 0.0203125 0.0234375
0 0.45703125 0.77578125 0.01875 0.025
0 0.38203125 0.790625 0.015625 0.01875
0 0.578125 0.79140625 0.0203125 0.0234375
0 0.5953125 0.7984375 0.01875 0.0265625
0 0.3984375 0.809375 0.028125 0.0328125
0 0.4328125 0.790625 0.01875 0.0203125
0 0.5796875 0.6921875 0.0171875 0.0234375
0 0.3453125 0.76484375 0.01875 0.0234375
0 0.54140625 0.71328125 0.0203125 0.0203125
0 0.45546875 0.75390625 0.0171875 0.021875
0 0.5609375 0.775 0.0203125 0.025
0 0.428125 0.8140625 0.021875 0.0265625