0 0.478125 0.6984375 0.01875 0.0203125
0 0.3453125 0.76171875 0.015625 0.0171875
0 0.38203125 0.790625 0.015625 0.0171875
0 0.54453125 0.696875 0.0203125 0.0171875
0 0.45703125 0.771875 0.0171875 0.0171875
0 0.3671875 0.771875 0.015625 0.01875
0 0.4328125 0.78984375 0.0171875 0.0203125
0 0.45546875 0.75625 0.015625 0.01875
0 0.4734375 0.74296875 0.021875 0.01875
0 0.4109375 0.76953125 0.015625 0.015625
0 0.5609375 0.7765625 0.0203125 0.0234375
0 0.43125 0.70390625 0.0125 0.015625
0 0.3828125 0.775 0.015625 0.0171875
0 0.4359375 0.73125 0.0140625 0.0125
0 0.4828125 0.728125 0.0171875 0.0171875
0 0.40625 0.73984375 0.0140625 0.015625
0 0.44609375 0.72109375 0.0125 0.015625
0 0.375 0.72578125 0.015625 0.0203125
0 0.42578125 0.759375 0.015625 0.015625
0 0.43671875 0.74609375 0.015625 0.015625
0 0.328125 0.7484375 0.015625 0.01875
0 0.34453125 0.74609375 0.015625 0.015625
0 0.634375 0.73203125 0.015625 0.0140625
0 0.4203125 0.7140625 0.0140625 0.01875
0 0.421875 0.7328125 0.0140625 0.0171875
0 0.5796875 0.759375 0.0125 0.015625
0 0.61875 0.715625 0.015625 0.01875
0 0.42421875 0.74375 0.0140625 0.0140625
0 0.66953125 0.74140625 0.015625 0.015625
0 0.54453125 0.7453125 0.0203125 0.0234375
0 0.46640625 0.7109375 0.015625 0.0203125
0 0.440625 0.76796875 0.015625 0.01875
0 0.5796875 0.69140625 0.015625 0.021875
0 0.62421875 0.74375 0.015625 0.0171875