0 0.4328125 0.790625 0.01875 0.021875
0 0.45546875 0.7546875 0.0171875 0.021875
0 0.47890625 0.69765625 0.0203125 0.0203125
0 0.45703125 0.7734375 0.0171875 0.01875
0 0.57890625 0.79140625 0.021875 0.025
0 0.38203125 0.79140625 0.015625 0.01875
0 0.54140625 0.71328125 0.021875 0.0203125
0 0.3453125 0.76484375 0.0171875 0.021875
0 0.56015625 0.77578125 0.0203125 0.0234375
0 0.6515625 0.78125 0.0203125 0.0203125
0 0.5796875 0.69140625 0.015625 0.021875
0 0.4734375 0.74375 0.021875 0.0203125
0 0.540625 0.76875 0.0203125 0.0203125