0 0.54140625 0.76875 0.0203125 0.021875
0 0.43359375 0.78984375 0.01875 0.021875
0 0.54140625 0.7125 0.0234375 0.021875
0 0.628125 0.7953125 0.015625 0.0234375
0 0.578125 0.790625 0.0203125 0.025
0 0.38125 0.79140625 0.0171875 0.0203125
0 0.39921875 0.80859375 0.028125 0.0359375
0 0.55703125 0.79296875 0.0234375 0.021875
0 0.3265625 0.75 0.0203125 0.025
0 0.5609375 0.77578125 0.0203125 0.0234375
0 0.45546875 0.75390625 0.01875 0.0234375
0 0.5796875 0.69375 0.0171875 0.028125
0 0.3453125 0.765625 0.0171875 0.0265625
0 0.4796875 0.696875 0.0234375 0.0203125
0 0.428125 0.8140625 0.021875 0.028125
0 0.45625 0.77421875 0.0203125 0.0203125
0 0.61015625 0.67734375 0.01875 0.0203125
0 0.5625 0.75625 0.0203125 0.0203125
0 0.365625 0.7890625 0.0171875 0.021875
0 0.59609375 0.79765625 0.0171875 0.0234375
0 0.47265625 0.74375 0.0234375 0.021875
0 0.3671875 0.77109375 0.0171875 0.01875
0 0.67734375 0.67265625 0.025 0.0265625