0 0.38203125 0.790625 0.01875 0.0203125
0 0.578125 0.7890625 0.0203125 0.0265625
0 0.47890625 0.696875 0.021875 0.0203125
0 0.62734375 0.7953125 0.015625 0.0234375
0 0.540625 0.76875 0.0203125 0.0234375
0 0.43359375 0.78984375 0.01875 0.0203125
0 0.54140625 0.71328125 0.0203125 0.0203125
0 0.5796875 0.6921875 0.0171875 0.025
0 0.45625 0.77421875 0.01875 0.0203125
0 0.6109375 0.6765625 0.0171875 0.0203125
0 0.428125 0.8140625 0.021875 0.028125
0 0.365625 0.7890625 0.015625 0.021875
0 0.6484375 0.80234375 0.0203125 0.0234375
0 0.56015625 0.77578125 0.01875 0.0234375
0 0.34609375 0.765625 0.01875 0.0234375
0 0.45546875 0.7546875 0.0171875 0.0234375
0 0.55703125 0.79296875 0.021875 0.021875
0 0.3984375 0.80078125 0.0203125 0.03125
0 0.59609375 0.79765625 0.015625 0.0234375
0 0.32734375 0.753125 0.0203125 0.0234375
0 0.59921875 0.69296875 0.015625 0.0203125
0 0.42578125 0.66640625 0.01875 0.021875
0 0.4734375 0.74375 0.021875 0.0203125
0 0.61015625 0.8046875 0.01875 0.0234375
0 0.3828125 0.7765625 0.0171875 0.01875
0 0.653125 0.78125 0.0203125 0.01875
0 0.36640625 0.77109375 0.015625 0.01875
0 0.39609375 0.69375 0.015625 0.01875
0 0.67421875 0.78203125 0.0203125 0.0234375
0 0.465625 0.71171875 0.0203125 0.021875
0 0.5625 0.7578125 0.01875 0.0203125
0 0.43671875 0.73203125 0.015625 0.015625
0 0.440625 0.76640625 0.015625 0.0203125
0 0.45 0.7875 0.021875 0.0234375
0 0.6703125 0.74140625 0.015625 0.0171875
0 0.57890625 0.76015625 0.0140625 0.0171875
0 0.40859375 0.678125 0.0171875 0.0203125
0 0.571875 0.7171875 0.0171875 0.01875