0 0.4796875 0.69765625 0.0234375 0.021875
0 0.628125 0.79609375 0.0171875 0.0234375
0 0.38203125 0.79140625 0.015625 0.0203125
0 0.365625 0.7890625 0.0171875 0.021875
0 0.54140625 0.76875 0.0203125 0.0203125
0 0.42734375 0.8140625 0.021875 0.0265625
0 0.3453125 0.765625 0.01875 0.021875
0 0.43359375 0.7890625 0.01875 0.0203125
0 0.39921875 0.809375 0.025 0.03125
0 0.45703125 0.775 0.01875 0.0234375
0 0.54140625 0.7125 0.0203125 0.0203125
0 0.5796875 0.6921875 0.0171875 0.0234375
0 0.56015625 0.775 0.0203125 0.025
0 0.578125 0.7890625 0.021875 0.021875
0 0.3828125 0.77578125 0.0171875 0.01875
0 0.5625 0.75703125 0.0203125 0.01875
0 0.3671875 0.77109375 0.015625 0.0171875
0 0.45546875 0.7546875 0.01875 0.021875
0 0.328125 0.75 0.0203125 0.0234375
0 0.4609375 0.68125 0.0203125 0.025
0 0.67734375 0.6734375 0.025 0.0265625
0 0.44140625 0.76640625 0.015625 0.0203125
0 0.4734375 0.74375 0.025 0.021875
0 0.6109375 0.67734375 0.0171875 0.0203125
0 0.34453125 0.7453125 0.015625 0.015625
0 0.6703125 0.74140625 0.0171875 0.01875
0 0.65234375 0.78203125 0.0203125 0.0203125
0 0.65703125 0.75390625 0.015625 0.0203125
0 0.42578125 0.66640625 0.01875 0.021875
0 0.54453125 0.7328125 0.0203125 0.0234375
0 0.57890625 0.7609375 0.0140625 0.0171875
0 0.36484375 0.75390625 0.015625 0.01875
0 0.54453125 0.696875 0.0203125 0.01875
0 0.6578125 0.67578125 0.01875 0.0203125
0 0.38046875 0.759375 0.015625 0.015625
0 0.59453125 0.796875 0.0171875 0.0234375