0 0.478125 0.69765625 0.01875 0.0203125
0 0.43671875 0.73203125 0.0140625 0.0140625
0 0.4828125 0.72890625 0.0171875 0.015625
0 0.57890625 0.76015625 0.0125 0.0171875
0 0.63515625 0.73125 0.015625 0.0125
0 0.3828125 0.77734375 0.015625 0.01875
0 0.34375 0.74609375 0.0140625 0.015625
0 0.62421875 0.7421875 0.015625 0.0171875
0 0.3453125 0.76328125 0.015625 0.01875
0 0.35390625 0.72109375 0.015625 0.015625
0 0.45625 0.75625 0.015625 0.01875
0 0.45703125 0.77265625 0.0171875 0.015625
0 0.36640625 0.77109375 0.015625 0.015625
0 0.56328125 0.7578125 0.01875 0.01875
0 0.4453125 0.72109375 0.0125 0.015625
0 0.4078125 0.6796875 0.015625 0.01875
0 0.44375 0.70703125 0.0140625 0.0140625
0 0.44453125 0.696875 0.0140625 0.015625
0 0.43203125 0.7453125 0.0125 0.015625
0 0.43046875 0.70390625 0.0140625 0.015625
0 0.39453125 0.76015625 0.0140625 0.0171875
0 0.61796875 0.71796875 0.015625 0.01875
0 0.42109375 0.7203125 0.0125 0.015625
0 0.6328125 0.7203125 0.0140625 0.01875
0 0.421875 0.73046875 0.0125 0.0140625
0 0.3796875 0.75859375 0.0140625 0.0140625
0 0.47421875 0.74375 0.0203125 0.0171875
0 0.42578125 0.75859375 0.015625 0.015625
0 0.43203125 0.790625 0.015625 0.01875
0 0.40625 0.7375 0.0140625 0.0171875
0 0.41171875 0.76953125 0.015625 0.0140625
0 0.37578125 0.728125 0.0140625 0.015625
0 0.5421875 0.77265625 0.0203125 0.0234375
0 0.653125 0.78203125 0.01875 0.0203125
0 0.54296875 0.71328125 0.015625 0.01875