1 0.35625 0.10859375 0.0203125 0.028125
1 0.37890625 0.0984375 0.01484375 0.021875
1 0.40078125 0.09375 0.0171875 0.021875
1 0.4234375 0.08828125 0.021875 0.02109375
1 0.4453125 0.0890625 0.021875 0.02734375
1 0.47109375 0.08828125 0.028125 0.028125
1 0.49140625 0.0859375 0.02421875 0.02734375
1 0.5140625 0.0890625 0.021875 0.02578125
1 0.53671875 0.0921875 0.0203125 0.03671875
1 0.5578125 0.09765625 0.0203125 0.03671875
1 0.5828125 0.1015625 0.0171875 0.02578125
1 0.60078125 0.1046875 0.01953125 0.03203125
1 0.6234375 0.115625 0.03046875 0.034375
1 0.64765625 0.11953125 0.021875 0.034375
1 0.6703125 0.13515625 0.01328125 0.034375
1 0.6875 0.14453125 0.025 0.03359375
1 0.7078125 0.1578125 0.01953125 0.0234375
1 0.7265625 0.1734375 0.028125 0.02109375
1 0.74609375 0.1859375 0.0375 0.0234375
1 0.7421875 0.23359375 0.01484375 0.0125
1 0.76171875 0.203125 0.0265625 0.03046875
1 0.778125 0.22109375 0.025 0.0171875
1 0.809375 0.25546875 0.0421875 0.02578125
1 0.7984375 0.23828125 0.0375 0.01484375
1 0.8265625 0.278125 0.03828125 0.01875
1 0.334375 0.934375 0.02265625 0.040625
1 0.36015625 0.946875 0.021875 0.03359375
1 0.38359375 0.95 0.01953125 0.034375
1 0.4078125 0.95546875 0.02421875 0.03203125
1 0.42890625 0.96015625 0.01953125 0.03359375
1 0.453125 0.96015625 0.02890625 0.03046875
1 0.475 0.959375 0.0203125 0.025
1 0.4984375 0.9609375 0.0265625 0.02578125
1 0.52265625 0.96015625 0.02265625 0.01953125
1 0.5453125 0.95390625 0.02421875 0.01640625
1 0.5671875 0.9515625 0.01484375 0.02734375
1 0.590625 0.9453125 0.0203125 0.01953125
1 0.61328125 0.93671875 0.02421875 0.0234375
1 0.64140625 0.93125 0.028125 0.034375
1 0.6609375 0.91875 0.02421875 0.02109375
1 0.6875 0.9078125 0.028125 0.0296875
1 0.70703125 0.88984375 0.0375 0.0296875
1 0.72734375 0.875 0.0375 0.02109375
1 0.7484375 0.86015625 0.0328125 0.0234375
1 0.76953125 0.840625 0.025 0.02109375
1 0.78515625 0.8203125 0.03125 0.025
1 0.8078125 0.79921875 0.03125 0.02734375
1 0.82109375 0.7765625 0.03828125 0.02734375
1 0.8421875 0.75234375 0.03046875 0.02734375
1 0.85078125 0.7265625 0.03828125 0.01875
1 0.85859375 0.70546875 0.0265625 0.0234375
1 0.87109375 0.68046875 0.02421875 0.02578125
1 0.878125 0.659375 0.0203125 0.025
1 0.884375 0.63671875 0.0203125 0.02734375
1 0.8921875 0.6125 0.01796875 0.01875
1 0.85703125 0.58203125 0.00703125 0.01015625
1 0.89921875 0.57265625 0.01953125 0.0296875
1 0.8984375 0.53359375 0.03515625 0.02578125
1 0.9 0.50703125 0.02890625 0.02578125
1 0.896875 0.48125 0.0359375 0.025
1 0.8953125 0.4546875 0.0328125 0.021875
1 0.89375 0.4328125 0.03125 0.01484375
1 0.88984375 0.4078125 0.0421875 0.025
1 0.88125 0.38125 0.05078125 0.021875
1 0.8671875 0.3515625 0.0515625 0.02734375
1 0.85390625 0.32578125 0.03828125 0.02578125
1 0.84140625 0.3 0.02890625 0.0234375
1 0.3109375 0.91953125 0.01953125 0.03984375
1 0.259375 0.90390625 0.0171875 0.03671875
1 0.2859375 0.90625 0.03828125 0.01484375
1 0.20625 0.86171875 0.0171875 0.03984375
1 0.21953125 0.87421875 0.02421875 0.0453125
1 0.24140625 0.8859375 0.0109375 0.03359375
1 0.18671875 0.840625 0.028125 0.04296875
1 0.1734375 0.8234375 0.0203125 0.040625
1 0.15234375 0.8078125 0.03046875 0.03984375
1 0.13515625 0.7921875 0.025 0.0296875
1 0.12265625 0.7734375 0.02890625 0.02734375
1 0.11171875 0.7546875 0.03515625 0.021875
1 0.1 0.73515625 0.04375 0.02578125
1 0.09140625 0.7125 0.03828125 0.02109375
1 0.07890625 0.68984375 0.0359375 0.0234375
1 0.07421875 0.6671875 0.0421875 0.02734375
1 0.0640625 0.640625 0.0265625 0.01875
1 0.0578125 0.61875 0.01953125 0.01484375
1 0.05546875 0.596875 0.03828125 0.025
1 0.05625 0.57109375 0.0421875 0.02109375
1 0.05234375 0.5484375 0.021875 0.01875
1 0.0453125 0.521875 0.028125 0.0171875
1 0.04765625 0.5015625 0.03828125 0.01875
1 0.0546875 0.475 0.0375 0.025
1 0.053125 0.453125 0.03046875 0.0171875
1 0.05546875 0.434375 0.03046875 0.01953125
1 0.06015625 0.41015625 0.03515625 0.02109375
1 0.06484375 0.38515625 0.03046875 0.02109375
1 0.071875 0.36171875 0.0359375 0.0171875
1 0.0828125 0.34140625 0.0265625 0.01875
1 0.096875 0.325 0.03984375 0.01875
1 0.11015625 0.3 0.04453125 0.01484375
1 0.11796875 0.27890625 0.03828125 0.0234375
1 0.12578125 0.2578125 0.03515625 0.02109375
1 0.1421875 0.24375 0.0625 0.02109375
1 0.16796875 0.22890625 0.0515625 0.01875
1 0.17421875 0.20390625 0.03125 0.01328125
1 0.1921875 0.18984375 0.01953125 0.01875
1 0.2140625 0.17734375 0.025 0.01328125
1 0.23359375 0.16640625 0.03125 0.02734375
1 0.25390625 0.153125 0.02890625 0.02578125
1 0.27421875 0.140625 0.0359375 0.01484375
1 0.2921875 0.12734375 0.02421875 0.01953125
1 0.31484375 0.12109375 0.0203125 0.01640625
1 0.33125 0.1125 0.0265625 0.03359375
1 0.6359375 0.840625 0.00703125 0.00703125
1 0.64296875 0.8390625 0.00703125 0.00859375
1 0.65 0.840625 0.00859375 0.0109375
1 0.6578125 0.8421875 0.00625 0.00703125
1 0.6609375 0.84921875 0.00859375 0.00859375
1 0.66328125 0.86171875 0.01171875 0.00625
1 0.66328125 0.85546875 0.00859375 0.0046875
1 0.65703125 0.8734375 0.00859375 0.00703125
1 0.65859375 0.8671875 0.01171875 0.00703125
1 0.65 0.87734375 0.00703125 0.0046875
1 0.64375 0.87734375 0.00859375 0.00703125
1 0.6359375 0.8765625 0.0046875 0.00703125
1 0.63125 0.87265625 0.00703125 0.00625
1 0.62890625 0.8671875 0.01171875 0.00703125
1 0.6265625 0.85859375 0.00859375 0.00625
1 0.62578125 0.85234375 0.00859375 0.00859375
1 0.62890625 0.84453125 0.00859375 0.00625
1 0.58671875 0.90625 0.0171875 0.01328125
1 0.7140625 0.73046875 0.01171875 0.01640625
1 0.821875 0.64921875 0.01328125 0.01875
1 0.1609375 0.62578125 0.02265625 0.01875
1 0.18984375 0.7671875 0.015625 0.01640625
1 0.22734375 0.83359375 0.0203125 0.01640625
1 0.103125 0.50703125 0.0171875 0.01953125
1 0.09296875 0.428125 0.00703125 0.01015625
1 0.525 0.2 0.0171875 0.0125
1 0.675 0.20625 0.00703125 0.02734375
1 0.33359375 0.15390625 0.01484375 0.0125
1 0.4015625 0.13828125 0.00625 0.00625
1 0.40859375 0.1390625 0.00625 0.00625
1 0.4140625 0.14296875 0.00859375 0.00625
1 0.4171875 0.15078125 0.00859375 0.00703125
1 0.41640625 0.1578125 0.01171875 0.00703125
1 0.41171875 0.1640625 0.009375 0.00625
1 0.403125 0.16484375 0.0046875 0.00859375
1 0.3953125 0.16484375 0.00703125 0.00703125
1 0.390625 0.16015625 0.00625 0.00703125
1 0.3890625 0.15234375 0.0046875 0.00625
1 0.38984375 0.14453125 0.00859375 0.00703125
1 0.3953125 0.13984375 0.00859375 0.0046875
1 0.3015625 0.29453125 0.00625 0.01015625
1 0.30703125 0.29453125 0.00390625 0.01015625
1 0.31796875 0.296875 0.00859375 0.00859375
1 0.31171875 0.2953125 0.0046875 0.00703125