0 0.6703125 0.77890625 0.0421875 0.059375
0 0.36953125 0.65 0.040625 0.0515625
0 0.34609375 0.60234375 0.04375 0.0546875
0 0.6359375 0.815625 0.0421875 0.0578125
0 0.54296875 0.7078125 0.040625 0.053125
0 0.29765625 0.76328125 0.0390625 0.0484375
0 0.3328125 0.43984375 0.04375 0.0515625
0 0.359375 0.50859375 0.0375 0.0515625
0 0.51640625 0.865625 0.04375 0.05
0 0.4 0.8546875 0.0390625 0.0453125
0 0.55703125 0.85859375 0.0484375 0.05625
0 0.39765625 0.68515625 0.040625 0.046875
0 0.33125 0.49296875 0.040625 0.0515625
0 0.5046875 0.721875 0.0421875 0.059375
0 0.3625 0.3375 0.040625 0.04375
0 0.365625 0.83671875 0.04375 0.0421875
0 0.3421875 0.38671875 0.04375 0.0484375
0 0.27421875 0.7203125 0.0390625 0.05
0 0.334375 0.5484375 0.040625 0.05625
0 0.60546875 0.14921875 0.046875 0.0609375
0 0.3828125 0.6 0.0359375 0.0484375
0 0.6453125 0.17578125 0.0421875 0.0625
0 0.5046875 0.253125 0.0390625 0.046875
0 0.34375 0.2484375 0.040625 0.046875
0 0.3734375 0.41484375 0.034375 0.0453125
0 0.6125 0.65859375 0.0421875 0.059375
0 0.47578125 0.1140625 0.0390625 0.0390625
0 0.4265625 0.18046875 0.0328125 0.04375
0 0.4546875 0.1671875 0.034375 0.040625
0 0.23125 0.56484375 0.0359375 0.04375
0 0.665625 0.7140625 0.0359375 0.0390625
0 0.6609375 0.5625 0.046875 0.0609375
0 0.50703125 0.30078125 0.034375 0.0484375
0 0.39609375 0.36171875 0.0375 0.046875
0 0.59609375 0.840625 0.0484375 0.0625
0 0.59453125 0.7828125 0.03125 0.04375
0 0.4328125 0.70546875 0.040625 0.046875
0 0.51796875 0.115625 0.04375 0.0484375
0 0.51015625 0.3453125 0.0328125 0.046875
0 0.30625 0.71328125 0.0328125 0.046875
0 0.4640625 0.25546875 0.0390625 0.0453125
0 0.396875 0.296875 0.040625 0.05
0 0.240625 0.61796875 0.0375 0.04375
0 0.62109375 0.76875 0.0390625 0.04375
0 0.38515625 0.796875 0.0390625 0.046875
0 0.7125 0.26796875 0.0421875 0.053125
0 0.43671875 0.121875 0.040625 0.0484375
0 0.58359375 0.28984375 0.0421875 0.05
0 0.49609375 0.16328125 0.0359375 0.046875
0 0.5140625 0.66328125 0.03125 0.040625
0 0.4796875 0.8765625 0.040625 0.0546875
0 0.44609375 0.31484375 0.0359375 0.0453125
0 0.5703125 0.6421875 0.0390625 0.040625
0 0.57890625 0.68828125 0.0453125 0.059375
0 0.4953125 0.38125 0.0265625 0.0328125
0 0.33125 0.79921875 0.040625 0.0453125
0 0.44296875 0.57890625 0.0265625 0.028125
0 0.74375 0.47890625 0.034375 0.0484375
0 0.2796875 0.35625 0.0375 0.0453125
0 0.73125 0.69609375 0.0453125 0.0578125
0 0.41640625 0.82578125 0.0375 0.0375
0 0.32109375 0.284375 0.0375 0.0453125
0 0.4390625 0.875 0.0390625 0.05
0 0.60625 0.1984375 0.0375 0.04375
0 0.35390625 0.7796875 0.0359375 0.0390625
0 0.50234375 0.62578125 0.028125 0.0359375
0 0.471875 0.63046875 0.0328125 0.0453125
0 0.76953125 0.5875 0.0453125 0.0625
0 0.3875 0.4828125 0.0359375 0.04375
0 0.7 0.73828125 0.0421875 0.0578125
0 0.63125 0.5078125 0.034375 0.0421875
0 0.52890625 0.42890625 0.0234375 0.025
0 0.734375 0.3984375 0.0375 0.040625
0 0.3953125 0.5265625 0.0390625 0.0453125
0 0.72109375 0.3625 0.0390625 0.0390625
0 0.53828125 0.31015625 0.0328125 0.05
0 0.7421875 0.4375 0.0328125 0.0421875
0 0.42109375 0.334375 0.0359375 0.040625
0 0.4015625 0.56796875 0.0359375 0.04375
0 0.57109375 0.18203125 0.0359375 0.046875
0 0.4765625 0.8328125 0.0359375 0.04375
0 0.5328125 0.6171875 0.03125 0.0390625
0 0.296875 0.31953125 0.0375 0.04375
0 0.7359375 0.56171875 0.034375 0.0421875
0 0.53671875 0.165625 0.0359375 0.0390625
0 0.56484375 0.7984375 0.034375 0.046875
0 0.25703125 0.67421875 0.0375 0.05
0 0.534375 0.54375 0.01875 0.0203125
0 0.59140625 0.35234375 0.034375 0.04375
0 0.54609375 0.26796875 0.0453125 0.0484375
0 0.7625 0.37265625 0.0421875 0.05625
0 0.47734375 0.30078125 0.0328125 0.0421875
0 0.48125 0.3421875 0.034375 0.04375
0 0.22578125 0.4625 0.03125 0.0421875
0 0.26640625 0.3984375 0.0375 0.0453125
0 0.5875 0.55859375 0.034375 0.040625
0 0.4265625 0.596875 0.034375 0.03125
0 0.51640625 0.38125 0.0234375 0.03125
0 0.73515625 0.31328125 0.0390625 0.0515625
0 0.4 0.6421875 0.03125 0.04375
0 0.4875 0.6734375 0.034375 0.040625
0 0.659375 0.25234375 0.0359375 0.0390625
0 0.4046875 0.40703125 0.0375 0.0421875
0 0.61328125 0.33203125 0.04375 0.05
0 0.3921875 0.4421875 0.0328125 0.0375
0 0.39609375 0.1953125 0.0375 0.0453125
0 0.60546875 0.5171875 0.0328125 0.0484375
0 0.33125 0.74453125 0.0359375 0.04375
0 0.60859375 0.390625 0.0421875 0.0390625
0 0.54140625 0.4015625 0.03125 0.0359375
0 0.5921875 0.61328125 0.0359375 0.0390625
0 0.53984375 0.3609375 0.03125 0.0421875
0 0.2375 0.36640625 0.0390625 0.0453125
0 0.63203125 0.46328125 0.0359375 0.040625
0 0.41796875 0.52265625 0.0265625 0.0359375
0 0.225 0.5140625 0.0359375 0.0390625
0 0.46484375 0.71796875 0.0375 0.046875
0 0.5625 0.3859375 0.0359375 0.0421875
0 0.625 0.5453125 0.0359375 0.046875
0 0.42734375 0.6625 0.034375 0.0390625
0 0.69453125 0.296875 0.0203125 0.028125
0 0.44609375 0.83359375 0.0296875 0.0453125
0 0.4921875 0.43828125 0.0203125 0.028125
0 0.54453125 0.6546875 0.03125 0.0390625
0 0.56015625 0.4296875 0.028125 0.03125
0 0.421875 0.45546875 0.028125 0.0359375
0 0.78046875 0.44453125 0.04375 0.05625
0 0.740625 0.5171875 0.03125 0.0359375
0 0.3609375 0.459375 0.0390625 0.05
0 0.6796875 0.21484375 0.046875 0.0578125
0 0.69765625 0.66875 0.0359375 0.0390625
0 0.6234375 0.428125 0.0359375 0.0375
0 0.4703125 0.38984375 0.028125 0.0328125
0 0.6703125 0.50625 0.040625 0.0515625
0 0.63359375 0.225 0.0359375 0.0390625
0 0.64375 0.61328125 0.0375 0.05625
0 0.4453125 0.61796875 0.03125 0.0390625
0 0.3671875 0.54921875 0.028125 0.0359375
0 0.64296875 0.36953125 0.040625 0.046875
0 0.7109375 0.63203125 0.0390625 0.0390625
0 0.36015625 0.15546875 0.04375 0.05625
0 0.2890625 0.675 0.0328125 0.0421875
0 0.440625 0.52265625 0.025 0.0265625
0 0.41875 0.48671875 0.021875 0.028125
0 0.5515625 0.56171875 0.03125 0.028125
0 0.4296875 0.2703125 0.0375 0.0421875
0 0.77734375 0.51484375 0.0359375 0.05625
0 0.56328125 0.1234375 0.04375 0.05
0 0.32890625 0.18828125 0.046875 0.053125
0 0.61015625 0.5796875 0.0390625 0.040625
0 0.253125 0.31796875 0.04375 0.0453125
0 0.37109375 0.22109375 0.034375 0.046875
0 0.26015625 0.54609375 0.0359375 0.0421875
0 0.2953125 0.23203125 0.040625 0.046875
0 0.4 0.1375 0.040625 0.053125
0 0.53125 0.57578125 0.0265625 0.0265625
0 0.27421875 0.271875 0.04375 0.046875
0 0.50703125 0.44296875 0.0171875 0.025
0 0.42578125 0.3765625 0.0375 0.0375
0 0.53984375 0.81640625 0.04375 0.0453125
0 0.5625 0.32421875 0.034375 0.0375
0 0.25703125 0.49609375 0.034375 0.040625
0 0.45703125 0.6734375 0.0296875 0.0421875
0 0.44921875 0.35234375 0.0359375 0.040625
0 0.4890625 0.4109375 0.0203125 0.0234375
0 0.515625 0.534375 0.0171875 0.01875
0 0.44375 0.4484375 0.0203125 0.021875
0 0.446875 0.40234375 0.0296875 0.0375
0 0.23203125 0.4109375 0.034375 0.046875
0 0.26484375 0.5875 0.0359375 0.0484375
0 0.3734375 0.8703125 0.0328125 0.0328125
0 0.72421875 0.59765625 0.0328125 0.0328125
0 0.43515625 0.5015625 0.021875 0.0265625
0 0.64296875 0.7359375 0.03125 0.0328125
0 0.45390625 0.4671875 0.015625 0.01875
0 0.5078125 0.41484375 0.0203125 0.0234375
0 0.70625 0.328125 0.0296875 0.0265625
0 0.2609375 0.4484375 0.0390625 0.04375
0 0.5625 0.53828125 0.028125 0.028125
0 0.5578125 0.59765625 0.0390625 0.046875
0 0.54765625 0.52109375 0.0203125 0.025
0 0.55546875 0.46875 0.01875 0.0234375
0 0.4890625 0.596875 0.021875 0.0296875
0 0.42421875 0.56171875 0.040625 0.0390625