0 0.39921875 0.8546875 0.040625 0.04375
0 0.6703125 0.77890625 0.04375 0.0578125
0 0.6328125 0.81484375 0.046875 0.059375
0 0.359375 0.50859375 0.0359375 0.05
0 0.3328125 0.440625 0.04375 0.046875
0 0.34296875 0.3859375 0.040625 0.0484375
0 0.33125 0.49375 0.0375 0.0484375
0 0.5953125 0.78046875 0.034375 0.04375
0 0.34765625 0.60390625 0.04375 0.0515625
0 0.621875 0.76640625 0.0359375 0.0390625
0 0.3625 0.340625 0.040625 0.040625
0 0.59296875 0.353125 0.034375 0.0390625
0 0.54140625 0.70625 0.0390625 0.046875
0 0.23125 0.56640625 0.0359375 0.0421875
0 0.51640625 0.865625 0.04375 0.05
0 0.334375 0.54921875 0.0390625 0.0515625
0 0.60625 0.14765625 0.04375 0.053125
0 0.371875 0.65078125 0.040625 0.05
0 0.5375 0.16484375 0.034375 0.0375
0 0.42578125 0.17890625 0.034375 0.0390625
0 0.5046875 0.71953125 0.0390625 0.0515625
0 0.34375 0.24765625 0.0390625 0.0421875
0 0.51875 0.11484375 0.0421875 0.040625
0 0.3734375 0.41484375 0.0359375 0.0453125
0 0.4015625 0.56953125 0.0359375 0.04375
0 0.55546875 0.85625 0.04375 0.053125
0 0.6640625 0.7109375 0.0328125 0.0296875
0 0.39453125 0.36328125 0.0375 0.046875
0 0.4546875 0.16484375 0.034375 0.0359375
0 0.76953125 0.5875 0.040625 0.0578125
0 0.33046875 0.8015625 0.040625 0.0421875
0 0.5703125 0.64296875 0.0359375 0.0375
0 0.47265625 0.63046875 0.0328125 0.0453125
0 0.5140625 0.66484375 0.03125 0.0375
0 0.57890625 0.69140625 0.04375 0.053125
0 0.5109375 0.3453125 0.034375 0.046875
0 0.27421875 0.71953125 0.0375 0.046875
0 0.384375 0.79765625 0.0390625 0.0453125
0 0.5953125 0.83984375 0.04375 0.059375
0 0.3828125 0.5984375 0.0328125 0.0390625
0 0.39765625 0.684375 0.04375 0.04375
0 0.50703125 0.29921875 0.034375 0.04375
0 0.44296875 0.57890625 0.0265625 0.028125
0 0.4390625 0.875 0.0375 0.0453125
0 0.7421875 0.4375 0.034375 0.0421875
0 0.52890625 0.42890625 0.0234375 0.021875
0 0.6421875 0.73515625 0.0328125 0.034375
0 0.56015625 0.42890625 0.028125 0.0296875
0 0.30546875 0.71015625 0.03125 0.0359375
0 0.62421875 0.54609375 0.0375 0.0453125
0 0.39609375 0.19609375 0.0359375 0.0421875
0 0.47578125 0.1109375 0.0375 0.034375
0 0.5375 0.8203125 0.0359375 0.0453125
0 0.465625 0.71796875 0.0390625 0.05
0 0.5171875 0.38125 0.0234375 0.03125
0 0.73671875 0.5609375 0.03125 0.0390625
0 0.23984375 0.61796875 0.034375 0.0390625
0 0.36640625 0.83671875 0.0375 0.0375
0 0.50390625 0.2515625 0.0390625 0.04375
0 0.3875 0.4828125 0.034375 0.0421875
0 0.48046875 0.340625 0.0359375 0.0390625
0 0.6453125 0.17578125 0.0421875 0.059375
0 0.35390625 0.7796875 0.034375 0.0390625
0 0.47578125 0.3 0.034375 0.040625
0 0.3921875 0.44296875 0.0328125 0.034375
0 0.54609375 0.2671875 0.04375 0.046875
0 0.58359375 0.2859375 0.040625 0.0453125
0 0.28046875 0.35390625 0.034375 0.0390625
0 0.42578125 0.596875 0.034375 0.03125
0 0.41953125 0.5203125 0.0265625 0.03125
0 0.56328125 0.79765625 0.03125 0.04375
0 0.4796875 0.8328125 0.0359375 0.04375
0 0.48828125 0.6734375 0.0328125 0.0390625
0 0.603125 0.51640625 0.03125 0.0421875
0 0.5921875 0.61328125 0.0359375 0.0390625
0 0.50703125 0.44453125 0.01875 0.0234375
0 0.54453125 0.653125 0.0296875 0.034375
0 0.41796875 0.82421875 0.034375 0.034375
0 0.4390625 0.1109375 0.0421875 0.053125
0 0.39765625 0.2953125 0.0390625 0.04375
0 0.6328125 0.46328125 0.0375 0.0390625
0 0.40078125 0.6390625 0.0328125 0.0421875
0 0.4328125 0.70625 0.0390625 0.04375
0 0.7 0.73828125 0.0421875 0.0515625
0 0.29765625 0.76328125 0.040625 0.0484375
0 0.49765625 0.16328125 0.0359375 0.0453125
0 0.44609375 0.61796875 0.03125 0.0375
0 0.4 0.134375 0.0390625 0.0421875
0 0.22578125 0.51328125 0.0328125 0.0390625
0 0.325 0.18984375 0.053125 0.0546875
0 0.60703125 0.1984375 0.0359375 0.04375
0 0.2953125 0.23125 0.0390625 0.04375
0 0.3203125 0.28359375 0.0375 0.04375
0 0.4953125 0.37890625 0.025 0.0296875
0 0.734375 0.396875 0.0328125 0.0375
0 0.4265625 0.3765625 0.0359375 0.0375
0 0.44609375 0.8328125 0.0296875 0.0421875
0 0.57265625 0.18359375 0.0359375 0.0453125
0 0.53515625 0.54375 0.01875 0.0203125
0 0.5625 0.32265625 0.034375 0.04375
0 0.421875 0.3359375 0.0375 0.0421875
0 0.3671875 0.55234375 0.03125 0.04375
0 0.42109375 0.4546875 0.025 0.0328125
0 0.503125 0.625 0.028125 0.0328125
0 0.25625 0.31484375 0.0375 0.0390625
0 0.4765625 0.875 0.040625 0.0515625
0 0.72265625 0.3625 0.0375 0.0359375
0 0.60859375 0.38828125 0.040625 0.0375
0 0.3703125 0.221875 0.03125 0.04375
0 0.684375 0.3046875 0.0203125 0.015625
0 0.265625 0.39765625 0.034375 0.0375
0 0.2578125 0.6734375 0.0375 0.046875
0 0.63125 0.50546875 0.034375 0.0390625
0 0.5875 0.55859375 0.0328125 0.0390625
0 0.39140625 0.53125 0.0296875 0.0390625
0 0.46484375 0.25625 0.0375 0.0375
0 0.428125 0.66171875 0.034375 0.0359375
0 0.23046875 0.4109375 0.0359375 0.04375
0 0.77578125 0.4421875 0.0359375 0.053125
0 0.4046875 0.40859375 0.0359375 0.040625
0 0.2609375 0.54609375 0.03125 0.04375
0 0.4296875 0.26875 0.0390625 0.0390625
0 0.5328125 0.615625 0.03125 0.0359375
0 0.49296875 0.43671875 0.015625 0.0234375
0 0.53203125 0.57578125 0.0265625 0.0265625
0 0.540625 0.40234375 0.03125 0.0359375
0 0.56328125 0.3859375 0.0328125 0.040625
0 0.2265625 0.4625 0.0296875 0.0375
0 0.6625 0.56015625 0.0390625 0.0515625
0 0.7109375 0.6328125 0.034375 0.0328125
0 0.70625 0.32734375 0.028125 0.025
0 0.74453125 0.47890625 0.0328125 0.0453125
0 0.41796875 0.48671875 0.0234375 0.028125
0 0.66171875 0.25078125 0.03125 0.0328125
0 0.53828125 0.309375 0.0359375 0.05
0 0.73125 0.69453125 0.040625 0.05
0 0.2546875 0.49609375 0.0296875 0.0375
0 0.51015625 0.59296875 0.0265625 0.0296875
0 0.61484375 0.65859375 0.0390625 0.0546875
0 0.2640625 0.5875 0.0375 0.04375
0 0.5609375 0.12109375 0.0421875 0.0390625
0 0.33125 0.74140625 0.03125 0.03125
0 0.4703125 0.3890625 0.028125 0.03125
0 0.53984375 0.3609375 0.03125 0.040625
0 0.62265625 0.42890625 0.034375 0.0375
0 0.74140625 0.51640625 0.028125 0.0296875
0 0.43515625 0.5015625 0.021875 0.0265625
0 0.42734375 0.56015625 0.0296875 0.0375
0 0.55546875 0.49921875 0.0171875 0.0234375
0 0.359375 0.4625 0.034375 0.046875
0 0.5625 0.53828125 0.028125 0.028125
0 0.55078125 0.5609375 0.028125 0.025
0 0.4828125 0.134375 0.0296875 0.0171875
0 0.29765625 0.31328125 0.0328125 0.034375
0 0.44765625 0.40234375 0.0296875 0.034375
0 0.48984375 0.4140625 0.01875 0.021875
0 0.48125 0.5671875 0.0171875 0.0203125
0 0.64453125 0.6109375 0.034375 0.0484375
0 0.76484375 0.3578125 0.0265625 0.0234375
0 0.51484375 0.534375 0.015625 0.0171875
0 0.44609375 0.3125 0.0359375 0.04375
0 0.534375 0.46484375 0.021875 0.0171875
0 0.69765625 0.66875 0.0328125 0.03125
0 0.275 0.6359375 0.0359375 0.040625
0 0.6078125 0.57578125 0.0390625 0.0359375
0 0.25859375 0.44453125 0.0265625 0.0265625
0 0.23671875 0.36796875 0.0375 0.0359375
0 0.3609375 0.1578125 0.04375 0.0546875
0 0.54765625 0.52109375 0.01875 0.0234375
0 0.73671875 0.315625 0.0390625 0.0390625
0 0.45703125 0.671875 0.0296875 0.0375
0 0.7296875 0.596875 0.0234375 0.0296875
0 0.64140625 0.36796875 0.040625 0.0421875
0 0.2875 0.67421875 0.03125 0.0359375
0 0.48828125 0.596875 0.021875 0.028125
0 0.7125 0.26796875 0.0421875 0.046875
0 0.43203125 0.4265625 0.025 0.028125
0 0.4359375 0.47265625 0.0203125 0.0234375
0 0.57890625 0.48515625 0.025 0.025
0 0.44453125 0.44921875 0.021875 0.021875
0 0.66796875 0.503125 0.034375 0.0421875
0 0.45078125 0.3515625 0.0328125 0.0359375
0 0.4390625 0.52265625 0.01875 0.0203125
0 0.44921875 0.54609375 0.0203125 0.021875
0 0.559375 0.16015625 0.0234375 0.0265625
0 0.4546875 0.46875 0.015625 0.01875
0 0.3984375 0.71953125 0.034375 0.0234375
0 0.52109375 0.4484375 0.015625 0.021875
0 0.58671875 0.421875 0.034375 0.034375
0 0.61484375 0.32265625 0.0359375 0.0296875
0 0.634375 0.22109375 0.028125 0.0296875
0 0.55625 0.596875 0.0359375 0.0421875
0 0.778125 0.51484375 0.0359375 0.05
0 0.50859375 0.4140625 0.01875 0.0234375
0 0.49921875 0.56640625 0.0171875 0.0234375
0 0.4703125 0.42109375 0.021875 0.025
0 0.696875 0.2359375 0.01875 0.0203125
0 0.57265625 0.45625 0.028125 0.0296875
0 0.67890625 0.20625 0.0359375 0.034375
0 0.4375 0.74296875 0.0359375 0.0265625
0 0.53828125 0.4875 0.0234375 0.0203125
0 0.69453125 0.29375 0.0125 0.01875
0 0.609375 0.4859375 0.015625 0.0171875
0 0.45546875 0.43203125 0.021875 0.0203125
0 0.603125 0.459375 0.0265625 0.028125
0 0.515625 0.5578125 0.0171875 0.0203125
0 0.7625 0.63046875 0.021875 0.0171875
0 0.459375 0.56171875 0.025 0.0203125