0 0.63515625 0.815625 0.04375 0.0578125
0 0.3328125 0.44140625 0.0421875 0.046875
0 0.54140625 0.70703125 0.040625 0.0484375
0 0.6703125 0.78046875 0.04375 0.0578125
0 0.3625 0.340625 0.0421875 0.0390625
0 0.33046875 0.49453125 0.0390625 0.0484375
0 0.54609375 0.26796875 0.04375 0.0484375
0 0.50625 0.3015625 0.034375 0.0453125
0 0.38203125 0.60078125 0.0375 0.0453125
0 0.240625 0.62109375 0.0375 0.040625
0 0.359375 0.5078125 0.0359375 0.046875
0 0.60546875 0.15 0.0453125 0.05625
0 0.60625 0.2 0.0390625 0.0421875
0 0.37421875 0.4109375 0.0375 0.0453125
0 0.29765625 0.76484375 0.0421875 0.0453125
0 0.3984375 0.68515625 0.040625 0.04375
0 0.3046875 0.7109375 0.0328125 0.0390625
0 0.334375 0.5484375 0.0390625 0.0484375
0 0.44375 0.5796875 0.0265625 0.0265625
0 0.58046875 0.29140625 0.0421875 0.046875
0 0.34296875 0.3859375 0.0421875 0.04375
0 0.3421875 0.246875 0.0375 0.0390625
0 0.51640625 0.86484375 0.0390625 0.0453125
0 0.4953125 0.38125 0.025 0.03125
0 0.57890625 0.6921875 0.0390625 0.05625
0 0.5703125 0.6421875 0.0375 0.0375
0 0.5140625 0.665625 0.03125 0.0375
0 0.66640625 0.71328125 0.0359375 0.0359375
0 0.5953125 0.83828125 0.04375 0.0546875
0 0.59453125 0.7828125 0.034375 0.04375
0 0.51015625 0.34453125 0.03125 0.0421875
0 0.50390625 0.25390625 0.040625 0.046875
0 0.51796875 0.11640625 0.04375 0.04375
0 0.346875 0.603125 0.0421875 0.05
0 0.4546875 0.165625 0.0359375 0.0375
0 0.5375 0.81953125 0.0359375 0.0390625
0 0.50390625 0.71796875 0.0390625 0.046875
0 0.27421875 0.72109375 0.0390625 0.0453125
0 0.4640625 0.71953125 0.040625 0.05
0 0.73203125 0.69296875 0.04375 0.0484375
0 0.55546875 0.85703125 0.04375 0.05
0 0.32109375 0.28125 0.0375 0.040625
0 0.54453125 0.65625 0.034375 0.0390625
0 0.4046875 0.4078125 0.0359375 0.0390625
0 0.73359375 0.4 0.034375 0.040625
0 0.76953125 0.5859375 0.0421875 0.05625
0 0.61328125 0.6578125 0.04375 0.05625
0 0.5171875 0.38046875 0.0234375 0.0296875
0 0.37109375 0.6515625 0.0421875 0.05
0 0.53671875 0.16640625 0.0390625 0.0390625
0 0.47578125 0.875 0.0421875 0.05
0 0.4453125 0.3140625 0.0359375 0.040625
0 0.509375 0.59296875 0.028125 0.028125
0 0.571875 0.18125 0.0359375 0.0421875
0 0.39765625 0.29609375 0.040625 0.0453125
0 0.528125 0.428125 0.021875 0.021875
0 0.6625 0.5609375 0.0421875 0.0515625
0 0.39609375 0.196875 0.034375 0.040625
0 0.42578125 0.178125 0.0328125 0.0390625
0 0.53828125 0.30703125 0.03125 0.04375
0 0.48046875 0.34296875 0.034375 0.0375
0 0.603125 0.51640625 0.03125 0.04375
0 0.47578125 0.1140625 0.0375 0.03125
0 0.5921875 0.35234375 0.034375 0.0359375
0 0.39609375 0.3640625 0.0328125 0.040625
0 0.62109375 0.7671875 0.0390625 0.0390625
0 0.39921875 0.85390625 0.0390625 0.040625
0 0.496875 0.1625 0.0359375 0.040625
0 0.38671875 0.4828125 0.034375 0.040625
0 0.43828125 0.875 0.0375 0.04375
0 0.23046875 0.565625 0.0375 0.0421875
0 0.53203125 0.57578125 0.0265625 0.0265625
0 0.465625 0.25859375 0.0390625 0.040625
0 0.47890625 0.8328125 0.0359375 0.040625
0 0.70546875 0.33046875 0.0359375 0.0359375
0 0.471875 0.6296875 0.0296875 0.0421875
0 0.64296875 0.73671875 0.034375 0.034375
0 0.36796875 0.55234375 0.03125 0.0421875
0 0.22421875 0.51484375 0.0359375 0.0390625
0 0.2578125 0.44609375 0.0359375 0.0390625
0 0.33125 0.74609375 0.034375 0.0421875
0 0.53359375 0.6171875 0.03125 0.034375
0 0.609375 0.5765625 0.0375 0.0359375
0 0.41875 0.52109375 0.025 0.0296875
0 0.56484375 0.3859375 0.0328125 0.040625
0 0.43046875 0.271875 0.0375 0.04375
0 0.7421875 0.43828125 0.034375 0.0375
0 0.4375 0.11875 0.0390625 0.0328125
0 0.4 0.1359375 0.040625 0.04375
0 0.77890625 0.51484375 0.0390625 0.0578125
0 0.6140625 0.33125 0.04375 0.0453125
0 0.54140625 0.40234375 0.0328125 0.034375
0 0.353125 0.778125 0.0328125 0.0359375
0 0.434375 0.7078125 0.0375 0.046875
0 0.42578125 0.59609375 0.0328125 0.0296875
0 0.38515625 0.7984375 0.0390625 0.0421875
0 0.4765625 0.3015625 0.03125 0.0390625
0 0.71171875 0.26796875 0.0421875 0.0484375
0 0.3625 0.83828125 0.0453125 0.0390625
0 0.22578125 0.46171875 0.03125 0.0390625
0 0.40234375 0.5671875 0.034375 0.0390625
0 0.296875 0.3171875 0.034375 0.0359375
0 0.3921875 0.525 0.0328125 0.040625
0 0.56015625 0.4296875 0.03125 0.0296875
0 0.42109375 0.33515625 0.034375 0.0390625
0 0.6328125 0.46484375 0.0359375 0.0390625
0 0.2546875 0.49765625 0.034375 0.04375
0 0.64296875 0.1765625 0.04375 0.0546875
0 0.44609375 0.61796875 0.03125 0.034375
0 0.7234375 0.3640625 0.0359375 0.0375
0 0.28828125 0.675 0.0328125 0.0421875
0 0.625 0.546875 0.0390625 0.04375
0 0.4921875 0.4375 0.01875 0.025
0 0.3703125 0.2203125 0.034375 0.040625
0 0.5921875 0.61171875 0.0359375 0.0359375
0 0.6609375 0.25703125 0.0359375 0.0375
0 0.7359375 0.56171875 0.034375 0.040625
0 0.39296875 0.44375 0.034375 0.0359375
0 0.5625 0.12421875 0.04375 0.046875
0 0.4265625 0.37421875 0.0359375 0.034375
0 0.5640625 0.8 0.0328125 0.0421875
0 0.58671875 0.42265625 0.0328125 0.0375
0 0.41796875 0.8265625 0.0375 0.0375
0 0.703125 0.73828125 0.040625 0.0515625
0 0.48828125 0.67421875 0.0328125 0.0390625
0 0.2578125 0.67421875 0.0375 0.04375
0 0.56171875 0.325 0.0359375 0.0359375
0 0.66875 0.50625 0.0390625 0.0546875
0 0.6078125 0.3890625 0.0421875 0.0359375
0 0.63046875 0.5078125 0.034375 0.04375
0 0.42734375 0.56015625 0.0328125 0.0390625
0 0.33203125 0.80234375 0.0375 0.0390625
0 0.40078125 0.6421875 0.03125 0.0390625
0 0.265625 0.3984375 0.0359375 0.0390625
0 0.778125 0.44296875 0.0390625 0.0546875
0 0.2796875 0.35546875 0.0390625 0.040625
0 0.6390625 0.61171875 0.0421875 0.0515625
0 0.50703125 0.4421875 0.015625 0.0234375
0 0.53515625 0.54453125 0.0203125 0.0203125
0 0.74453125 0.478125 0.0359375 0.0453125
0 0.4890625 0.4109375 0.01875 0.0234375
0 0.5515625 0.56171875 0.028125 0.0265625
0 0.27578125 0.63671875 0.0359375 0.04375
0 0.44375 0.44921875 0.021875 0.0203125
0 0.43046875 0.428125 0.0296875 0.0296875
0 0.4703125 0.390625 0.0296875 0.03125
0 0.26171875 0.54609375 0.0328125 0.046875
0 0.6796875 0.21484375 0.0453125 0.053125
0 0.26484375 0.5875 0.0359375 0.04375
0 0.43984375 0.52265625 0.0234375 0.0234375
0 0.48828125 0.596875 0.0234375 0.028125
0 0.7109375 0.6328125 0.0390625 0.034375
0 0.534375 0.46484375 0.021875 0.0171875
0 0.69765625 0.66875 0.0359375 0.040625
0 0.45 0.54609375 0.01875 0.021875
0 0.42109375 0.45546875 0.025 0.03125
0 0.50234375 0.62734375 0.028125 0.0359375
0 0.73984375 0.5203125 0.034375 0.0375
0 0.4359375 0.50078125 0.0203125 0.0265625
0 0.23046875 0.4125 0.0390625 0.0453125
0 0.45 0.353125 0.034375 0.0375
0 0.6328125 0.225 0.034375 0.0390625
0 0.5546875 0.49765625 0.0203125 0.0234375
0 0.64296875 0.37578125 0.0390625 0.046875
0 0.44609375 0.83046875 0.0296875 0.0375
0 0.72421875 0.59921875 0.0359375 0.0359375
0 0.41640625 0.48828125 0.025 0.03125
0 0.6625 0.43515625 0.0375 0.0515625
0 0.6234375 0.4296875 0.0359375 0.040625
0 0.48125 0.565625 0.0171875 0.021875
0 0.5875 0.5578125 0.0328125 0.0375
0 0.45546875 0.43125 0.021875 0.0203125
0 0.45390625 0.4671875 0.01875 0.01875
0 0.359375 0.4609375 0.034375 0.04375
0 0.7359375 0.3140625 0.0390625 0.046875
0 0.50859375 0.4140625 0.01875 0.0234375
0 0.23671875 0.3703125 0.0390625 0.0421875
0 0.56328125 0.53828125 0.0265625 0.028125
0 0.5390625 0.36015625 0.0328125 0.0390625
0 0.42734375 0.6625 0.0359375 0.0359375
0 0.4609375 0.5625 0.0234375 0.025
0 0.69140625 0.2953125 0.028125 0.0296875
0 0.5546875 0.46953125 0.0203125 0.025
0 0.29609375 0.23046875 0.0375 0.0375
0 0.578125 0.4859375 0.0296875 0.0265625
0 0.446875 0.40234375 0.0296875 0.0328125
0 0.54765625 0.521875 0.0203125 0.0265625
0 0.55703125 0.59921875 0.0359375 0.04375
0 0.325 0.18671875 0.046875 0.0453125
0 0.5140625 0.53515625 0.0203125 0.0203125
0 0.49921875 0.56640625 0.0171875 0.0234375
0 0.45703125 0.67265625 0.0296875 0.0390625
0 0.43671875 0.47265625 0.0203125 0.0234375
0 0.25390625 0.315625 0.0515625 0.040625
0 0.4640625 0.5953125 0.025 0.028125
0 0.57109375 0.5125 0.0265625 0.0296875
0 0.76875 0.3734375 0.053125 0.0578125
0 0.60390625 0.4625 0.0296875 0.034375
0 0.5390625 0.4484375 0.025 0.0203125
0 0.6078125 0.48125 0.028125 0.0296875
0 0.52109375 0.4484375 0.015625 0.021875
0 0.57265625 0.45546875 0.03125 0.03125
0 0.36171875 0.1640625 0.0390625 0.0328125
0 0.515625 0.55859375 0.0203125 0.021875