0 0.6703125 0.77890625 0.04375 0.059375
0 0.6359375 0.815625 0.0453125 0.0609375
0 0.359375 0.50859375 0.0375 0.0515625
0 0.60546875 0.14921875 0.046875 0.0578125
0 0.296875 0.7640625 0.0421875 0.0515625
0 0.34296875 0.24765625 0.0375 0.04375
0 0.3328125 0.43984375 0.0453125 0.053125
0 0.54296875 0.70859375 0.040625 0.0546875
0 0.33046875 0.49375 0.040625 0.0546875
0 0.5140625 0.665625 0.0328125 0.0421875
0 0.55703125 0.85703125 0.0453125 0.053125
0 0.334375 0.54765625 0.0390625 0.0515625
0 0.5375 0.16640625 0.040625 0.0421875
0 0.66328125 0.56171875 0.046875 0.0578125
0 0.515625 0.86484375 0.0421875 0.0484375
0 0.2734375 0.72109375 0.0390625 0.05
0 0.346875 0.60234375 0.0421875 0.0546875
0 0.4953125 0.38125 0.0265625 0.0359375
0 0.51796875 0.11640625 0.04375 0.046875
0 0.70234375 0.73828125 0.0421875 0.0609375
0 0.54609375 0.26796875 0.0453125 0.0484375
0 0.23125 0.56640625 0.0375 0.04375
0 0.37421875 0.4109375 0.0375 0.05
0 0.3625 0.3390625 0.04375 0.046875
0 0.39765625 0.6859375 0.04375 0.0484375
0 0.58359375 0.290625 0.0421875 0.05
0 0.4375 0.87421875 0.0390625 0.0515625
0 0.50390625 0.72109375 0.040625 0.05625
0 0.3953125 0.36328125 0.0359375 0.0453125
0 0.57890625 0.6921875 0.0390625 0.059375
0 0.34296875 0.38515625 0.04375 0.05
0 0.3203125 0.2828125 0.0390625 0.0453125
0 0.47578125 0.87421875 0.0390625 0.053125
0 0.571875 0.18203125 0.034375 0.0453125
0 0.39765625 0.296875 0.040625 0.0484375
0 0.5953125 0.78203125 0.034375 0.0484375
0 0.50625 0.30078125 0.034375 0.05
0 0.6453125 0.1765625 0.04375 0.0640625
0 0.50390625 0.25390625 0.0390625 0.0484375
0 0.5109375 0.34609375 0.034375 0.0453125
0 0.37109375 0.65234375 0.04375 0.053125
0 0.43203125 0.70703125 0.040625 0.046875
0 0.56484375 0.38671875 0.034375 0.04375
0 0.45390625 0.16484375 0.034375 0.040625
0 0.42578125 0.17890625 0.0328125 0.040625
0 0.396875 0.19765625 0.0359375 0.0484375
0 0.5609375 0.1265625 0.0484375 0.0546875
0 0.39921875 0.85390625 0.0390625 0.0453125
0 0.44296875 0.57890625 0.0265625 0.0296875
0 0.48046875 0.34140625 0.034375 0.0390625
0 0.36953125 0.221875 0.034375 0.046875
0 0.71171875 0.26875 0.0421875 0.053125
0 0.38125 0.6 0.0359375 0.046875
0 0.60546875 0.19921875 0.0375 0.0453125
0 0.2390625 0.61796875 0.0359375 0.0453125
0 0.4015625 0.56796875 0.034375 0.046875
0 0.2796875 0.35390625 0.0375 0.04375
0 0.3640625 0.83671875 0.0421875 0.0390625
0 0.5703125 0.64296875 0.040625 0.04375
0 0.73125 0.6984375 0.0453125 0.0625
0 0.3671875 0.553125 0.0328125 0.046875
0 0.3046875 0.71328125 0.0328125 0.04375
0 0.68046875 0.21484375 0.046875 0.0546875
0 0.5640625 0.7984375 0.034375 0.046875
0 0.621875 0.7671875 0.0390625 0.0421875
0 0.38515625 0.79921875 0.0390625 0.0484375
0 0.40078125 0.64140625 0.0328125 0.04375
0 0.59609375 0.8390625 0.04375 0.059375
0 0.4453125 0.31484375 0.0359375 0.0453125
0 0.46484375 0.25546875 0.0390625 0.04375
0 0.53828125 0.309375 0.034375 0.0515625
0 0.2265625 0.459375 0.034375 0.04375
0 0.76953125 0.5859375 0.0453125 0.0609375
0 0.778125 0.51328125 0.0390625 0.0609375
0 0.4640625 0.71875 0.040625 0.0515625
0 0.5921875 0.353125 0.034375 0.040625
0 0.665625 0.7140625 0.0359375 0.040625
0 0.4765625 0.115625 0.040625 0.0375
0 0.47890625 0.83359375 0.0390625 0.046875
0 0.61328125 0.3296875 0.040625 0.053125
0 0.5390625 0.36015625 0.034375 0.04375
0 0.42109375 0.33515625 0.034375 0.04375
0 0.528125 0.42890625 0.0234375 0.025
0 0.496875 0.16328125 0.0375 0.0484375
0 0.696875 0.66953125 0.0375 0.04375
0 0.3296875 0.80078125 0.0421875 0.0484375
0 0.3875 0.48359375 0.034375 0.04375
0 0.5375 0.81875 0.0359375 0.0421875
0 0.734375 0.4 0.034375 0.04375
0 0.51640625 0.38046875 0.0234375 0.0328125
0 0.7421875 0.43828125 0.0359375 0.04375
0 0.4375 0.11796875 0.0390625 0.0390625
0 0.42734375 0.66171875 0.0359375 0.04375
0 0.2578125 0.3171875 0.0453125 0.046875
0 0.43046875 0.27265625 0.0390625 0.046875
0 0.7359375 0.56171875 0.034375 0.04375
0 0.61328125 0.65703125 0.040625 0.059375
0 0.296875 0.315625 0.0375 0.040625
0 0.64375 0.61328125 0.0421875 0.0609375
0 0.41875 0.521875 0.025 0.0328125
0 0.471875 0.63125 0.0328125 0.046875
0 0.27578125 0.6359375 0.0375 0.0484375
0 0.259375 0.446875 0.034375 0.0421875
0 0.5859375 0.421875 0.034375 0.0421875
0 0.6703125 0.5046875 0.0421875 0.059375
0 0.2640625 0.58984375 0.0375 0.046875
0 0.2375 0.36953125 0.040625 0.0453125
0 0.64375 0.734375 0.0328125 0.0375
0 0.2890625 0.6765625 0.034375 0.0453125
0 0.4453125 0.61796875 0.0328125 0.0390625
0 0.4046875 0.4078125 0.0375 0.0421875
0 0.721875 0.3609375 0.0390625 0.0390625
0 0.22421875 0.5140625 0.0359375 0.040625
0 0.625 0.54609375 0.0375 0.046875
0 0.25625 0.4984375 0.034375 0.0484375
0 0.5328125 0.61640625 0.0328125 0.0390625
0 0.42578125 0.375 0.0359375 0.0375
0 0.44921875 0.3515625 0.0359375 0.0390625
0 0.4765625 0.30078125 0.0328125 0.04375
0 0.40078125 0.13984375 0.0421875 0.053125
0 0.54140625 0.4015625 0.0328125 0.0359375
0 0.33046875 0.74609375 0.034375 0.046875
0 0.2578125 0.6734375 0.0390625 0.0515625
0 0.63203125 0.46328125 0.0359375 0.0453125
0 0.39375 0.52578125 0.0359375 0.04375
0 0.42734375 0.56015625 0.0328125 0.040625
0 0.59140625 0.61171875 0.0359375 0.0359375
0 0.3921875 0.44296875 0.0328125 0.0375
0 0.6609375 0.253125 0.0390625 0.040625
0 0.48828125 0.675 0.034375 0.0421875
0 0.265625 0.39765625 0.034375 0.0421875
0 0.4171875 0.48828125 0.025 0.0328125
0 0.42578125 0.596875 0.034375 0.0359375
0 0.3625 0.1640625 0.04375 0.04375
0 0.44609375 0.8328125 0.03125 0.04375
0 0.35390625 0.77890625 0.0359375 0.0421875
0 0.584375 0.559375 0.0359375 0.0421875
0 0.74453125 0.47890625 0.034375 0.0484375
0 0.50234375 0.6265625 0.0296875 0.0375
0 0.740625 0.51953125 0.034375 0.040625
0 0.2609375 0.5453125 0.0328125 0.04375
0 0.6625 0.43515625 0.0390625 0.0546875
0 0.56015625 0.42890625 0.03125 0.03125
0 0.6109375 0.58046875 0.0375 0.04375
0 0.49296875 0.4375 0.01875 0.0265625
0 0.64375 0.371875 0.0421875 0.053125
0 0.53203125 0.575 0.028125 0.028125
0 0.60859375 0.38984375 0.040625 0.0390625
0 0.765625 0.371875 0.046875 0.05625
0 0.6890625 0.2953125 0.034375 0.0328125
0 0.6046875 0.51640625 0.03125 0.05
0 0.6328125 0.22578125 0.034375 0.0421875
0 0.42109375 0.45546875 0.0265625 0.034375
0 0.63046875 0.5046875 0.0328125 0.0390625
0 0.46953125 0.38984375 0.028125 0.0328125
0 0.4890625 0.59765625 0.025 0.03125
0 0.29765625 0.2296875 0.0390625 0.04375
0 0.5109375 0.59296875 0.0265625 0.03125
0 0.3609375 0.45859375 0.0390625 0.05
0 0.41796875 0.82578125 0.034375 0.0359375
0 0.5078125 0.415625 0.021875 0.025
0 0.54453125 0.65546875 0.03125 0.0390625
0 0.73515625 0.31328125 0.040625 0.046875
0 0.5625 0.3234375 0.0328125 0.0390625
0 0.44375 0.4484375 0.021875 0.0234375
0 0.60546875 0.4671875 0.034375 0.0484375
0 0.7046875 0.3296875 0.034375 0.0359375
0 0.4546875 0.46796875 0.01875 0.0203125
0 0.440625 0.52265625 0.025 0.0265625
0 0.43046875 0.4265625 0.03125 0.0328125
0 0.55078125 0.5609375 0.03125 0.0265625
0 0.71171875 0.63203125 0.0375 0.0390625
0 0.759375 0.6515625 0.0421875 0.0546875
0 0.23125 0.41171875 0.0375 0.0484375
0 0.725 0.5984375 0.0359375 0.0390625
0 0.45625 0.43046875 0.0234375 0.0234375
0 0.51484375 0.53515625 0.0203125 0.021875
0 0.50703125 0.44140625 0.0171875 0.025
0 0.43515625 0.49921875 0.0234375 0.025
0 0.4578125 0.671875 0.028125 0.0375
0 0.33046875 0.19296875 0.0421875 0.05
0 0.48125 0.5671875 0.0171875 0.0234375
0 0.77890625 0.44453125 0.0421875 0.05625
0 0.534375 0.46484375 0.021875 0.0171875
0 0.6234375 0.428125 0.0359375 0.0421875
0 0.534375 0.5453125 0.01875 0.0203125
0 0.5625 0.5375 0.028125 0.0296875
0 0.4890625 0.41328125 0.01875 0.0234375
0 0.37265625 0.87109375 0.03125 0.03125
0 0.446875 0.4015625 0.0296875 0.034375
0 0.2765625 0.27109375 0.04375 0.046875
0 0.5546875 0.46875 0.0203125 0.0265625
0 0.45 0.546875 0.021875 0.025
0 0.4640625 0.5953125 0.025 0.0296875
0 0.55546875 0.49765625 0.0203125 0.0265625