0 0.63515625 0.81640625 0.04375 0.0625
0 0.37109375 0.65078125 0.0421875 0.0515625
0 0.3421875 0.24921875 0.0359375 0.04375
0 0.296875 0.7640625 0.0421875 0.0546875
0 0.5421875 0.70859375 0.040625 0.05625
0 0.36328125 0.3390625 0.040625 0.046875
0 0.60546875 0.14765625 0.046875 0.0609375
0 0.51640625 0.86640625 0.04375 0.0515625
0 0.55703125 0.8578125 0.04375 0.05625
0 0.40078125 0.853125 0.0375 0.0421875
0 0.6453125 0.1765625 0.04375 0.0625
0 0.3984375 0.68359375 0.0421875 0.046875
0 0.3296875 0.8 0.0421875 0.05
0 0.475 0.11171875 0.0375 0.040625
0 0.3859375 0.79765625 0.0390625 0.05
0 0.33125 0.4921875 0.0390625 0.053125
0 0.34296875 0.38515625 0.0390625 0.0484375
0 0.23125 0.565625 0.0359375 0.04375
0 0.38203125 0.59921875 0.0359375 0.046875
0 0.67109375 0.778125 0.0421875 0.059375
0 0.359375 0.5078125 0.0390625 0.0515625
0 0.334375 0.546875 0.0390625 0.0578125
0 0.275 0.7203125 0.0390625 0.05
0 0.34765625 0.60390625 0.0421875 0.0546875
0 0.4390625 0.87578125 0.040625 0.053125
0 0.39921875 0.56875 0.0390625 0.046875
0 0.59453125 0.78359375 0.034375 0.0484375
0 0.51015625 0.34609375 0.0328125 0.046875
0 0.51875 0.1140625 0.0421875 0.0484375
0 0.74453125 0.4796875 0.0359375 0.0484375
0 0.62109375 0.76796875 0.0375 0.0421875
0 0.33203125 0.4375 0.0421875 0.0484375
0 0.36640625 0.83671875 0.0421875 0.0421875
0 0.37265625 0.41484375 0.0328125 0.046875
0 0.46484375 0.253125 0.0390625 0.040625
0 0.51484375 0.66484375 0.034375 0.04375
0 0.73515625 0.56171875 0.034375 0.0421875
0 0.5390625 0.36015625 0.0328125 0.0453125
0 0.42578125 0.17890625 0.0328125 0.040625
0 0.4546875 0.16484375 0.034375 0.040625
0 0.5046875 0.72421875 0.04375 0.0625
0 0.41875 0.51953125 0.0265625 0.0328125
0 0.4328125 0.70859375 0.040625 0.0484375
0 0.66640625 0.5609375 0.0515625 0.059375
0 0.50390625 0.253125 0.040625 0.046875
0 0.32109375 0.284375 0.0390625 0.046875
0 0.64296875 0.37109375 0.0421875 0.0515625
0 0.7625 0.36875 0.0421875 0.0515625
0 0.23984375 0.6171875 0.0375 0.04375
0 0.30546875 0.71015625 0.03125 0.0390625
0 0.56953125 0.63828125 0.0390625 0.0390625
0 0.396875 0.1953125 0.0359375 0.0453125
0 0.7015625 0.73828125 0.04375 0.0578125
0 0.59609375 0.840625 0.0484375 0.06875
0 0.66484375 0.71171875 0.034375 0.034375
0 0.38828125 0.48203125 0.0328125 0.0453125
0 0.49765625 0.1640625 0.0375 0.0453125
0 0.57890625 0.6890625 0.04375 0.0578125
0 0.240625 0.3671875 0.0359375 0.0390625
0 0.4765625 0.875 0.040625 0.0546875
0 0.61328125 0.6578125 0.046875 0.059375
0 0.71328125 0.26640625 0.0421875 0.0515625
0 0.63203125 0.50625 0.0359375 0.04375
0 0.54609375 0.26640625 0.04375 0.0484375
0 0.43828125 0.11484375 0.0375 0.05
0 0.478125 0.83125 0.034375 0.0421875
0 0.73125 0.6984375 0.04375 0.0625
0 0.40078125 0.63828125 0.0328125 0.04375
0 0.5828125 0.28984375 0.040625 0.0515625
0 0.5640625 0.7984375 0.034375 0.046875
0 0.4953125 0.3796875 0.025 0.0328125
0 0.29609375 0.23125 0.0390625 0.04375
0 0.28828125 0.6765625 0.0359375 0.0421875
0 0.59140625 0.353125 0.034375 0.0453125
0 0.7359375 0.31328125 0.040625 0.046875
0 0.4046875 0.4078125 0.0375 0.0453125
0 0.74140625 0.43671875 0.0328125 0.0421875
0 0.6046875 0.51640625 0.034375 0.05
0 0.50703125 0.29921875 0.03125 0.046875
0 0.60703125 0.38984375 0.04375 0.040625
0 0.428125 0.66171875 0.034375 0.046875
0 0.26484375 0.58984375 0.0359375 0.046875
0 0.25546875 0.315625 0.0390625 0.0421875
0 0.39609375 0.3625 0.0359375 0.046875
0 0.60546875 0.19765625 0.0375 0.04375
0 0.33046875 0.7453125 0.0359375 0.046875
0 0.2265625 0.46171875 0.0296875 0.0421875
0 0.7203125 0.35859375 0.0421875 0.0359375
0 0.48046875 0.34140625 0.034375 0.040625
0 0.35390625 0.7796875 0.0359375 0.040625
0 0.41796875 0.8265625 0.0359375 0.0390625
0 0.39609375 0.29609375 0.040625 0.05
0 0.76953125 0.58671875 0.0421875 0.0578125
0 0.58671875 0.42109375 0.034375 0.040625
0 0.5921875 0.6109375 0.034375 0.0359375
0 0.515625 0.3828125 0.025 0.0359375
0 0.2265625 0.51171875 0.03125 0.0359375
0 0.74140625 0.51796875 0.03125 0.0359375
0 0.47734375 0.30078125 0.0328125 0.04375
0 0.42734375 0.59609375 0.0359375 0.034375
0 0.36796875 0.5515625 0.03125 0.04375
0 0.5609375 0.42890625 0.0296875 0.028125
0 0.359375 0.4609375 0.034375 0.0484375
0 0.4015625 0.13125 0.0390625 0.0515625
0 0.36953125 0.22265625 0.0328125 0.0453125
0 0.42578125 0.378125 0.040625 0.0390625
0 0.42109375 0.334375 0.0359375 0.040625
0 0.53828125 0.16484375 0.0328125 0.0375
0 0.734375 0.3984375 0.03125 0.0390625
0 0.47421875 0.63046875 0.034375 0.0453125
0 0.58828125 0.55859375 0.0328125 0.040625
0 0.63203125 0.46328125 0.0359375 0.0421875
0 0.265625 0.3984375 0.034375 0.04375
0 0.43046875 0.2703125 0.040625 0.0453125
0 0.28125 0.35390625 0.0359375 0.040625
0 0.296875 0.31875 0.034375 0.04375
0 0.4265625 0.56015625 0.0328125 0.040625
0 0.44609375 0.31484375 0.0359375 0.0453125
0 0.23125 0.41171875 0.034375 0.046875
0 0.46640625 0.71796875 0.0375 0.046875
0 0.49375 0.4375 0.01875 0.0265625
0 0.4875 0.6734375 0.03125 0.0421875
0 0.39296875 0.4421875 0.0328125 0.0359375
0 0.39140625 0.52578125 0.0296875 0.040625
0 0.52890625 0.42890625 0.0234375 0.025
0 0.77890625 0.44296875 0.04375 0.05625
0 0.77734375 0.515625 0.034375 0.0578125
0 0.503125 0.62578125 0.0296875 0.0359375
0 0.43515625 0.5 0.025 0.0265625
0 0.54140625 0.40234375 0.0328125 0.0359375
0 0.3625 0.16484375 0.04375 0.0453125
0 0.53828125 0.81328125 0.0359375 0.0484375
0 0.25625 0.671875 0.0375 0.046875
0 0.3265625 0.1875 0.046875 0.0578125
0 0.5625 0.321875 0.034375 0.0421875
0 0.69765625 0.66875 0.0359375 0.0390625
0 0.45 0.3515625 0.034375 0.0390625
0 0.534375 0.54453125 0.01875 0.0203125
0 0.25234375 0.49609375 0.0328125 0.0375
0 0.62265625 0.42890625 0.034375 0.0375
0 0.53125 0.575 0.0265625 0.025
0 0.26015625 0.54765625 0.0328125 0.0421875
0 0.6609375 0.25234375 0.0359375 0.0359375
0 0.421875 0.4546875 0.028125 0.0375
0 0.54375 0.31484375 0.0390625 0.053125
0 0.44375 0.57734375 0.025 0.025
0 0.44765625 0.8296875 0.028125 0.0421875
0 0.7109375 0.63359375 0.0375 0.0390625
0 0.50703125 0.44375 0.015625 0.0234375
0 0.5515625 0.5609375 0.028125 0.028125
0 0.51640625 0.53359375 0.015625 0.01875
0 0.60859375 0.57734375 0.0390625 0.0421875
0 0.44375 0.44921875 0.0203125 0.021875
0 0.64296875 0.61484375 0.0421875 0.0640625
0 0.46953125 0.38984375 0.0296875 0.0328125
0 0.625 0.54609375 0.0359375 0.04375
0 0.44609375 0.61640625 0.0328125 0.0390625
0 0.72578125 0.59765625 0.03125 0.0328125
0 0.68046875 0.21640625 0.04375 0.059375
0 0.69375 0.29453125 0.0203125 0.025
0 0.5625 0.384375 0.034375 0.040625
0 0.26015625 0.44609375 0.034375 0.0375
0 0.615625 0.32890625 0.0359375 0.0515625
0 0.4171875 0.4875 0.0234375 0.03125
0 0.45859375 0.67265625 0.0265625 0.0390625
0 0.571875 0.18046875 0.034375 0.0375
0 0.56328125 0.12265625 0.04375 0.0453125
0 0.55546875 0.59765625 0.0375 0.05
0 0.43984375 0.52265625 0.0203125 0.0203125
0 0.603125 0.4625 0.03125 0.0421875
0 0.66796875 0.49609375 0.0375 0.0640625
0 0.6625 0.43359375 0.0375 0.053125
0 0.5453125 0.65390625 0.0296875 0.0421875
0 0.27578125 0.63828125 0.034375 0.04375
0 0.5328125 0.61640625 0.03125 0.0390625
0 0.37265625 0.8703125 0.03125 0.03125
0 0.63359375 0.225 0.0328125 0.0390625
0 0.27578125 0.27265625 0.040625 0.0453125
0 0.4546875 0.46796875 0.0171875 0.0203125
0 0.51171875 0.59296875 0.0296875 0.03125
0 0.5625 0.5375 0.028125 0.028125