0 0.29765625 0.7625 0.0421875 0.0515625
0 0.6046875 0.14765625 0.0453125 0.0609375
0 0.34296875 0.24921875 0.0375 0.04375
0 0.51484375 0.8640625 0.0453125 0.0546875
0 0.66953125 0.778125 0.0421875 0.059375
0 0.33125 0.49296875 0.0390625 0.0546875
0 0.63515625 0.815625 0.04375 0.0609375
0 0.3703125 0.65078125 0.0421875 0.0515625
0 0.30546875 0.71171875 0.03125 0.0453125
0 0.55703125 0.85703125 0.04375 0.053125
0 0.6453125 0.175 0.04375 0.0625
0 0.54453125 0.26640625 0.04375 0.0484375
0 0.3625 0.33828125 0.0421875 0.0484375
0 0.27421875 0.7203125 0.0375 0.05
0 0.4 0.853125 0.0390625 0.0421875
0 0.5046875 0.7234375 0.0421875 0.059375
0 0.33125 0.8 0.040625 0.05
0 0.33203125 0.440625 0.0421875 0.05
0 0.334375 0.54765625 0.0390625 0.0546875
0 0.4375 0.87578125 0.040625 0.0515625
0 0.5421875 0.71015625 0.0421875 0.059375
0 0.59453125 0.7828125 0.0359375 0.0484375
0 0.51796875 0.1171875 0.04375 0.0484375
0 0.3484375 0.60390625 0.04375 0.0578125
0 0.35859375 0.5078125 0.0375 0.0515625
0 0.66328125 0.56171875 0.046875 0.059375
0 0.3640625 0.83671875 0.04375 0.0421875
0 0.3734375 0.41171875 0.0359375 0.0515625
0 0.4640625 0.25390625 0.0390625 0.04375
0 0.73046875 0.6984375 0.0453125 0.059375
0 0.43359375 0.70625 0.040625 0.046875
0 0.396875 0.68515625 0.0421875 0.0484375
0 0.76953125 0.5875 0.04375 0.0625
0 0.38125 0.5984375 0.0359375 0.046875
0 0.5140625 0.6640625 0.03125 0.04375
0 0.496875 0.1625 0.0390625 0.0484375
0 0.51015625 0.34453125 0.0328125 0.046875
0 0.39609375 0.196875 0.0359375 0.0484375
0 0.615625 0.3296875 0.034375 0.053125
0 0.45390625 0.16640625 0.034375 0.040625
0 0.40078125 0.64140625 0.03125 0.0453125
0 0.58046875 0.290625 0.04375 0.0546875
0 0.384375 0.79765625 0.0421875 0.0453125
0 0.42578125 0.18046875 0.034375 0.0453125
0 0.23125 0.56640625 0.0375 0.0421875
0 0.3203125 0.28359375 0.0390625 0.046875
0 0.50390625 0.2546875 0.0390625 0.05
0 0.34296875 0.3859375 0.0421875 0.05
0 0.5703125 0.6421875 0.0390625 0.0421875
0 0.7015625 0.7390625 0.04375 0.059375
0 0.396875 0.296875 0.0421875 0.05
0 0.56328125 0.38671875 0.034375 0.0453125
0 0.28046875 0.35703125 0.0375 0.046875
0 0.57890625 0.6890625 0.04375 0.059375
0 0.26484375 0.39921875 0.0359375 0.046875
0 0.5078125 0.29921875 0.034375 0.0515625
0 0.478125 0.83203125 0.0359375 0.0453125
0 0.47578125 0.1125 0.0390625 0.0390625
0 0.7421875 0.4375 0.034375 0.0421875
0 0.2390625 0.61796875 0.0359375 0.0453125
0 0.39921875 0.56953125 0.0390625 0.0484375
0 0.465625 0.71875 0.0375 0.0484375
0 0.73359375 0.39921875 0.034375 0.04375
0 0.39140625 0.53125 0.03125 0.0421875
0 0.590625 0.353125 0.0359375 0.046875
0 0.39609375 0.3625 0.0375 0.0453125
0 0.5390625 0.36015625 0.0328125 0.04375
0 0.41875 0.51953125 0.0265625 0.034375
0 0.571875 0.18359375 0.0359375 0.046875
0 0.6671875 0.71328125 0.0359375 0.0359375
0 0.5359375 0.16484375 0.0390625 0.040625
0 0.56484375 0.8 0.034375 0.0484375
0 0.621875 0.76640625 0.0359375 0.0390625
0 0.47890625 0.8734375 0.0375 0.0515625
0 0.4171875 0.8234375 0.0328125 0.0359375
0 0.33046875 0.7453125 0.0359375 0.0453125
0 0.4953125 0.38203125 0.0265625 0.0390625
0 0.51640625 0.38203125 0.0234375 0.0359375
0 0.5953125 0.8390625 0.04375 0.0625
0 0.63046875 0.50859375 0.0359375 0.046875
0 0.50234375 0.628125 0.03125 0.0421875
0 0.7125 0.2671875 0.0421875 0.05625
0 0.5375 0.81953125 0.0359375 0.0453125
0 0.6171875 0.65859375 0.0484375 0.0609375
0 0.44296875 0.57890625 0.0265625 0.028125
0 0.6078125 0.390625 0.04375 0.0453125
0 0.296875 0.31640625 0.0390625 0.0453125
0 0.778125 0.5140625 0.0390625 0.059375
0 0.48828125 0.67421875 0.0328125 0.0421875
0 0.38828125 0.48203125 0.0359375 0.0453125
0 0.23203125 0.41171875 0.0328125 0.0515625
0 0.540625 0.4046875 0.0328125 0.040625
0 0.36171875 0.4609375 0.0390625 0.05
0 0.3671875 0.55234375 0.03125 0.046875
0 0.59296875 0.61328125 0.0359375 0.0421875
0 0.42265625 0.3359375 0.0328125 0.0421875
0 0.39453125 0.44375 0.0375 0.0390625
0 0.2734375 0.26953125 0.04375 0.04375
0 0.7359375 0.31328125 0.040625 0.0515625
0 0.58515625 0.421875 0.0359375 0.0421875
0 0.53203125 0.5765625 0.0265625 0.0265625
0 0.73671875 0.5609375 0.034375 0.0453125
0 0.48046875 0.340625 0.0328125 0.040625
0 0.42734375 0.66171875 0.034375 0.0390625
0 0.6453125 0.73671875 0.0390625 0.040625
0 0.64375 0.6140625 0.040625 0.0609375
0 0.44609375 0.834375 0.03125 0.046875
0 0.64296875 0.37109375 0.0421875 0.05
0 0.25703125 0.67421875 0.0390625 0.0546875
0 0.7625 0.37265625 0.04375 0.059375
0 0.53828125 0.30859375 0.0328125 0.05
0 0.66953125 0.5046875 0.0421875 0.053125
0 0.56171875 0.125 0.0421875 0.0515625
0 0.60546875 0.196875 0.0359375 0.0453125
0 0.471875 0.63125 0.0328125 0.0484375
0 0.28828125 0.67421875 0.0328125 0.04375
0 0.353125 0.778125 0.0359375 0.0390625
0 0.42578125 0.378125 0.0375 0.04375
0 0.2765625 0.6359375 0.0375 0.04375
0 0.2609375 0.45 0.0375 0.0453125
0 0.22578125 0.5140625 0.034375 0.040625
0 0.4375 0.1140625 0.0390625 0.05625
0 0.4265625 0.596875 0.034375 0.034375
0 0.29609375 0.23203125 0.0421875 0.046875
0 0.69765625 0.6671875 0.0359375 0.0421875
0 0.3609375 0.159375 0.0421875 0.0609375
0 0.44453125 0.31171875 0.034375 0.0453125
0 0.740625 0.51796875 0.028125 0.0359375
0 0.47734375 0.29921875 0.0328125 0.04375
0 0.7453125 0.4796875 0.0359375 0.05
0 0.22578125 0.46328125 0.0328125 0.04375
0 0.721875 0.36015625 0.0390625 0.0390625
0 0.6765625 0.2140625 0.0453125 0.053125
0 0.53359375 0.615625 0.03125 0.0390625
0 0.4046875 0.40546875 0.0359375 0.0421875
0 0.54453125 0.65625 0.0328125 0.0421875
0 0.625 0.54609375 0.0359375 0.046875
0 0.26484375 0.58984375 0.0359375 0.046875
0 0.66015625 0.25390625 0.0359375 0.04375
0 0.759375 0.65546875 0.040625 0.05
0 0.6328125 0.4625 0.0359375 0.040625
0 0.45 0.35234375 0.0359375 0.040625
0 0.56015625 0.4296875 0.03125 0.03125
0 0.4453125 0.6171875 0.03125 0.0359375
0 0.25859375 0.49765625 0.040625 0.046875
0 0.5875 0.559375 0.0328125 0.04375
0 0.60703125 0.51640625 0.0375 0.053125
0 0.71171875 0.63203125 0.0375 0.0390625
0 0.43046875 0.271875 0.0390625 0.04375
0 0.4578125 0.67421875 0.03125 0.0421875
0 0.7765625 0.44375 0.0390625 0.0578125
0 0.42265625 0.45546875 0.0296875 0.0375
0 0.36953125 0.2234375 0.03125 0.046875
0 0.56171875 0.31875 0.040625 0.046875
0 0.50625 0.44296875 0.0203125 0.0265625
0 0.2609375 0.54453125 0.03125 0.0421875
0 0.440625 0.52265625 0.025 0.025
0 0.528125 0.428125 0.0234375 0.0234375
0 0.44375 0.4484375 0.021875 0.0234375
0 0.25078125 0.3203125 0.0453125 0.05
0 0.515625 0.53359375 0.01875 0.01875
0 0.32578125 0.1875 0.0515625 0.0625
0 0.66171875 0.43359375 0.0375 0.053125
0 0.4703125 0.421875 0.021875 0.0265625
0 0.4359375 0.5 0.025 0.0265625
0 0.49296875 0.43828125 0.01875 0.028125
0 0.53515625 0.54453125 0.021875 0.021875
0 0.4 0.1390625 0.0421875 0.0515625
0 0.62265625 0.42890625 0.0359375 0.0375
0 0.2390625 0.3703125 0.034375 0.04375
0 0.428125 0.56015625 0.03125 0.040625
0 0.61015625 0.57890625 0.0390625 0.0484375
0 0.68359375 0.296875 0.0328125 0.0375
0 0.46953125 0.3890625 0.0296875 0.034375
0 0.41875 0.4875 0.0234375 0.03125
0 0.4359375 0.7390625 0.0328125 0.03125
0 0.43046875 0.4265625 0.028125 0.03125
0 0.48828125 0.59765625 0.025 0.03125
0 0.46328125 0.5953125 0.025 0.0296875
0 0.55078125 0.5609375 0.03125 0.028125
0 0.55859375 0.53359375 0.0359375 0.0359375
0 0.46640625 0.546875 0.03125 0.025
0 0.4546875 0.46875 0.015625 0.0203125
0 0.63359375 0.22265625 0.028125 0.03125