0 0.6026666671875 0.861946903125 0.612 0.8424778765625 0.6093333328125 0.8194690265625001 0.5933333328125 0.81238938125 0.5786666671875 0.8230088500000001 0.5733333328125 0.8371681421874999 0.576 0.861946903125 0.5813333328125 0.8672566375 0.6026666671875 0.861946903125
0 0.6533333328125 0.81238938125 0.6466666671875 0.7876106187499999 0.6306666671875 0.7876106187499999 0.616 0.8035398234375 0.6146666671875 0.8247787609375001 0.6226666671875 0.8407079640624999 0.64 0.8371681421874999 0.6533333328125 0.81238938125
0 0.6813333328125 0.7982300890625 0.6893333328125 0.7699115046875 0.6813333328125 0.7539823015625 0.6693333328125 0.7522123890625 0.6559999999999999 0.7646017703125 0.6506666671875 0.7787610625 0.6493333328124999 0.78938053125 0.6573333328125 0.81061946875 0.6706666671875 0.8088495578125 0.6813333328125 0.7982300890625
0 0.6186666671875 0.20353982343750002 0.616 0.18938053125 0.6093333328125 0.182300884375 0.5906666671874999 0.1858407078125 0.588 0.20176991093750002 0.5933333328125 0.21238938125 0.6106666671875 0.21769911562500002 0.6186666671875 0.20353982343750002
0 0.5866666671874999 0.173451328125 0.5773333328125 0.1628318578125 0.564 0.1646017703125 0.5573333328125 0.17699115 0.5559999999999999 0.1911504421875 0.572 0.2 0.5866666671874999 0.18761061875 0.5866666671874999 0.173451328125
0 0.6133333328125 0.17699115 0.624 0.161061946875 0.62 0.13451327500000002 0.6053333328125 0.12035398281250001 0.5893333328125 0.12212389374999999 0.5853333328125 0.1469026546875 0.5906666671874999 0.161061946875 0.6013333328125 0.17699115 0.6133333328125 0.17699115
0 0.3506666671875 0.5557522125000001 0.3493333328125 0.5380530968749999 0.3373333328125 0.5238938046875 0.3226666671875 0.527433628125 0.316 0.5415929203125 0.316 0.5592920359375 0.3293333328125 0.573451328125 0.344 0.5681415921874999 0.3506666671875 0.5557522125000001
0 0.344 0.48672566406250006 0.3346666671875 0.472566371875 0.324 0.4707964609375 0.312 0.48672566406250006 0.3093333328125 0.504424778125 0.3213333328125 0.52212389375 0.344 0.504424778125 0.344 0.48672566406250006
0 0.344 0.45663716875000004 0.348 0.43362831875 0.3386666671875 0.41946902656249996 0.3253333328125 0.41769911562499995 0.31466666718749997 0.42831858437500003 0.31066666718749997 0.4424778765625 0.3186666671875 0.46017699062500006 0.3306666671875 0.465486725 0.344 0.45663716875000004
0 0.38133333281250004 0.8814159296874999 0.38533333281250004 0.8690265484375 0.376 0.8530973453125 0.3546666671875 0.8637168140625 0.3573333328125 0.8725663718750001 0.36666666718749996 0.8814159296874999 0.38133333281250004 0.8814159296874999
0 0.4146666671875 0.865486725 0.41733333281249996 0.8460176984375 0.4026666671875 0.83362831875 0.3906666671875 0.8353982296875 0.38 0.849557521875 0.384 0.8796460171874999 0.4066666671875 0.8778761062499999 0.4146666671875 0.865486725
0 0.45599999999999996 0.8761061953124999 0.4533333328125 0.8584070796875001 0.44400000000000006 0.849557521875 0.4266666671875 0.8530973453125 0.42000000000000004 0.8637168140625 0.42000000000000004 0.8849557515625 0.4306666671875 0.8955752218749999 0.4493333328125 0.888495575 0.45599999999999996 0.8761061953124999
0 0.4933333328125 0.8761061953124999 0.4933333328125 0.861946903125 0.484 0.849557521875 0.47066666718750005 0.851327434375 0.45866666718750004 0.8690265484375 0.4573333328125 0.888495575 0.4653333328125 0.8973451328125 0.4853333328125 0.893805309375 0.4933333328125 0.8761061953124999
0 0.5373333328125 0.8707964609375001 0.5333333328125 0.85486725625 0.5213333328124999 0.8424778765625 0.5093333328125 0.8460176984375 0.49866666718749997 0.8601769906250001 0.5026666671875 0.888495575 0.528 0.8920353984375 0.5373333328125 0.8707964609375001
0 0.5733333328125 0.8584070796875001 0.572 0.8424778765625 0.5626666671875 0.8318584078125 0.548 0.83362831875 0.5386666671875 0.8460176984375 0.5373333328125 0.8707964609375001 0.548 0.8831858406249999 0.5626666671875 0.8796460171874999 0.5733333328125 0.8584070796875001
0 0.48266666718750006 0.7256637171875 0.4813333328125 0.7061946906250001 0.4693333328125 0.695575221875 0.4573333328125 0.6973451328125 0.44666666718750003 0.7150442484374999 0.44666666718750003 0.739823009375 0.4533333328125 0.7451327437499999 0.46799999999999997 0.74336283125 0.48266666718750006 0.7256637171875
0 0.52 0.7079646015625001 0.5133333328125 0.6973451328125 0.4933333328125 0.6973451328125 0.4853333328125 0.7132743359375 0.488 0.7451327437499999 0.5 0.750442478125 0.52 0.7362831859375001 0.52 0.7079646015625001
0 0.5586666671875 0.7026548671875 0.5519999999999999 0.6849557515625 0.536 0.683185840625 0.524 0.6973451328125 0.524 0.7327433625 0.5413333328125 0.7362831859375001 0.5519999999999999 0.727433628125 0.5586666671875 0.7026548671875
0 0.6253333328124999 0.57699115 0.612 0.5592920359375 0.5973333328125 0.5646017703124999 0.5933333328125 0.5752212390625 0.596 0.5929203546874999 0.6133333328125 0.6017699109375 0.6253333328124999 0.57699115
0 0.6586666671875 0.5946902656249999 0.644 0.5858407078125001 0.6333333328124999 0.5911504421875 0.624 0.6070796453125 0.624 0.626548671875 0.6386666671875 0.6424778765625 0.6559999999999999 0.626548671875 0.6586666671875 0.5946902656249999
0 0.6733333328125 0.5858407078125001 0.6799999999999999 0.5628318578125 0.6746666671875 0.5398230093749999 0.6599999999999999 0.534513275 0.644 0.5557522125000001 0.644 0.571681415625 0.6519999999999999 0.5858407078125001 0.6613333328125 0.5946902656249999 0.6733333328125 0.5858407078125001
0 0.37066666718749997 0.5309734515625 0.3573333328125 0.5309734515625 0.352 0.5380530968749999 0.3573333328125 0.5699115046875 0.368 0.571681415625 0.3786666671875 0.5592920359375 0.37066666718749997 0.5309734515625
0 0.37466666718749997 0.5150442484375 0.36266666718749996 0.48672566406250006 0.352 0.48672566406250006 0.3453333328125 0.49911504375 0.344 0.5097345125 0.3533333328125 0.5309734515625 0.37066666718749997 0.5238938046875 0.37466666718749997 0.5150442484375
0 0.316 0.7539823015625 0.3066666671875 0.7415929203125 0.29333333281249996 0.739823009375 0.2813333328125 0.7522123890625 0.27999999999999997 0.773451328125 0.29333333281249996 0.7911504421875 0.316 0.771681415625 0.316 0.7539823015625
0 0.3586666671875 0.3982300890625 0.3586666671875 0.3787610625 0.3506666671875 0.36637168125 0.33999999999999997 0.3628318578125 0.3266666671875 0.373451328125 0.3226666671875 0.384070796875 0.3253333328125 0.40176991093750003 0.348 0.4070796453125 0.3586666671875 0.3982300890625
0 0.38133333281250004 0.348672565625 0.3786666671875 0.3309734515625 0.3653333328125 0.316814159375 0.344 0.334513275 0.344 0.3469026546875 0.356 0.3628318578125 0.37333333281250003 0.3592920359375 0.38133333281250004 0.348672565625
0 0.25466666718750003 0.3646017703125 0.24666666718750002 0.350442478125 0.23333333281250002 0.3469026546875 0.2306666671875 0.3628318578125 0.2213333328125 0.373451328125 0.22000000000000003 0.38938053125 0.24 0.3911504421875 0.252 0.382300884375 0.25466666718750003 0.3646017703125
0 0.2706666671875 0.334513275 0.2733333328125 0.3150442484375 0.264 0.30088495625 0.24933333281249997 0.29557522187499996 0.24133333281249997 0.3079646015625 0.236 0.327433628125 0.24266666718750002 0.3362831859375 0.25466666718750003 0.3415929203125 0.2706666671875 0.334513275
0 0.31066666718749997 0.3097345125 0.30533333281249997 0.29911504375 0.29333333281249996 0.29734513281249997 0.2826666671875 0.3097345125 0.2826666671875 0.3292035390625 0.2906666671875 0.339823009375 0.3093333328125 0.32212389375 0.31066666718749997 0.3097345125
0 0.296 0.2761061953125 0.2813333328125 0.2530973453125 0.2706666671875 0.251327434375 0.264 0.261946903125 0.256 0.28318584062499996 0.272 0.29557522187499996 0.2826666671875 0.29557522187499996 0.296 0.2761061953125
0 0.3266666671875 0.2637168140625 0.316 0.261946903125 0.3066666671875 0.2707964609375 0.304 0.293805309375 0.312 0.304424778125 0.33199999999999996 0.2814159296875 0.3266666671875 0.2637168140625
0 0.3866666671875 0.65486725625 0.38533333281250004 0.6407079640625 0.37466666718749997 0.628318584375 0.36266666718749996 0.628318584375 0.3506666671875 0.638938053125 0.348 0.6530973453125 0.3573333328125 0.6761061953125 0.376 0.672566371875 0.3866666671875 0.65486725625
0 0.40533333281250006 0.43362831875 0.3933333328125 0.4247787609375 0.384 0.426548671875 0.37733333281250003 0.43716814218750005 0.376 0.451327434375 0.392 0.46194690312500003 0.40800000000000003 0.4460176984375 0.40533333281250006 0.43362831875
0 0.42133333281249996 0.41061946875000005 0.40933333281250006 0.38938053125 0.4 0.38938053125 0.3906666671875 0.4 0.38933333281250004 0.415929203125 0.40133333281250005 0.42831858437500003 0.41200000000000003 0.426548671875 0.42133333281249996 0.41061946875000005
0 0.42133333281249996 0.4761061953125 0.4066666671875 0.4743362828125 0.40533333281250006 0.50088495625 0.4226666671875 0.504424778125 0.42533333281249996 0.48495575156250004 0.42133333281249996 0.4761061953125
0 0.44266666718750003 0.42300885 0.43600000000000005 0.41061946875000005 0.4266666671875 0.41061946875000005 0.42000000000000004 0.41946902656249996 0.42000000000000004 0.4353982296875 0.42533333281249996 0.44070796406249996 0.44000000000000006 0.4353982296875 0.44266666718750003 0.42300885
0 0.4373333328125 0.3646017703125 0.42933333281249997 0.3575221234375 0.41600000000000004 0.3592920359375 0.4106666671875 0.3787610625 0.41733333281249996 0.3911504421875 0.4386666671875 0.38761061875 0.4373333328125 0.3646017703125
0 0.4613333328125 0.405309734375 0.45066666718750004 0.3858407078125 0.4373333328125 0.3982300890625 0.43600000000000005 0.40884955781250004 0.44266666718750003 0.41946902656249996 0.45199999999999996 0.41769911562499995 0.4613333328125 0.405309734375
0 0.46399999999999997 0.36637168125 0.46266666718750005 0.34513274374999997 0.45066666718750004 0.3327433625 0.43600000000000005 0.34336283125 0.4346666671875 0.3575221234375 0.44666666718750003 0.37699115 0.45466666718750004 0.3787610625 0.46399999999999997 0.36637168125
0 0.4933333328125 0.3362831859375 0.48666666718749996 0.327433628125 0.47466666718750006 0.3238938046875 0.46666666718750005 0.3292035390625 0.46399999999999997 0.34513274374999997 0.47066666718750005 0.361061946875 0.49066666718749996 0.3557522125 0.4933333328125 0.3362831859375
0 0.4773333328125 0.41061946875000005 0.4653333328125 0.40884955781250004 0.4613333328125 0.41415929218749997 0.4653333328125 0.42831858437500003 0.4773333328125 0.42831858437500003 0.4773333328125 0.41061946875000005
0 0.48266666718750006 0.40176991093750003 0.4813333328125 0.42123893749999997 0.496 0.42123893749999997 0.49733333281250003 0.4070796453125 0.48266666718750006 0.40176991093750003
0 0.5519999999999999 0.36637168125 0.544 0.3469026546875 0.532 0.3415929203125 0.524 0.348672565625 0.5213333328124999 0.3646017703125 0.5306666671875 0.37699115 0.548 0.3787610625 0.5519999999999999 0.36637168125
0 0.488 0.30619469062500004 0.4853333328125 0.2867256640625 0.472 0.28318584062499996 0.4613333328125 0.29557522187499996 0.4613333328125 0.311504425 0.4693333328125 0.3238938046875 0.484 0.31858407031249997 0.488 0.30619469062500004
0 0.5453333328125 0.3292035390625 0.548 0.29557522187499996 0.528 0.29203539843750004 0.5213333328124999 0.30088495625 0.5226666671875 0.32212389375 0.5346666671875 0.3309734515625 0.5453333328125 0.3292035390625
0 0.5773333328125 0.31858407031249997 0.568 0.30619469062500004 0.5506666671875 0.3132743359375 0.548 0.3292035390625 0.5546666671875 0.34513274374999997 0.576 0.327433628125 0.5773333328125 0.31858407031249997
0 0.596 0.311504425 0.6 0.29203539843750004 0.592 0.2707964609375 0.5746666671875 0.26548672500000003 0.564 0.27964601718750004 0.5626666671875 0.29026548750000003 0.5693333328125 0.30619469062500004 0.5826666671875 0.31858407031249997 0.596 0.311504425
0 0.30133333281249997 0.20707964531249998 0.2746666671875 0.238938053125 0.2733333328125 0.24778761093749999 0.3093333328125 0.2530973453125 0.3186666671875 0.23008849531250003 0.30133333281249997 0.20707964531249998
0 0.3546666671875 0.251327434375 0.3533333328125 0.2353982296875 0.3453333328125 0.22831858437500002 0.32799999999999996 0.2407079640625 0.3266666671875 0.25663716875000003 0.3333333328125 0.26902654843749996 0.3413333328125 0.26902654843749996 0.3546666671875 0.251327434375
0 0.46799999999999997 0.1681415921875 0.46666666718750005 0.1522123890625 0.45866666718750004 0.14513274375000002 0.44000000000000006 0.15929203593750002 0.44000000000000006 0.17876106249999998 0.44666666718750003 0.184070796875 0.46399999999999997 0.17699115 0.46799999999999997 0.1681415921875
0 0.4933333328125 0.139823009375 0.4813333328125 0.15398230156249998 0.4853333328125 0.17699115 0.508 0.173451328125 0.5053333328125 0.14336283125 0.4933333328125 0.139823009375
0 0.3506666671875 0.2 0.3413333328125 0.1699115046875 0.3066666671875 0.1982300890625 0.3093333328125 0.20884955781249998 0.3266666671875 0.21592920312500002 0.3426666671875 0.21238938125 0.3506666671875 0.2
0 0.372 0.14513274375000002 0.3386666671875 0.1681415921875 0.348 0.182300884375 0.36666666718749996 0.18938053125 0.3826666671875 0.17699115 0.372 0.14513274375000002
0 0.42000000000000004 0.1557522125 0.41733333281249996 0.12920353906249998 0.40933333281250006 0.1185840703125 0.3786666671875 0.138053096875 0.37333333281250003 0.14513274375000002 0.384 0.161061946875 0.41333333281250006 0.1628318578125 0.42000000000000004 0.1557522125
0 0.45466666718750004 0.14159292031249998 0.45466666718750004 0.11504424843750001 0.4493333328125 0.10442477812499999 0.42000000000000004 0.10796460156250001 0.41600000000000004 0.12212389374999999 0.4226666671875 0.13451327500000002 0.44266666718750003 0.14513274375000002 0.45466666718750004 0.14159292031249998
0 0.49466666718749996 0.13451327500000002 0.492 0.10088495625 0.45999999999999996 0.09911504374999999 0.45866666718750004 0.11150442499999999 0.46666666718750005 0.12920353906249998 0.48266666718750006 0.138053096875 0.49466666718749996 0.13451327500000002
0 0.5373333328125 0.1185840703125 0.532 0.10265486718750001 0.5093333328125 0.093805309375 0.5 0.09911504374999999 0.49866666718749997 0.12035398281250001 0.508 0.13451327500000002 0.5346666671875 0.14159292031249998 0.5373333328125 0.1185840703125
0 0.42933333281249997 0.48849557499999996 0.42533333281249996 0.493805309375 0.42800000000000005 0.511504425 0.44266666718750003 0.5079646015625 0.44000000000000006 0.4920353984375 0.42933333281249997 0.48849557499999996
0 0.44800000000000006 0.44070796406249996 0.43333333281249997 0.44070796406249996 0.43200000000000005 0.451327434375 0.4373333328125 0.46017699062500006 0.45199999999999996 0.45486725625 0.44800000000000006 0.44070796406249996
0 0.4493333328125 0.46194690312500003 0.44800000000000006 0.47787610625 0.45866666718750004 0.4796460171875 0.4613333328125 0.46194690312500003 0.4493333328125 0.46194690312500003
0 0.5173333328124999 0.5132743359374999 0.5226666671875 0.4973451328125 0.5186666671875 0.46725663749999996 0.5 0.4530973453125 0.47066666718750005 0.45486725625 0.45999999999999996 0.4761061953125 0.4573333328125 0.506194690625 0.48 0.534513275 0.504 0.527433628125 0.5173333328124999 0.5132743359374999
0 0.4653333328125 0.43893805312499995 0.45199999999999996 0.44778761093749997 0.45066666718750004 0.45840707968750005 0.4613333328125 0.46194690312500003 0.47066666718750005 0.4530973453125 0.4653333328125 0.43893805312499995
0 0.45999999999999996 0.41946902656249996 0.44666666718750003 0.42123893749999997 0.44400000000000006 0.4318584078125 0.44800000000000006 0.43893805312499995 0.46399999999999997 0.43716814218750005 0.45999999999999996 0.41946902656249996
0 0.48666666718749996 0.426548671875 0.484 0.4460176984375 0.49866666718749997 0.44778761093749997 0.5 0.43008849531250004 0.48666666718749996 0.426548671875
0 0.49866666718749997 0.43716814218750005 0.49866666718749997 0.449557521875 0.5133333328125 0.449557521875 0.5133333328125 0.43362831875 0.49866666718749997 0.43716814218750005
0 0.516 0.42123893749999997 0.5186666671875 0.43716814218750005 0.5346666671875 0.43362831875 0.5306666671875 0.41769911562499995 0.516 0.42123893749999997
0 0.42133333281249996 0.43893805312499995 0.40933333281250006 0.44778761093749997 0.41200000000000003 0.46902654843749997 0.4226666671875 0.4707964609375 0.4306666671875 0.45840707968750005 0.42133333281249996 0.43893805312499995
0 0.484 0.39292035468750003 0.4773333328125 0.3752212390625 0.46799999999999997 0.3752212390625 0.45999999999999996 0.384070796875 0.45866666718750004 0.39292035468750003 0.4653333328125 0.405309734375 0.4733333328125 0.405309734375 0.484 0.39292035468750003
0 0.5253333328124999 0.3699115046875 0.508 0.3699115046875 0.5066666671875 0.38761061875 0.5213333328124999 0.3964601765625 0.528 0.38053097343750003 0.5253333328124999 0.3699115046875
0 0.5466666671875 0.43893805312499995 0.5333333328125 0.43716814218750005 0.5293333328125 0.45486725625 0.5386666671875 0.46017699062500006 0.5493333328125 0.45486725625 0.5466666671875 0.43893805312499995
0 0.5533333328125 0.405309734375 0.5453333328125 0.38761061875 0.5293333328125 0.3964601765625 0.528 0.41238938125 0.5346666671875 0.41946902656249996 0.548 0.415929203125 0.5533333328125 0.405309734375
0 0.47066666718750005 0.5539823015625001 0.46666666718750005 0.548672565625 0.4533333328125 0.5522123890625 0.45199999999999996 0.5628318578125 0.4573333328125 0.5699115046875 0.4693333328125 0.571681415625 0.47066666718750005 0.5539823015625001
0 0.5066666671875 0.5522123890625 0.5106666671875 0.571681415625 0.524 0.5628318578125 0.52 0.5469026546875 0.5066666671875 0.5522123890625
0 0.5706666671875 0.5469026546875 0.5693333328125 0.5256637171875 0.5493333328125 0.5132743359374999 0.5386666671875 0.5150442484375 0.536 0.5292035390625001 0.5453333328125 0.5415929203125 0.5586666671875 0.550442478125 0.5706666671875 0.5469026546875
0 0.52 0.5079646015625 0.516 0.5203539828125 0.5306666671875 0.5238938046875 0.5333333328125 0.5132743359374999 0.52 0.5079646015625
0 0.564 0.4920353984375 0.5573333328125 0.48672566406250006 0.5466666671875 0.49557522187499997 0.5466666671875 0.506194690625 0.5546666671875 0.5132743359374999 0.564 0.50088495625 0.564 0.4920353984375
0 0.5426666671875 0.46194690312500003 0.528 0.45663716875000004 0.5226666671875 0.4637168140625 0.524 0.4743362828125 0.5413333328125 0.472566371875 0.5426666671875 0.46194690312500003
0 0.564 0.4743362828125 0.5559999999999999 0.45840707968750005 0.544 0.4637168140625 0.5426666671875 0.4743362828125 0.5493333328125 0.48318584062500003 0.5586666671875 0.48318584062500003 0.564 0.4743362828125
0 0.572 0.4353982296875 0.5706666671875 0.42123893749999997 0.5626666671875 0.41238938125 0.548 0.42123893749999997 0.5466666671875 0.4318584078125 0.5546666671875 0.4442477875 0.564 0.4442477875 0.572 0.4353982296875
0 0.5706666671875 0.40884955781250004 0.5786666671875 0.3982300890625 0.5786666671875 0.38053097343750003 0.5693333328125 0.36814159218750003 0.5546666671875 0.36814159218750003 0.5466666671875 0.3787610625 0.5519999999999999 0.3964601765625 0.5573333328125 0.405309734375 0.5706666671875 0.40884955781250004
0 0.45199999999999996 0.29557522187499996 0.4413333328125 0.29557522187499996 0.43200000000000005 0.3079646015625 0.43600000000000005 0.3327433625 0.45199999999999996 0.3309734515625 0.45999999999999996 0.3203539828125 0.45199999999999996 0.29557522187499996
0 0.5186666671875 0.316814159375 0.52 0.29557522187499996 0.5133333328125 0.28318584062499996 0.504 0.2814159296875 0.49066666718749996 0.29557522187499996 0.4893333328125 0.30619469062500004 0.496 0.3203539828125 0.5053333328125 0.3238938046875 0.5186666671875 0.316814159375
0 0.5173333328124999 0.27787610625000003 0.5213333328124999 0.249557521875 0.516 0.238938053125 0.49733333281250003 0.23008849531250003 0.48666666718749996 0.2407079640625 0.4853333328125 0.25663716875000003 0.49066666718749996 0.26902654843749996 0.5013333328125 0.27964601718750004 0.5173333328124999 0.27787610625000003
0 0.5613333328125 0.28318584062499996 0.564 0.2672566375 0.5546666671875 0.24778761093749999 0.5373333328125 0.24247787656250003 0.5293333328125 0.249557521875 0.5266666671875 0.2707964609375 0.5373333328125 0.2867256640625 0.5533333328125 0.29203539843750004 0.5613333328125 0.28318584062499996
0 0.43333333281249997 0.3415929203125 0.43333333281249997 0.3292035390625 0.42533333281249996 0.316814159375 0.41600000000000004 0.3150442484375 0.40533333281250006 0.327433628125 0.4026666671875 0.3415929203125 0.4106666671875 0.3557522125 0.4226666671875 0.3557522125 0.43333333281249997 0.3415929203125
0 0.45066666718750004 0.27964601718750004 0.44666666718750003 0.260176990625 0.4386666671875 0.251327434375 0.4146666671875 0.25663716875000003 0.41333333281250006 0.2761061953125 0.42533333281249996 0.293805309375 0.4386666671875 0.29557522187499996 0.45066666718750004 0.27964601718750004
0 0.484 0.2707964609375 0.484 0.2530973453125 0.4773333328125 0.238938053125 0.45599999999999996 0.2353982296875 0.4493333328125 0.24424778749999998 0.44800000000000006 0.260176990625 0.45599999999999996 0.2743362828125 0.472 0.2814159296875 0.484 0.2707964609375
0 0.504 0.371681415625 0.488 0.36814159218750003 0.48266666718750006 0.3752212390625 0.484 0.3911504421875 0.5013333328125 0.394690265625 0.504 0.371681415625
0 0.2813333328125 0.74336283125 0.2906666671875 0.727433628125 0.288 0.7061946906250001 0.27599999999999997 0.695575221875 0.2626666671875 0.70088495625 0.25466666718750003 0.711504425 0.256 0.7309734515625 0.264 0.74336283125 0.2813333328125 0.74336283125
0 0.37466666718749997 0.4707964609375 0.37333333281250003 0.451327434375 0.36 0.44070796406249996 0.3466666671875 0.4530973453125 0.3453333328125 0.46902654843749997 0.3506666671875 0.4814159296875 0.368 0.48672566406250006 0.37466666718749997 0.4707964609375
0 0.38533333281250004 0.42300885 0.3866666671875 0.4070796453125 0.38 0.39292035468750003 0.368 0.3911504421875 0.3586666671875 0.4035398234375 0.3586666671875 0.42300885 0.368 0.43362831875 0.376 0.43362831875 0.38533333281250004 0.42300885
0 0.5253333328124999 0.3415929203125 0.5133333328125 0.327433628125 0.496 0.3309734515625 0.496 0.3539823015625 0.504 0.3646017703125 0.52 0.3646017703125 0.5253333328124999 0.3415929203125
0 0.696 0.3097345125 0.6973333328125 0.29203539843750004 0.6866666671874999 0.27787610625000003 0.6693333328125 0.28495575156249997 0.6693333328125 0.30088495625 0.6759999999999999 0.3132743359375 0.688 0.316814159375 0.696 0.3097345125
0 0.732 0.28495575156249997 0.7253333328125 0.2530973453125 0.716 0.2407079640625 0.704 0.2407079640625 0.6933333328125 0.2584070796875 0.6933333328125 0.2761061953125 0.704 0.293805309375 0.7173333328125 0.29557522187499996 0.732 0.28495575156249997
0 0.6453333328124999 0.21592920312500002 0.64 0.20707964531249998 0.624 0.20530973437500002 0.6146666671875 0.21592920312500002 0.612 0.22300884999999998 0.624 0.238938053125 0.6426666671875 0.24247787656250003 0.6453333328124999 0.21592920312500002
0 0.6626666671875 0.1929203546875 0.6559999999999999 0.1575221234375 0.6466666671875 0.148672565625 0.628 0.1575221234375 0.6266666671875 0.1752212390625 0.6346666671875 0.1982300890625 0.6533333328125 0.20884955781249998 0.6626666671875 0.1929203546875
0 0.46799999999999997 0.661946903125 0.45866666718750004 0.65486725625 0.44400000000000006 0.661946903125 0.44266666718750003 0.67787610625 0.45066666718750004 0.693805309375 0.4693333328125 0.6884955749999999 0.46799999999999997 0.661946903125
0 0.5 0.6672566375 0.4893333328125 0.65663716875 0.4773333328125 0.660176990625 0.472 0.6672566375 0.476 0.6849557515625 0.49733333281250003 0.6884955749999999 0.5 0.6672566375
0 0.5293333328125 0.6690265484375 0.5213333328124999 0.649557521875 0.5093333328125 0.6477876109375 0.5013333328125 0.65663716875 0.5 0.6690265484375 0.5066666671875 0.683185840625 0.5173333328124999 0.6849557515625 0.5293333328125 0.6690265484375
0 0.5586666671875 0.7805309734375 0.5493333328125 0.7911504421875 0.5519999999999999 0.8141592921875 0.5786666671875 0.8141592921875 0.5746666671875 0.784070796875 0.5586666671875 0.7805309734375
0 0.6066666671875 0.7964601765625 0.608 0.7787610625 0.6 0.7646017703125 0.5893333328125 0.7628318578125 0.5786666671875 0.773451328125 0.5773333328125 0.7858407078125 0.584 0.8017699109375 0.592 0.805309734375 0.6066666671875 0.7964601765625
0 0.636 0.773451328125 0.632 0.7522123890625 0.624 0.7469026546875 0.6053333328125 0.7575221234375 0.604 0.76637168125 0.6133333328125 0.784070796875 0.628 0.784070796875 0.636 0.773451328125
0 0.244 0.6407079640625 0.2533333328125 0.6300884953125 0.25466666718750003 0.6123893812500001 0.24533333281249997 0.5982300890625 0.22799999999999998 0.5982300890625 0.22400000000000003 0.605309734375 0.2253333328125 0.6353982296875 0.2306666671875 0.6424778765625 0.244 0.6407079640625
0 0.3493333328125 0.8017699109375 0.3453333328125 0.7876106187499999 0.3333333328125 0.7787610625 0.324 0.7787610625 0.3133333328125 0.7929203546875 0.31066666718749997 0.8141592921875 0.3213333328125 0.8265486718749999 0.3373333328125 0.8230088500000001 0.3493333328125 0.8017699109375
0 0.41600000000000004 0.6849557515625 0.41333333281250006 0.6743362828125 0.4 0.6637168140624999 0.38533333281250004 0.6690265484375 0.3786666671875 0.6814159296875 0.38 0.704424778125 0.388 0.7097345125000001 0.40800000000000003 0.7026548671875 0.41600000000000004 0.6849557515625
0 0.7266666671875 0.6407079640625 0.72 0.615929203125 0.7026666671874999 0.617699115625 0.6973333328125 0.6247787609375 0.696 0.6407079640625 0.7013333328125 0.649557521875 0.7173333328125 0.649557521875 0.7266666671875 0.6407079640625
0 0.7773333328125 0.6530973453125 0.7733333328125 0.628318584375 0.7666666671875 0.62300885 0.7586666671875 0.62300885 0.74 0.6407079640625 0.7386666671875 0.661946903125 0.7506666671875 0.683185840625 0.768 0.6743362828125 0.7773333328125 0.6530973453125
0 0.7186666671874999 0.5787610625 0.712 0.58761061875 0.7133333328125 0.6123893812500001 0.7373333328125 0.6070796453125 0.7346666671875 0.582300884375 0.7186666671874999 0.5787610625
0 0.7826666671875 0.617699115625 0.7826666671875 0.5681415921874999 0.7653333328125 0.5628318578125 0.7533333328125 0.57699115 0.752 0.6 0.76 0.617699115625 0.772 0.62300885 0.7826666671875 0.617699115625
0 0.24533333281249997 0.41061946875000005 0.23866666718750001 0.3964601765625 0.2293333328125 0.3911504421875 0.2173333328125 0.394690265625 0.21200000000000002 0.43008849531250004 0.22799999999999998 0.4353982296875 0.24266666718750002 0.426548671875 0.24533333281249997 0.41061946875000005
0 0.2786666671875 0.3964601765625 0.2773333328125 0.38761061875 0.2666666671875 0.3787610625 0.2506666671875 0.39292035468750003 0.252 0.41238938125 0.26 0.42123893749999997 0.268 0.42123893749999997 0.2786666671875 0.3964601765625
0 0.2826666671875 0.3362831859375 0.268 0.34336283125 0.2666666671875 0.3699115046875 0.2786666671875 0.38053097343750003 0.29333333281249996 0.3522123890625 0.2826666671875 0.3362831859375
0 0.3186666671875 0.7061946906250001 0.3066666671875 0.6902654874999999 0.292 0.69911504375 0.2946666671875 0.727433628125 0.3093333328125 0.7362831859375001 0.32 0.7168141593749999 0.3186666671875 0.7061946906250001
0 0.5973333328125 0.6884955749999999 0.5946666671874999 0.672566371875 0.5866666671874999 0.665486725 0.5746666671875 0.665486725 0.5613333328125 0.6814159296875 0.5599999999999999 0.7061946906250001 0.572 0.7185840703124999 0.5906666671874999 0.7079646015625001 0.5973333328125 0.6884955749999999
0 0.5573333328125 0.649557521875 0.5506666671875 0.638938053125 0.5346666671875 0.6371681421875001 0.5293333328125 0.6442477875 0.5306666671875 0.6672566375 0.544 0.6761061953125 0.5559999999999999 0.6707964609375 0.5573333328125 0.649557521875
0 0.584 0.6460176984375 0.584 0.6318584078125 0.5733333328125 0.6212389375 0.5559999999999999 0.628318584375 0.5533333328125 0.638938053125 0.5599999999999999 0.6584070796875 0.576 0.6584070796875 0.584 0.6460176984375
0 0.7373333328125 0.3787610625 0.7213333328125 0.39292035468750003 0.72 0.4035398234375 0.7293333328125 0.42123893749999997 0.7493333328125 0.4035398234375 0.7373333328125 0.3787610625
0 0.3826666671875 0.22123893749999998 0.37066666718749997 0.2 0.36 0.20353982343750002 0.3546666671875 0.21415929218750002 0.3533333328125 0.23185840781249997 0.3613333328125 0.24247787656250003 0.37733333281250003 0.23362831874999998 0.3826666671875 0.22123893749999998
0 0.40933333281250006 0.20353982343750002 0.404 0.17876106249999998 0.3946666671875 0.17699115 0.3826666671875 0.1858407078125 0.38 0.20707964531249998 0.384 0.21769911562500002 0.4 0.21592920312500002 0.40933333281250006 0.20353982343750002
0 0.24533333281249997 0.5752212390625 0.24533333281249997 0.5628318578125 0.236 0.5469026546875 0.2146666671875 0.550442478125 0.2133333328125 0.5787610625 0.2186666671875 0.58761061875 0.23333333281250002 0.58761061875 0.24533333281249997 0.5752212390625
0 0.4146666671875 0.29203539843750004 0.404 0.2743362828125 0.38 0.28495575156249997 0.3826666671875 0.3097345125 0.3973333328125 0.31858407031249997 0.41200000000000003 0.3132743359375 0.4146666671875 0.29203539843750004
0 0.3653333328125 0.6070796453125 0.3573333328125 0.5840707968750001 0.3453333328125 0.57699115 0.3293333328125 0.5911504421875 0.3293333328125 0.6088495578125 0.3386666671875 0.6247787609375 0.3573333328125 0.626548671875 0.3653333328125 0.6070796453125
0 0.38933333281250004 0.5840707968750001 0.37466666718749997 0.5787610625 0.3653333328125 0.58938053125 0.368 0.6123893812500001 0.3826666671875 0.626548671875 0.3933333328125 0.6017699109375 0.38933333281250004 0.5840707968750001
0 0.4413333328125 0.7256637171875 0.44800000000000006 0.70088495625 0.4413333328125 0.6884955749999999 0.42800000000000005 0.683185840625 0.41333333281250006 0.6973451328125 0.41200000000000003 0.7185840703124999 0.4186666671875 0.7327433625 0.4346666671875 0.7327433625 0.4413333328125 0.7256637171875
0 0.5453333328125 0.148672565625 0.5346666671875 0.14513274375000002 0.5213333328124999 0.15929203593750002 0.52 0.17699115 0.5466666671875 0.182300884375 0.5506666671875 0.15929203593750002 0.5453333328125 0.148672565625
0 0.5813333328125 0.12212389374999999 0.5746666671875 0.10973451249999999 0.5546666671875 0.10088495625 0.5453333328125 0.1132743359375 0.5533333328125 0.150442478125 0.5706666671875 0.1557522125 0.58 0.14513274375000002 0.5813333328125 0.12212389374999999
0 0.4066666671875 0.38053097343750003 0.40933333281250006 0.3592920359375 0.4 0.34336283125 0.392 0.34336283125 0.38 0.3575221234375 0.3786666671875 0.371681415625 0.3866666671875 0.3858407078125 0.392 0.38938053125 0.4066666671875 0.38053097343750003
0 0.4386666671875 0.17699115 0.43200000000000005 0.15929203593750002 0.42133333281249996 0.15929203593750002 0.4106666671875 0.171681415625 0.40933333281250006 0.1858407078125 0.41600000000000004 0.1982300890625 0.42933333281249997 0.194690265625 0.4386666671875 0.17699115
0 0.37733333281250003 0.849557521875 0.38133333281250004 0.8300884953125 0.37333333281250003 0.8194690265625001 0.3586666671875 0.8159292031250001 0.3426666671875 0.8371681421874999 0.3426666671875 0.849557521875 0.352 0.861946903125 0.3613333328125 0.8637168140625 0.37733333281250003 0.849557521875
0 0.632 0.6407079640625 0.6146666671875 0.628318584375 0.596 0.6477876109375 0.5986666671875 0.6814159296875 0.612 0.683185840625 0.6266666671875 0.6690265484375 0.632 0.6407079640625
0 0.4146666671875 0.5415929203125 0.42533333281249996 0.5238938046875 0.41600000000000004 0.5079646015625 0.38 0.5185840703125 0.3786666671875 0.5380530968749999 0.392 0.550442478125 0.404 0.5398230093749999 0.4146666671875 0.5415929203125
0 0.404 0.4814159296875 0.396 0.46725663749999996 0.38533333281250004 0.4637168140625 0.37466666718749997 0.4743362828125 0.37333333281250003 0.4920353984375 0.38 0.49911504375 0.40133333281250005 0.4973451328125 0.404 0.4814159296875
0 0.45599999999999996 0.8141592921875 0.43333333281249997 0.8176991156250001 0.43600000000000005 0.8460176984375 0.45199999999999996 0.8530973453125 0.45999999999999996 0.8318584078125 0.45599999999999996 0.8141592921875
0 0.496 0.8300884953125 0.4893333328125 0.8159292031250001 0.47066666718750005 0.81061946875 0.46399999999999997 0.8194690265625001 0.4613333328125 0.8371681421874999 0.46799999999999997 0.8477876109375 0.4933333328125 0.8442477875 0.496 0.8300884953125
0 0.6 0.41238938125 0.5866666671874999 0.4 0.5746666671875 0.405309734375 0.5746666671875 0.4318584078125 0.5906666671874999 0.4442477875 0.6013333328125 0.4247787609375 0.6 0.41238938125
0 0.6053333328125 0.348672565625 0.596 0.3362831859375 0.5773333328125 0.34336283125 0.5746666671875 0.361061946875 0.584 0.3752212390625 0.6026666671875 0.3646017703125 0.6053333328125 0.348672565625
0 0.6226666671875 0.3964601765625 0.624 0.384070796875 0.616 0.371681415625 0.6053333328125 0.3699115046875 0.5973333328125 0.37699115 0.5933333328125 0.38761061875 0.5973333328125 0.4035398234375 0.6146666671875 0.4070796453125 0.6226666671875 0.3964601765625
0 0.632 0.34336283125 0.632 0.3238938046875 0.6226666671875 0.3079646015625 0.6093333328125 0.3026548671875 0.5973333328125 0.316814159375 0.5973333328125 0.334513275 0.612 0.3557522125 0.6213333328124999 0.3592920359375 0.632 0.34336283125
0 0.5519999999999999 0.8283185843749999 0.5466666671875 0.8035398234375 0.5373333328125 0.7982300890625 0.5226666671875 0.8035398234375 0.52 0.8194690265625001 0.5293333328125 0.83362831875 0.5426666671875 0.8353982296875 0.5519999999999999 0.8283185843749999
0 0.6599999999999999 0.739823009375 0.6506666671875 0.7203539828125 0.6413333328124999 0.7185840703124999 0.628 0.7292035390625 0.6266666671875 0.7451327437499999 0.636 0.7557522125 0.6546666671875 0.7522123890625 0.6599999999999999 0.739823009375
0 0.6773333328125 0.704424778125 0.6666666671875 0.693805309375 0.6519999999999999 0.70088495625 0.6493333328124999 0.7185840703124999 0.6653333328125 0.7362831859375001 0.6799999999999999 0.7168141593749999 0.6773333328125 0.704424778125
0 0.41733333281249996 0.573451328125 0.4146666671875 0.5592920359375 0.404 0.550442478125 0.3906666671875 0.561061946875 0.38933333281250004 0.5787610625 0.3986666671875 0.58938053125 0.40800000000000003 0.58938053125 0.41733333281249996 0.573451328125
0 0.4373333328125 0.5522123890625 0.4266666671875 0.5415929203125 0.41600000000000004 0.54513274375 0.41200000000000003 0.5557522125000001 0.41733333281249996 0.571681415625 0.43333333281249997 0.5787610625 0.4373333328125 0.5522123890625
0 0.42533333281249996 0.5150442484375 0.41733333281249996 0.5079646015625 0.40533333281250006 0.511504425 0.40533333281250006 0.5362831859375 0.42000000000000004 0.5380530968749999 0.42533333281249996 0.5309734515625 0.42533333281249996 0.5150442484375
0 0.24 0.5132743359374999 0.23199999999999998 0.4973451328125 0.2186666671875 0.493805309375 0.2093333328125 0.49911504375 0.2093333328125 0.5327433625 0.22400000000000003 0.5362831859375 0.236 0.527433628125 0.24 0.5132743359374999
0 0.23733333281250002 0.4530973453125 0.22400000000000003 0.44070796406249996 0.21200000000000002 0.4460176984375 0.20800000000000002 0.4761061953125 0.22000000000000003 0.48495575156250004 0.23333333281250002 0.47787610625 0.23733333281250002 0.4530973453125
0 0.6706666671875 0.26902654843749996 0.6746666671875 0.260176990625 0.6719999999999999 0.24247787656250003 0.6533333328125 0.2371681421875 0.6426666671875 0.251327434375 0.6453333328124999 0.261946903125 0.6533333328125 0.272566371875 0.6706666671875 0.26902654843749996
0 0.6973333328125 0.24247787656250003 0.7026666671874999 0.22123893749999998 0.692 0.1964601765625 0.6813333328125 0.18761061875 0.6653333328125 0.194690265625 0.6613333328125 0.21592920312500002 0.6679999999999999 0.2353982296875 0.6813333328125 0.24424778749999998 0.6973333328125 0.24247787656250003
0 0.7373333328125 0.361061946875 0.732 0.348672565625 0.7186666671874999 0.34336283125 0.7106666671874999 0.3522123890625 0.708 0.3699115046875 0.716 0.384070796875 0.736 0.37699115 0.7373333328125 0.361061946875
0 0.3986666671875 0.7929203546875 0.3906666671875 0.7805309734375 0.37466666718749997 0.7787610625 0.368 0.7911504421875 0.3693333328125 0.8141592921875 0.38 0.8212389375000001 0.3986666671875 0.8070796453125 0.3986666671875 0.7929203546875
0 0.41333333281250006 0.6318584078125 0.40133333281250005 0.6212389375 0.388 0.626548671875 0.388 0.6477876109375 0.4066666671875 0.661946903125 0.4146666671875 0.6442477875 0.41333333281250006 0.6318584078125
0 0.7506666671875 0.573451328125 0.7506666671875 0.5539823015625001 0.7426666671875 0.54336283125 0.7306666671875 0.54513274375 0.7226666671875 0.5557522125000001 0.7213333328125 0.571681415625 0.7266666671875 0.5787610625 0.7373333328125 0.582300884375 0.7506666671875 0.573451328125
0 0.756 0.5292035390625001 0.7506666671875 0.506194690625 0.7306666671875 0.5079646015625 0.728 0.5292035390625001 0.732 0.5362831859375 0.744 0.5398230093749999 0.756 0.5292035390625001
0 0.7906666671875 0.50088495625 0.78 0.4902654875 0.7626666671875 0.4973451328125 0.7586666671875 0.527433628125 0.78 0.550442478125 0.792 0.527433628125 0.7906666671875 0.50088495625
0 0.2626666671875 0.4707964609375 0.2666666671875 0.4318584078125 0.24533333281249997 0.43362831875 0.24133333281249997 0.4424778765625 0.244 0.4637168140625 0.24933333281249997 0.4707964609375 0.2626666671875 0.4707964609375
0 0.7506666671875 0.6902654874999999 0.7426666671875 0.672566371875 0.728 0.672566371875 0.7133333328125 0.6867256640625 0.712 0.711504425 0.7226666671875 0.7309734515625 0.7413333328125 0.7150442484374999 0.7506666671875 0.6902654874999999
0 0.7186666671874999 0.7292035390625 0.712 0.7150442484374999 0.7 0.7132743359375 0.6826666671875 0.7362831859375001 0.6813333328125 0.750442478125 0.6933333328125 0.771681415625 0.7106666671874999 0.7575221234375 0.7186666671874999 0.7292035390625
0 0.6053333328125 0.6106194687500001 0.592 0.5946902656249999 0.5773333328125 0.605309734375 0.576 0.615929203125 0.5866666671874999 0.6318584078125 0.6013333328125 0.6247787609375 0.6053333328125 0.6106194687500001
0 0.47466666718750006 0.58938053125 0.4693333328125 0.582300884375 0.4533333328125 0.5858407078125001 0.45199999999999996 0.5982300890625 0.4573333328125 0.6070796453125 0.47466666718750006 0.6070796453125 0.47466666718750006 0.58938053125
0 0.49466666718749996 0.5858407078125001 0.48 0.5840707968750001 0.4773333328125 0.6035398234375 0.4933333328125 0.6106194687500001 0.49866666718749997 0.5982300890625 0.49466666718749996 0.5858407078125001
0 0.5133333328125 0.57699115 0.49866666718749997 0.582300884375 0.5013333328125 0.6035398234375 0.5173333328124999 0.6017699109375 0.5213333328124999 0.5911504421875 0.5133333328125 0.57699115
0 0.564 0.5628318578125 0.5573333328125 0.550442478125 0.5466666671875 0.5469026546875 0.5386666671875 0.5539823015625001 0.5373333328125 0.5663716812499999 0.544 0.57699115 0.5626666671875 0.571681415625 0.564 0.5628318578125
0 0.5973333328125 0.550442478125 0.5893333328125 0.5415929203125 0.576 0.54513274375 0.5706666671875 0.5575221234375001 0.5706666671875 0.573451328125 0.5826666671875 0.5840707968750001 0.5973333328125 0.5646017703124999 0.5973333328125 0.550442478125
0 0.6413333328124999 0.550442478125 0.632 0.5256637171875 0.6186666671875 0.527433628125 0.612 0.5362831859375 0.612 0.5539823015625001 0.6213333328124999 0.5663716812499999 0.632 0.5646017703124999 0.6413333328124999 0.550442478125
0 0.6133333328125 0.50088495625 0.6013333328125 0.49557522187499997 0.5906666671874999 0.5097345125 0.5933333328125 0.5362831859375 0.6106666671875 0.5362831859375 0.616 0.52212389375 0.6133333328125 0.50088495625
0 0.644 0.511504425 0.6426666671875 0.4973451328125 0.636 0.48849557499999996 0.6213333328124999 0.493805309375 0.6173333328124999 0.50088495625 0.62 0.5203539828125 0.6346666671875 0.5256637171875 0.644 0.511504425
0 0.6853333328125 0.5185840703125 0.6826666671875 0.48318584062500003 0.6613333328125 0.4814159296875 0.6546666671875 0.48849557499999996 0.6519999999999999 0.5079646015625 0.6559999999999999 0.52212389375 0.6759999999999999 0.534513275 0.6853333328125 0.5185840703125
0 0.43600000000000005 0.6477876109375 0.4226666671875 0.6424778765625 0.41200000000000003 0.649557521875 0.41600000000000004 0.6761061953125 0.4386666671875 0.6796460171875001 0.4413333328125 0.661946903125 0.43600000000000005 0.6477876109375
0 0.45466666718750004 0.6318584078125 0.45866666718750004 0.6106194687500001 0.4533333328125 0.6017699109375 0.44266666718750003 0.6 0.43200000000000005 0.6106194687500001 0.43200000000000005 0.626548671875 0.4386666671875 0.6353982296875 0.44666666718750003 0.638938053125 0.45466666718750004 0.6318584078125
0 0.48666666718749996 0.638938053125 0.48666666718749996 0.6247787609375 0.476 0.6106194687500001 0.46799999999999997 0.6106194687500001 0.45866666718750004 0.6212389375 0.4573333328125 0.63362831875 0.4653333328125 0.649557521875 0.472 0.651327434375 0.48666666718749996 0.638938053125
0 0.516 0.6318584078125 0.5146666671875 0.617699115625 0.508 0.6106194687500001 0.49066666718749996 0.617699115625 0.488 0.6318584078125 0.49466666718749996 0.6460176984375 0.5066666671875 0.6460176984375 0.516 0.6318584078125
0 0.5453333328125 0.6212389375 0.544 0.6088495578125 0.5346666671875 0.6 0.5186666671875 0.6106194687500001 0.516 0.6194690265625 0.524 0.6353982296875 0.5333333328125 0.6353982296875 0.5453333328125 0.6212389375
0 0.44266666718750003 0.5946902656249999 0.42533333281249996 0.5787610625 0.4146666671875 0.582300884375 0.40800000000000003 0.5946902656249999 0.4066666671875 0.605309734375 0.4186666671875 0.617699115625 0.42933333281249997 0.6141592921875 0.44266666718750003 0.5946902656249999
0 0.4493333328125 0.5699115046875 0.4386666671875 0.5663716812499999 0.43200000000000005 0.573451328125 0.4386666671875 0.5982300890625 0.45066666718750004 0.5946902656249999 0.4533333328125 0.57699115 0.4493333328125 0.5699115046875
0 0.272 0.672566371875 0.264 0.65486725625 0.2573333328125 0.649557521875 0.24133333281249997 0.6530973453125 0.23733333281250002 0.6761061953125 0.24666666718750002 0.70088495625 0.272 0.6884955749999999 0.272 0.672566371875
0 0.3 0.6884955749999999 0.3 0.665486725 0.2906666671875 0.65486725625 0.27599999999999997 0.661946903125 0.2733333328125 0.6796460171875001 0.2773333328125 0.6920353984375 0.2906666671875 0.69911504375 0.3 0.6884955749999999
0 0.7106666671874999 0.672566371875 0.704 0.651327434375 0.692 0.6477876109375 0.6826666671875 0.65486725625 0.6799999999999999 0.672566371875 0.688 0.6867256640625 0.6973333328125 0.6884955749999999 0.7106666671874999 0.672566371875
0 0.54 0.5858407078125001 0.5386666671875 0.5681415921874999 0.5306666671875 0.5628318578125 0.52 0.5681415921874999 0.5173333328124999 0.5787610625 0.524 0.5911504421875 0.5333333328125 0.5929203546874999 0.54 0.5858407078125001
0 0.7186666671874999 0.339823009375 0.7173333328125 0.3238938046875 0.708 0.3132743359375 0.6986666671874999 0.311504425 0.688 0.3238938046875 0.6866666671874999 0.3327433625 0.6946666671874999 0.350442478125 0.7066666671874999 0.350442478125 0.7186666671874999 0.339823009375
0 0.7546666671875 0.3292035390625 0.752 0.3026548671875 0.744 0.29026548750000003 0.7346666671875 0.288495575 0.72 0.304424778125 0.7186666671874999 0.3203539828125 0.724 0.334513275 0.736 0.34513274374999997 0.7546666671875 0.3292035390625
0 0.2773333328125 0.5858407078125001 0.2693333328125 0.5699115046875 0.2506666671875 0.5787610625 0.24933333281249997 0.5982300890625 0.25866666718750003 0.6141592921875 0.27599999999999997 0.605309734375 0.2773333328125 0.5858407078125001
0 0.2533333328125 0.5256637171875 0.24533333281249997 0.5327433625 0.24666666718750002 0.5646017703124999 0.268 0.5681415921874999 0.2666666671875 0.5292035390625001 0.2533333328125 0.5256637171875
0 0.5906666671874999 0.48849557499999996 0.584 0.4707964609375 0.5666666671875 0.4814159296875 0.5666666671875 0.4920353984375 0.5786666671875 0.49911504375 0.5853333328125 0.49911504375 0.5906666671874999 0.48849557499999996
0 0.6453333328124999 0.472566371875 0.6413333328124999 0.451327434375 0.62 0.451327434375 0.6186666671875 0.4743362828125 0.6253333328124999 0.48318584062500003 0.6386666671875 0.48495575156250004 0.6453333328124999 0.472566371875
0 0.6386666671875 0.4318584078125 0.6373333328124999 0.42123893749999997 0.6266666671875 0.40884955781250004 0.6093333328125 0.42123893749999997 0.608 0.4318584078125 0.6146666671875 0.4460176984375 0.6333333328124999 0.4424778765625 0.6386666671875 0.4318584078125
0 0.6733333328125 0.46194690312500003 0.6773333328125 0.42831858437500003 0.6719999999999999 0.41061946875000005 0.6653333328125 0.405309734375 0.6533333328125 0.41238938125 0.644 0.4247787609375 0.648 0.45486725625 0.6573333328125 0.4637168140625 0.6733333328125 0.46194690312500003
0 0.76 0.472566371875 0.7546666671875 0.46017699062500006 0.7426666671875 0.45840707968750005 0.732 0.46902654843749997 0.7306666671875 0.48318584062500003 0.7426666671875 0.49911504375 0.7573333328125 0.48849557499999996 0.76 0.472566371875
0 0.2666666671875 0.4973451328125 0.2613333328125 0.4814159296875 0.248 0.47787610625 0.24 0.48849557499999996 0.23866666718750001 0.5026548671875 0.24666666718750002 0.5203539828125 0.264 0.5185840703125 0.2666666671875 0.4973451328125
0 0.7573333328125 0.4318584078125 0.752 0.42300885 0.7373333328125 0.41946902656249996 0.7306666671875 0.426548671875 0.7293333328125 0.4460176984375 0.7346666671875 0.45840707968750005 0.7533333328125 0.4530973453125 0.7573333328125 0.4318584078125
0 0.784 0.41946902656249996 0.7786666671875 0.41415929218749997 0.7586666671875 0.4318584078125 0.7613333328125 0.465486725 0.7866666671875 0.4707964609375 0.7893333328125001 0.4424778765625 0.784 0.41946902656249996
0 0.288 0.626548671875 0.2813333328125 0.617699115625 0.2666666671875 0.6194690265625 0.2613333328125 0.628318584375 0.2613333328125 0.6442477875 0.2706666671875 0.660176990625 0.2893333328125 0.649557521875 0.288 0.626548671875
0 0.344 0.7592920359375 0.33999999999999997 0.7362831859375001 0.3293333328125 0.727433628125 0.3173333328125 0.7327433625 0.31466666718749997 0.750442478125 0.3186666671875 0.7628318578125 0.3373333328125 0.7699115046875 0.344 0.7592920359375
0 0.6559999999999999 0.3982300890625 0.6573333328125 0.3646017703125 0.6466666671875 0.350442478125 0.6386666671875 0.3469026546875 0.624 0.361061946875 0.6253333328124999 0.38938053125 0.6333333328124999 0.4035398234375 0.6453333328124999 0.4070796453125 0.6559999999999999 0.3982300890625
0 0.4306666671875 0.8194690265625001 0.42000000000000004 0.8070796453125 0.4026666671875 0.8070796453125 0.40133333281250005 0.8300884953125 0.42133333281249996 0.8477876109375 0.4306666671875 0.8353982296875 0.4306666671875 0.8194690265625001
0 0.3693333328125 0.7876106187499999 0.368 0.773451328125 0.3573333328125 0.7610619468750001 0.3413333328125 0.7646017703125 0.33999999999999997 0.782300884375 0.352 0.8 0.36266666718749996 0.8017699109375 0.3693333328125 0.7876106187499999
0 0.47466666718750006 0.534513275 0.4573333328125 0.5415929203125 0.45466666718750004 0.5575221234375001 0.45866666718750004 0.5646017703124999 0.48266666718750006 0.5539823015625001 0.47466666718750006 0.534513275
0 0.5226666671875 0.5292035390625001 0.5106666671875 0.52212389375 0.5026666671875 0.5362831859375 0.49733333281250003 0.534513275 0.5 0.5469026546875 0.5066666671875 0.548672565625 0.5186666671875 0.54336283125 0.5226666671875 0.5292035390625001
0 0.7773333328125 0.3628318578125 0.768 0.3469026546875 0.7626666671875 0.34513274374999997 0.7453333328125 0.361061946875 0.744 0.384070796875 0.7546666671875 0.405309734375 0.78 0.4 0.7773333328125 0.3628318578125