0 0.6703125 0.77890625 0.04375 0.059375
0 0.60546875 0.1484375 0.046875 0.059375
0 0.5578125 0.8578125 0.046875 0.0546875
0 0.6359375 0.81484375 0.04375 0.059375
0 0.35859375 0.5078125 0.0390625 0.05
0 0.29765625 0.76484375 0.0421875 0.0515625
0 0.334375 0.5484375 0.040625 0.0546875
0 0.42578125 0.1796875 0.0328125 0.04375
0 0.66328125 0.5625 0.046875 0.059375
0 0.51640625 0.8640625 0.0421875 0.0515625
0 0.58359375 0.290625 0.0421875 0.05
0 0.5046875 0.2546875 0.040625 0.0515625
0 0.3625 0.33984375 0.04375 0.046875
0 0.3328125 0.44140625 0.04375 0.05
0 0.48046875 0.3421875 0.0328125 0.040625
0 0.50390625 0.71953125 0.040625 0.0515625
0 0.64453125 0.17578125 0.046875 0.0609375
0 0.6140625 0.65859375 0.0453125 0.059375
0 0.346875 0.60234375 0.0421875 0.0546875
0 0.27421875 0.72109375 0.0375 0.0515625
0 0.5421875 0.709375 0.040625 0.05625
0 0.3421875 0.24921875 0.0375 0.04375
0 0.33125 0.49296875 0.040625 0.053125
0 0.37265625 0.41484375 0.034375 0.046875
0 0.3984375 0.68515625 0.040625 0.046875
0 0.34296875 0.38671875 0.04375 0.05
0 0.546875 0.2671875 0.0453125 0.0484375
0 0.59453125 0.7828125 0.034375 0.05
0 0.50625 0.30078125 0.034375 0.0484375
0 0.43203125 0.7078125 0.04375 0.046875
0 0.51875 0.11640625 0.04375 0.046875
0 0.76953125 0.58671875 0.04375 0.059375
0 0.4765625 0.11484375 0.0390625 0.040625
0 0.4 0.8546875 0.0390625 0.0453125
0 0.23046875 0.56640625 0.0359375 0.0421875
0 0.5703125 0.6421875 0.0375 0.0390625
0 0.36875 0.65 0.04375 0.053125
0 0.509375 0.34453125 0.03125 0.04375
0 0.39609375 0.19765625 0.0375 0.046875
0 0.5140625 0.66484375 0.03125 0.040625
0 0.778125 0.5140625 0.0390625 0.0625
0 0.53671875 0.165625 0.0390625 0.040625
0 0.60546875 0.2 0.0375 0.0453125
0 0.47578125 0.87578125 0.040625 0.053125
0 0.70234375 0.7390625 0.04375 0.0578125
0 0.39765625 0.29609375 0.04375 0.05
0 0.2796875 0.35390625 0.0375 0.0390625
0 0.5640625 0.3859375 0.034375 0.0453125
0 0.3203125 0.28203125 0.0359375 0.0453125
0 0.571875 0.18203125 0.0359375 0.046875
0 0.240625 0.61875 0.0375 0.04375
0 0.51640625 0.38125 0.0234375 0.034375
0 0.67890625 0.2140625 0.0453125 0.053125
0 0.4953125 0.38046875 0.025 0.0328125
0 0.38515625 0.7984375 0.0390625 0.0484375
0 0.265625 0.39921875 0.034375 0.046875
0 0.45390625 0.16640625 0.0328125 0.0390625
0 0.49609375 0.16328125 0.0390625 0.0484375
0 0.44296875 0.57890625 0.0265625 0.0296875
0 0.5953125 0.8375 0.04375 0.05625
0 0.62109375 0.76640625 0.0375 0.040625
0 0.3046875 0.71328125 0.0328125 0.046875
0 0.4390625 0.1140625 0.040625 0.05
0 0.7421875 0.4390625 0.034375 0.04375
0 0.47890625 0.8328125 0.0390625 0.046875
0 0.665625 0.71328125 0.0359375 0.0390625
0 0.3296875 0.8 0.0390625 0.046875
0 0.29609375 0.315625 0.0390625 0.0421875
0 0.53359375 0.6171875 0.0328125 0.0375
0 0.38203125 0.60078125 0.0359375 0.0484375
0 0.71171875 0.2671875 0.04375 0.0515625
0 0.25546875 0.49765625 0.0328125 0.046875
0 0.734375 0.39921875 0.0375 0.04375
0 0.3625 0.8375 0.0453125 0.04375
0 0.4875 0.6734375 0.0328125 0.0421875
0 0.578125 0.6890625 0.04375 0.0578125
0 0.3703125 0.221875 0.034375 0.0453125
0 0.64296875 0.6125 0.0421875 0.05625
0 0.54140625 0.40234375 0.03125 0.0359375
0 0.39453125 0.36328125 0.0359375 0.04375
0 0.56328125 0.12578125 0.0484375 0.05625
0 0.5921875 0.353125 0.0359375 0.04375
0 0.22578125 0.46171875 0.03125 0.040625
0 0.53828125 0.309375 0.03125 0.053125
0 0.46484375 0.7203125 0.0390625 0.0515625
0 0.584375 0.56015625 0.0359375 0.040625
0 0.46484375 0.259375 0.0375 0.046875
0 0.2640625 0.590625 0.0359375 0.046875
0 0.43828125 0.87421875 0.040625 0.046875
0 0.3671875 0.55234375 0.03125 0.04375
0 0.41796875 0.52109375 0.0265625 0.034375
0 0.63203125 0.465625 0.0359375 0.0421875
0 0.2359375 0.36953125 0.0390625 0.0453125
0 0.50234375 0.628125 0.0296875 0.0390625
0 0.56328125 0.8015625 0.034375 0.046875
0 0.35390625 0.78046875 0.0375 0.0421875
0 0.73125 0.696875 0.046875 0.059375
0 0.5859375 0.42265625 0.034375 0.040625
0 0.40546875 0.4078125 0.0375 0.04375
0 0.6046875 0.51640625 0.034375 0.05
0 0.3953125 0.52578125 0.0390625 0.0453125
0 0.47265625 0.6296875 0.03125 0.04375
0 0.4296875 0.27265625 0.0375 0.046875
0 0.5390625 0.3609375 0.0328125 0.04375
0 0.42109375 0.33515625 0.0375 0.04375
0 0.5375 0.8171875 0.0359375 0.04375
0 0.4765625 0.30078125 0.0328125 0.0453125
0 0.62578125 0.546875 0.0359375 0.0453125
0 0.4015625 0.56875 0.034375 0.046875
0 0.73515625 0.56171875 0.0359375 0.04375
0 0.33046875 0.746875 0.0359375 0.046875
0 0.25703125 0.6734375 0.0390625 0.053125
0 0.42578125 0.37578125 0.0390625 0.0359375
0 0.6078125 0.38984375 0.04375 0.0390625
0 0.42109375 0.45546875 0.0265625 0.034375
0 0.61015625 0.5796875 0.0390625 0.04375
0 0.615625 0.32890625 0.0375 0.0515625
0 0.29609375 0.23125 0.04375 0.0453125
0 0.66015625 0.253125 0.0375 0.0390625
0 0.42734375 0.56015625 0.0328125 0.0421875
0 0.42734375 0.66328125 0.034375 0.0390625
0 0.55234375 0.56171875 0.03125 0.0296875
0 0.49296875 0.4375 0.0203125 0.0265625
0 0.446875 0.8328125 0.03125 0.04375
0 0.5921875 0.61171875 0.034375 0.0359375
0 0.69609375 0.6703125 0.0359375 0.0453125
0 0.44609375 0.31484375 0.0359375 0.04375
0 0.40078125 0.140625 0.0421875 0.0453125
0 0.6703125 0.50390625 0.04375 0.0609375
0 0.72265625 0.3625 0.0375 0.040625
0 0.225 0.51328125 0.034375 0.040625
0 0.74453125 0.478125 0.0375 0.05
0 0.740625 0.51875 0.03125 0.0390625
0 0.44453125 0.61796875 0.03125 0.0375
0 0.38828125 0.4828125 0.0328125 0.0421875
0 0.44921875 0.35234375 0.0359375 0.0421875
0 0.528125 0.428125 0.021875 0.0234375
0 0.40078125 0.6421875 0.03125 0.04375
0 0.54453125 0.65546875 0.0328125 0.040625
0 0.70625 0.33046875 0.0359375 0.040625
0 0.63203125 0.225 0.0359375 0.04375
0 0.46953125 0.38984375 0.028125 0.0328125
0 0.53515625 0.54453125 0.021875 0.021875
0 0.66171875 0.43515625 0.0390625 0.0546875
0 0.63046875 0.50625 0.0328125 0.0421875
0 0.27578125 0.63671875 0.0375 0.0453125
0 0.359375 0.4625 0.034375 0.0484375
0 0.42578125 0.596875 0.034375 0.034375
0 0.53203125 0.575 0.0265625 0.028125
0 0.7359375 0.31328125 0.0390625 0.0515625
0 0.44375 0.4484375 0.021875 0.0234375
0 0.259375 0.4484375 0.0375 0.0421875
0 0.64375 0.7328125 0.034375 0.0390625
0 0.4171875 0.48828125 0.025 0.0328125
0 0.28828125 0.67421875 0.034375 0.04375
0 0.2484375 0.31796875 0.04375 0.0453125
0 0.2609375 0.54765625 0.0328125 0.0453125
0 0.51015625 0.59296875 0.028125 0.03125
0 0.78125 0.44453125 0.046875 0.05625
0 0.23125 0.4109375 0.0359375 0.046875
0 0.56015625 0.43046875 0.03125 0.0359375
0 0.50703125 0.44296875 0.01875 0.0265625
0 0.71171875 0.63203125 0.0390625 0.0421875
0 0.5625 0.3234375 0.0328125 0.0390625
0 0.43984375 0.52265625 0.021875 0.025
0 0.4890625 0.59765625 0.0234375 0.0296875
0 0.3921875 0.44296875 0.0328125 0.0390625
0 0.41875 0.82578125 0.034375 0.0375
0 0.4578125 0.6734375 0.0296875 0.0390625
0 0.6875 0.29609375 0.034375 0.034375
0 0.76171875 0.65 0.0421875 0.0515625
0 0.5078125 0.41484375 0.0203125 0.025
0 0.62265625 0.43046875 0.0390625 0.04375
0 0.48203125 0.56640625 0.0203125 0.0265625
0 0.48984375 0.41328125 0.0203125 0.025
0 0.43515625 0.5 0.025 0.025
0 0.4640625 0.5953125 0.0265625 0.03125
0 0.534375 0.46484375 0.021875 0.0171875
0 0.45625 0.43125 0.0234375 0.021875
0 0.72421875 0.5984375 0.0359375 0.0359375
0 0.5578125 0.59765625 0.0375 0.046875
0 0.64375 0.3734375 0.0421875 0.0546875
0 0.32734375 0.18828125 0.0453125 0.0484375
0 0.559375 0.5328125 0.03125 0.0328125
0 0.43046875 0.4265625 0.0296875 0.03125
0 0.446875 0.40234375 0.0296875 0.034375
0 0.76328125 0.375 0.0421875 0.0546875
0 0.45390625 0.46796875 0.015625 0.0203125
0 0.5140625 0.534375 0.021875 0.0203125
0 0.4609375 0.56328125 0.025 0.025
0 0.43515625 0.740625 0.03125 0.028125
0 0.60390625 0.46484375 0.03125 0.0421875
0 0.55390625 0.46953125 0.0203125 0.0265625
0 0.43671875 0.47265625 0.021875 0.0234375