0 0.63515625 0.815625 0.04375 0.059375
0 0.6703125 0.77890625 0.04375 0.059375
0 0.371875 0.65234375 0.04375 0.05
0 0.3328125 0.440625 0.04375 0.0484375
0 0.27421875 0.7203125 0.0375 0.046875
0 0.60546875 0.15 0.0453125 0.05625
0 0.57109375 0.6421875 0.0375 0.040625
0 0.30546875 0.71171875 0.03125 0.0421875
0 0.5421875 0.70703125 0.0390625 0.05
0 0.5046875 0.25390625 0.0390625 0.0484375
0 0.334375 0.54921875 0.040625 0.053125
0 0.515625 0.865625 0.0421875 0.05
0 0.39765625 0.684375 0.0421875 0.04375
0 0.33125 0.49453125 0.0390625 0.0515625
0 0.37265625 0.41484375 0.034375 0.0453125
0 0.55546875 0.85703125 0.0453125 0.053125
0 0.50390625 0.71875 0.0390625 0.05
0 0.44375 0.57890625 0.0265625 0.0265625
0 0.50625 0.3015625 0.034375 0.046875
0 0.346875 0.603125 0.0421875 0.0515625
0 0.40234375 0.5671875 0.0359375 0.0390625
0 0.7703125 0.5875 0.040625 0.059375
0 0.34296875 0.3859375 0.0421875 0.0453125
0 0.3984375 0.85390625 0.0375 0.040625
0 0.66328125 0.5609375 0.04375 0.053125
0 0.359375 0.50703125 0.0359375 0.046875
0 0.240625 0.6203125 0.0375 0.0421875
0 0.46484375 0.71875 0.0390625 0.046875
0 0.60546875 0.19921875 0.0375 0.04375
0 0.47578125 0.875 0.040625 0.05
0 0.71171875 0.26875 0.0421875 0.053125
0 0.5953125 0.8390625 0.04375 0.059375
0 0.296875 0.76328125 0.0390625 0.046875
0 0.36640625 0.33984375 0.0421875 0.04375
0 0.51015625 0.34453125 0.03125 0.0421875
0 0.5140625 0.66484375 0.03125 0.0390625
0 0.54609375 0.2671875 0.04375 0.05
0 0.4375 0.8734375 0.0375 0.0453125
0 0.38125 0.60078125 0.0359375 0.04375
0 0.665625 0.71328125 0.0359375 0.0359375
0 0.4953125 0.38125 0.0265625 0.0328125
0 0.43359375 0.7078125 0.040625 0.046875
0 0.5859375 0.42265625 0.034375 0.0390625
0 0.56484375 0.79921875 0.0328125 0.040625
0 0.58046875 0.290625 0.0421875 0.046875
0 0.62265625 0.7671875 0.0359375 0.0390625
0 0.45390625 0.165625 0.0359375 0.0375
0 0.47578125 0.11328125 0.0390625 0.03125
0 0.603125 0.51640625 0.03125 0.0421875
0 0.51796875 0.11484375 0.04375 0.04375
0 0.23046875 0.56484375 0.0375 0.04375
0 0.47890625 0.8328125 0.0375 0.04375
0 0.471875 0.6296875 0.03125 0.04375
0 0.5171875 0.38046875 0.021875 0.028125
0 0.425 0.17890625 0.034375 0.040625
0 0.54453125 0.6546875 0.0328125 0.0359375
0 0.22734375 0.46171875 0.03125 0.0390625
0 0.59453125 0.78125 0.0328125 0.04375
0 0.365625 0.8375 0.040625 0.0390625
0 0.34296875 0.24765625 0.0375 0.040625
0 0.39609375 0.19765625 0.0359375 0.046875
0 0.39609375 0.29609375 0.0421875 0.046875
0 0.53671875 0.165625 0.0390625 0.0390625
0 0.70234375 0.7375 0.040625 0.0546875
0 0.5796875 0.69140625 0.040625 0.0546875
0 0.5921875 0.3515625 0.034375 0.0375
0 0.48046875 0.3421875 0.034375 0.0375
0 0.5328125 0.6171875 0.0328125 0.0359375
0 0.3203125 0.2828125 0.0375 0.0453125
0 0.4765625 0.3015625 0.0328125 0.0421875
0 0.64296875 0.17578125 0.04375 0.0578125
0 0.5640625 0.3859375 0.034375 0.0421875
0 0.2578125 0.67421875 0.0375 0.046875
0 0.41796875 0.5203125 0.028125 0.03125
0 0.7359375 0.56171875 0.034375 0.0421875
0 0.4046875 0.40703125 0.0359375 0.0390625
0 0.39609375 0.3625 0.034375 0.0421875
0 0.33125 0.74921875 0.0328125 0.04375
0 0.6125 0.6578125 0.04375 0.05625
0 0.54140625 0.4015625 0.03125 0.0375
0 0.53203125 0.575 0.0265625 0.028125
0 0.42578125 0.596875 0.034375 0.03125
0 0.571875 0.18125 0.034375 0.040625
0 0.38984375 0.5265625 0.03125 0.040625
0 0.56171875 0.325 0.0359375 0.0390625
0 0.3875 0.48203125 0.034375 0.040625
0 0.778125 0.51484375 0.0390625 0.0578125
0 0.3859375 0.7984375 0.0375 0.0453125
0 0.3671875 0.5515625 0.0296875 0.04375
0 0.296875 0.31796875 0.0359375 0.0375
0 0.5921875 0.61171875 0.034375 0.0359375
0 0.4453125 0.31484375 0.0359375 0.0421875
0 0.33125 0.79921875 0.0390625 0.0421875
0 0.528125 0.42890625 0.021875 0.021875
0 0.2796875 0.35546875 0.0375 0.040625
0 0.63125 0.50546875 0.0328125 0.0375
0 0.62421875 0.54609375 0.0375 0.0453125
0 0.4375 0.11875 0.0390625 0.0375
0 0.48828125 0.67421875 0.034375 0.0390625
0 0.6421875 0.7359375 0.0328125 0.034375
0 0.56015625 0.43046875 0.0296875 0.0328125
0 0.73203125 0.69765625 0.04375 0.05625
0 0.41875 0.8265625 0.0359375 0.0375
0 0.4453125 0.61796875 0.03125 0.0359375
0 0.4640625 0.253125 0.0390625 0.0375
0 0.49296875 0.4375 0.01875 0.0265625
0 0.2359375 0.3671875 0.0421875 0.0453125
0 0.73359375 0.4 0.03125 0.0390625
0 0.42109375 0.3359375 0.034375 0.040625
0 0.6390625 0.6109375 0.0421875 0.0515625
0 0.35390625 0.7796875 0.034375 0.0390625
0 0.53828125 0.8171875 0.0359375 0.0390625
0 0.496875 0.16171875 0.0359375 0.040625
0 0.42109375 0.45546875 0.025 0.0328125
0 0.51015625 0.59296875 0.0265625 0.028125
0 0.4265625 0.5609375 0.034375 0.0421875
0 0.3703125 0.221875 0.03125 0.04375
0 0.26484375 0.39921875 0.034375 0.040625
0 0.50234375 0.6265625 0.028125 0.0359375
0 0.43046875 0.271875 0.0390625 0.04375
0 0.74375 0.48125 0.0359375 0.0421875
0 0.42734375 0.6625 0.0359375 0.0359375
0 0.5390625 0.3609375 0.0328125 0.040625
0 0.40078125 0.6390625 0.03125 0.0390625
0 0.53828125 0.3109375 0.0328125 0.0515625
0 0.26484375 0.58828125 0.0375 0.04375
0 0.609375 0.578125 0.0375 0.0390625
0 0.25546875 0.49765625 0.0328125 0.0421875
0 0.60703125 0.3890625 0.04375 0.0359375
0 0.22421875 0.5140625 0.0375 0.0390625
0 0.25625 0.315625 0.04375 0.0421875
0 0.7796875 0.44375 0.0453125 0.05625
0 0.45546875 0.43125 0.0234375 0.021875
0 0.4890625 0.4109375 0.01875 0.0234375
0 0.43046875 0.42734375 0.0296875 0.0296875
0 0.66875 0.50546875 0.0390625 0.053125
0 0.3921875 0.44296875 0.0328125 0.0359375
0 0.44375 0.44921875 0.021875 0.0203125
0 0.66171875 0.25703125 0.0359375 0.0375
0 0.63203125 0.46328125 0.034375 0.0390625
0 0.42578125 0.375 0.0359375 0.0359375
0 0.61328125 0.33125 0.04375 0.046875
0 0.64296875 0.36875 0.0390625 0.0421875
0 0.696875 0.66796875 0.0359375 0.040625
0 0.26171875 0.54609375 0.03125 0.046875
0 0.7421875 0.43671875 0.034375 0.040625
0 0.7234375 0.3609375 0.0359375 0.0359375
0 0.2890625 0.67421875 0.0328125 0.040625
0 0.5078125 0.4140625 0.0203125 0.0234375
0 0.35859375 0.46171875 0.0359375 0.0453125
0 0.5875 0.55859375 0.0328125 0.040625
0 0.70546875 0.32890625 0.0328125 0.03125
0 0.2578125 0.4453125 0.03125 0.034375
0 0.23203125 0.41171875 0.034375 0.0453125
0 0.7109375 0.63203125 0.0375 0.0359375
0 0.50703125 0.44140625 0.015625 0.0265625
0 0.46953125 0.38984375 0.028125 0.03125
0 0.534375 0.54453125 0.01875 0.0203125
0 0.56328125 0.1234375 0.04375 0.0421875
0 0.40078125 0.13984375 0.0421875 0.046875
0 0.4359375 0.50078125 0.0203125 0.025
0 0.7359375 0.31328125 0.0390625 0.0453125
0 0.6234375 0.42890625 0.034375 0.040625
0 0.5515625 0.5609375 0.0296875 0.0265625
0 0.73984375 0.51875 0.0328125 0.0359375
0 0.48125 0.565625 0.0171875 0.021875
0 0.44609375 0.83125 0.0296875 0.0390625
0 0.4171875 0.4875 0.025 0.03125
0 0.44765625 0.40234375 0.0296875 0.034375
0 0.66171875 0.43515625 0.0390625 0.05
0 0.43984375 0.521875 0.021875 0.0234375
0 0.6796875 0.215625 0.04375 0.0546875
0 0.4890625 0.596875 0.021875 0.0296875
0 0.4578125 0.67421875 0.0296875 0.0421875
0 0.27578125 0.63828125 0.0328125 0.04375
0 0.534375 0.46484375 0.0203125 0.0171875
0 0.44921875 0.35234375 0.034375 0.0375
0 0.45 0.5453125 0.01875 0.021875
0 0.546875 0.521875 0.021875 0.0265625
0 0.6328125 0.22421875 0.034375 0.0390625
0 0.43671875 0.47265625 0.0203125 0.0234375
0 0.51328125 0.534375 0.0203125 0.01875
0 0.46015625 0.56171875 0.0234375 0.0234375
0 0.68671875 0.29453125 0.028125 0.0359375
0 0.578125 0.4859375 0.0296875 0.0265625
0 0.47109375 0.54375 0.0203125 0.015625
0 0.725 0.59921875 0.0359375 0.0359375
0 0.4828125 0.134375 0.03125 0.0171875
0 0.571875 0.5125 0.028125 0.03125
0 0.45390625 0.46796875 0.015625 0.01875
0 0.296875 0.23125 0.0375 0.0375
0 0.55703125 0.59765625 0.0359375 0.04375
0 0.559375 0.53359375 0.03125 0.0296875
0 0.32890625 0.1890625 0.04375 0.046875
0 0.7640625 0.37265625 0.04375 0.0546875
0 0.4640625 0.59453125 0.025 0.0296875
0 0.55390625 0.46875 0.0203125 0.0234375
0 0.27421875 0.27109375 0.0390625 0.0390625
0 0.5546875 0.49765625 0.01875 0.025
0 0.49921875 0.5671875 0.0171875 0.021875
0 0.515625 0.5578125 0.0203125 0.0203125
0 0.3609375 0.15859375 0.0390625 0.0453125