0 0.66953125 0.77890625 0.04375 0.0609375
0 0.60546875 0.15 0.0484375 0.0625
0 0.63515625 0.815625 0.04375 0.0625
0 0.33046875 0.49296875 0.0390625 0.053125
0 0.5421875 0.70859375 0.0390625 0.0515625
0 0.29765625 0.76484375 0.0453125 0.0515625
0 0.3328125 0.43984375 0.04375 0.0515625
0 0.55703125 0.8578125 0.046875 0.05625
0 0.66328125 0.5625 0.04375 0.0578125
0 0.32109375 0.28203125 0.0390625 0.046875
0 0.515625 0.86484375 0.0421875 0.053125
0 0.3625 0.33828125 0.04375 0.0484375
0 0.359375 0.50859375 0.0375 0.053125
0 0.36953125 0.65078125 0.0421875 0.053125
0 0.47578125 0.87421875 0.040625 0.053125
0 0.546875 0.26796875 0.0453125 0.0515625
0 0.5828125 0.28984375 0.0421875 0.05
0 0.2734375 0.72109375 0.0390625 0.0515625
0 0.3421875 0.24765625 0.0359375 0.04375
0 0.46484375 0.2546875 0.0390625 0.04375
0 0.56328125 0.3875 0.034375 0.0453125
0 0.51875 0.1171875 0.0453125 0.0515625
0 0.4953125 0.38046875 0.025 0.0328125
0 0.396875 0.19765625 0.0359375 0.0484375
0 0.37421875 0.41171875 0.0359375 0.05
0 0.34296875 0.3875 0.04375 0.05
0 0.778125 0.51484375 0.0390625 0.0625
0 0.5046875 0.25390625 0.0390625 0.05
0 0.51015625 0.34609375 0.0328125 0.046875
0 0.71171875 0.26796875 0.04375 0.053125
0 0.6453125 0.17578125 0.04375 0.0625
0 0.39765625 0.68515625 0.0421875 0.046875
0 0.39765625 0.29609375 0.0421875 0.05
0 0.5140625 0.66484375 0.03125 0.0421875
0 0.43203125 0.70703125 0.0421875 0.0484375
0 0.50703125 0.3015625 0.034375 0.05
0 0.76953125 0.58671875 0.04375 0.0625
0 0.23046875 0.565625 0.0375 0.046875
0 0.23984375 0.61953125 0.0375 0.046875
0 0.59453125 0.7828125 0.034375 0.0484375
0 0.33046875 0.8 0.040625 0.05
0 0.60546875 0.2 0.0359375 0.0453125
0 0.621875 0.7671875 0.0390625 0.0421875
0 0.4375 0.87421875 0.0390625 0.0484375
0 0.3046875 0.7109375 0.0328125 0.0453125
0 0.5046875 0.7203125 0.0421875 0.05625
0 0.2796875 0.35546875 0.0375 0.04375
0 0.5703125 0.6421875 0.0375 0.040625
0 0.3984375 0.85390625 0.0390625 0.04375
0 0.29609375 0.315625 0.0390625 0.04375
0 0.73359375 0.39921875 0.0328125 0.04375
0 0.38125 0.6 0.034375 0.05
0 0.346875 0.6015625 0.040625 0.0546875
0 0.49609375 0.1625 0.0375 0.046875
0 0.56328125 0.12578125 0.046875 0.053125
0 0.39453125 0.36328125 0.0375 0.0453125
0 0.571875 0.18203125 0.0359375 0.046875
0 0.42578125 0.17890625 0.0328125 0.0421875
0 0.36328125 0.8375 0.0453125 0.0421875
0 0.6140625 0.6578125 0.04375 0.059375
0 0.57890625 0.6921875 0.0390625 0.0609375
0 0.46484375 0.71953125 0.0390625 0.05
0 0.45390625 0.165625 0.0359375 0.0421875
0 0.334375 0.54765625 0.040625 0.0546875
0 0.5375 0.81953125 0.0359375 0.04375
0 0.38828125 0.4828125 0.0359375 0.046875
0 0.48046875 0.34140625 0.034375 0.040625
0 0.52890625 0.42890625 0.0234375 0.0234375
0 0.615625 0.32890625 0.0390625 0.053125
0 0.43125 0.27265625 0.0421875 0.05
0 0.4796875 0.83203125 0.040625 0.046875
0 0.5640625 0.7984375 0.0328125 0.046875
0 0.5953125 0.8390625 0.04375 0.059375
0 0.665625 0.71328125 0.0359375 0.0359375
0 0.41796875 0.52109375 0.0265625 0.034375
0 0.22578125 0.46171875 0.034375 0.0421875
0 0.4015625 0.56875 0.0359375 0.0484375
0 0.67890625 0.21328125 0.046875 0.0546875
0 0.72265625 0.3625 0.0390625 0.0421875
0 0.4015625 0.6421875 0.03125 0.04375
0 0.53828125 0.30859375 0.0328125 0.05
0 0.42109375 0.334375 0.0359375 0.0453125
0 0.5359375 0.165625 0.040625 0.0421875
0 0.36953125 0.221875 0.0328125 0.046875
0 0.38515625 0.79765625 0.040625 0.0484375
0 0.73125 0.69765625 0.046875 0.0609375
0 0.25859375 0.446875 0.0359375 0.04375
0 0.5921875 0.35390625 0.0359375 0.046875
0 0.47578125 0.11484375 0.0390625 0.0390625
0 0.703125 0.7390625 0.0421875 0.0625
0 0.6703125 0.50546875 0.04375 0.05625
0 0.54140625 0.40078125 0.03125 0.0359375
0 0.25546875 0.315625 0.0453125 0.0453125
0 0.49296875 0.43828125 0.0203125 0.028125
0 0.534375 0.6171875 0.0328125 0.0390625
0 0.51640625 0.38203125 0.0234375 0.034375
0 0.56015625 0.4296875 0.0328125 0.034375
0 0.26640625 0.3984375 0.0359375 0.0453125
0 0.7359375 0.56171875 0.0359375 0.0453125
0 0.44296875 0.5796875 0.028125 0.028125
0 0.28828125 0.6765625 0.0359375 0.0421875
0 0.696875 0.66796875 0.0359375 0.04375
0 0.4453125 0.31484375 0.0359375 0.0453125
0 0.5390625 0.3609375 0.034375 0.04375
0 0.64375 0.7359375 0.0359375 0.0390625
0 0.4875 0.67265625 0.0328125 0.0421875
0 0.45 0.353125 0.0359375 0.04375
0 0.625 0.54609375 0.0375 0.046875
0 0.6609375 0.25703125 0.0359375 0.0421875
0 0.73671875 0.3140625 0.040625 0.053125
0 0.4375 0.11875 0.040625 0.046875
0 0.40078125 0.13984375 0.04375 0.053125
0 0.47265625 0.63046875 0.0328125 0.0453125
0 0.53203125 0.5765625 0.0265625 0.028125
0 0.296875 0.23125 0.04375 0.046875
0 0.26484375 0.58828125 0.0375 0.0484375
0 0.4046875 0.40625 0.0375 0.0421875
0 0.3671875 0.5515625 0.03125 0.0421875
0 0.25703125 0.4984375 0.0359375 0.0484375
0 0.2296875 0.4109375 0.040625 0.0484375
0 0.60859375 0.38828125 0.0359375 0.0421875
0 0.26015625 0.546875 0.0328125 0.046875
0 0.66171875 0.434375 0.0390625 0.05625
0 0.4265625 0.3765625 0.0359375 0.0390625
0 0.5875 0.55859375 0.034375 0.04375
0 0.4765625 0.30078125 0.034375 0.04375
0 0.60390625 0.51484375 0.0328125 0.05
0 0.74140625 0.43828125 0.0359375 0.04375
0 0.35859375 0.4609375 0.0375 0.0515625
0 0.5921875 0.6125 0.0359375 0.0375
0 0.396875 0.5265625 0.0421875 0.04375
0 0.63125 0.5078125 0.0359375 0.046875
0 0.61015625 0.5796875 0.0375 0.04375
0 0.74453125 0.478125 0.0359375 0.05
0 0.46875 0.38984375 0.0296875 0.0328125
0 0.42109375 0.45625 0.028125 0.0375
0 0.50234375 0.6265625 0.028125 0.0390625
0 0.775 0.44453125 0.0359375 0.0578125
0 0.54453125 0.65625 0.0328125 0.0421875
0 0.5625 0.32265625 0.034375 0.0390625
0 0.22578125 0.5140625 0.034375 0.04375
0 0.25703125 0.675 0.0390625 0.0546875
0 0.27734375 0.6359375 0.0359375 0.05
0 0.33046875 0.746875 0.0328125 0.046875
0 0.4265625 0.59765625 0.0359375 0.0375
0 0.64375 0.3734375 0.0421875 0.0578125
0 0.42734375 0.66171875 0.0359375 0.040625
0 0.50625 0.44140625 0.01875 0.028125
0 0.43046875 0.4265625 0.0296875 0.03125
0 0.64296875 0.6109375 0.0390625 0.0515625
0 0.41796875 0.8265625 0.0359375 0.0390625
0 0.63203125 0.22578125 0.0359375 0.04375
0 0.44375 0.4484375 0.021875 0.0234375
0 0.740625 0.51875 0.0328125 0.0375
0 0.35390625 0.7796875 0.0359375 0.040625
0 0.6859375 0.29609375 0.0359375 0.0390625
0 0.62265625 0.42890625 0.0375 0.0421875
0 0.63203125 0.4640625 0.0359375 0.04375
0 0.70546875 0.33203125 0.0359375 0.040625
0 0.446875 0.8328125 0.0296875 0.0453125
0 0.4171875 0.48828125 0.025 0.0328125
0 0.71171875 0.63203125 0.0359375 0.040625
0 0.44609375 0.61796875 0.03125 0.0359375
0 0.23828125 0.36953125 0.0375 0.04375
0 0.4578125 0.67265625 0.0296875 0.04375
0 0.5859375 0.42109375 0.0328125 0.0421875
0 0.39296875 0.44140625 0.0359375 0.0359375
0 0.425 0.5609375 0.0390625 0.04375
0 0.45546875 0.43046875 0.0234375 0.021875
0 0.27578125 0.271875 0.040625 0.0453125
0 0.5546875 0.4703125 0.021875 0.028125
0 0.5140625 0.5359375 0.0234375 0.0234375
0 0.5515625 0.56171875 0.03125 0.0296875
0 0.3625 0.16171875 0.04375 0.0484375
0 0.48984375 0.41328125 0.01875 0.0234375
0 0.43515625 0.5 0.0234375 0.025
0 0.3296875 0.18515625 0.046875 0.0578125
0 0.509375 0.59140625 0.028125 0.03125
0 0.7671875 0.37265625 0.0515625 0.0609375
0 0.43984375 0.52265625 0.0234375 0.0234375
0 0.60546875 0.46640625 0.0328125 0.0484375
0 0.50859375 0.4140625 0.0203125 0.025
0 0.44765625 0.4015625 0.0296875 0.0359375
0 0.725 0.5984375 0.0359375 0.0375
0 0.55625 0.53203125 0.0421875 0.0375
0 0.55546875 0.4984375 0.0203125 0.0265625
0 0.48828125 0.596875 0.021875 0.028125
0 0.534375 0.4640625 0.021875 0.0171875
0 0.4546875 0.4671875 0.01875 0.0203125
0 0.48203125 0.565625 0.01875 0.0234375
0 0.515625 0.559375 0.021875 0.025
0 0.53515625 0.54453125 0.021875 0.021875
0 0.4640625 0.5953125 0.0265625 0.0296875
0 0.76015625 0.65 0.0484375 0.059375
0 0.521875 0.4484375 0.015625 0.021875
0 0.46796875 0.546875 0.0328125 0.0234375
0 0.43671875 0.47265625 0.0234375 0.025
0 0.459375 0.45 0.0265625 0.021875
0 0.5765625 0.48671875 0.03125 0.0296875
0 0.46015625 0.56171875 0.0234375 0.028125
0 0.47109375 0.42109375 0.0203125 0.025
0 0.57265625 0.45546875 0.03125 0.03125
0 0.540625 0.44765625 0.0265625 0.021875
0 0.52734375 0.51640625 0.021875 0.01875