0 0.6703125 0.7796875 0.046875 0.0609375
0 0.60546875 0.14921875 0.046875 0.0609375
0 0.3328125 0.44140625 0.04375 0.0515625
0 0.33046875 0.49453125 0.040625 0.0546875
0 0.5421875 0.70859375 0.040625 0.0546875
0 0.778125 0.5140625 0.0390625 0.0625
0 0.23046875 0.5671875 0.0375 0.046875
0 0.66328125 0.5625 0.046875 0.0578125
0 0.7125 0.2703125 0.0421875 0.05625
0 0.7703125 0.5875 0.04375 0.0640625
0 0.63515625 0.815625 0.0453125 0.0609375
0 0.54609375 0.26875 0.0453125 0.0515625
0 0.3421875 0.2484375 0.0375 0.04375
0 0.58125 0.29140625 0.04375 0.053125
0 0.32109375 0.28203125 0.0375 0.046875
0 0.29765625 0.7640625 0.04375 0.05
0 0.4953125 0.38046875 0.025 0.0359375
0 0.34296875 0.38671875 0.0421875 0.0484375
0 0.39765625 0.296875 0.04375 0.05
0 0.396875 0.19765625 0.0359375 0.0484375
0 0.36328125 0.5078125 0.0359375 0.046875
0 0.60625 0.2 0.0390625 0.0453125
0 0.55625 0.85703125 0.0484375 0.0546875
0 0.51640625 0.86640625 0.040625 0.05
0 0.50625 0.3015625 0.0359375 0.0484375
0 0.5140625 0.665625 0.0328125 0.0421875
0 0.56171875 0.1265625 0.046875 0.053125
0 0.496875 0.1625 0.0375 0.046875
0 0.51796875 0.11796875 0.04375 0.05
0 0.7015625 0.7390625 0.040625 0.0578125
0 0.4765625 0.875 0.040625 0.053125
0 0.50390625 0.2546875 0.040625 0.0515625
0 0.51015625 0.3453125 0.0328125 0.0453125
0 0.6140625 0.65859375 0.04375 0.059375
0 0.57890625 0.69296875 0.0390625 0.0625
0 0.4375 0.87421875 0.0390625 0.05
0 0.30546875 0.71328125 0.0359375 0.0484375
0 0.23984375 0.61875 0.0375 0.046875
0 0.2734375 0.721875 0.0390625 0.0515625
0 0.61484375 0.33046875 0.0390625 0.053125
0 0.66640625 0.7140625 0.0390625 0.0390625
0 0.37265625 0.41484375 0.0328125 0.046875
0 0.64296875 0.17734375 0.0453125 0.059375
0 0.346875 0.603125 0.040625 0.0546875
0 0.5875 0.42265625 0.0359375 0.0453125
0 0.5640625 0.38671875 0.034375 0.046875
0 0.45390625 0.165625 0.034375 0.0390625
0 0.3625 0.33984375 0.04375 0.046875
0 0.43203125 0.70859375 0.040625 0.0484375
0 0.48046875 0.34296875 0.034375 0.0421875
0 0.5953125 0.8375 0.04375 0.0578125
0 0.4 0.8546875 0.0390625 0.046875
0 0.57265625 0.1828125 0.0359375 0.05
0 0.36953125 0.221875 0.0328125 0.046875
0 0.3984375 0.6859375 0.0421875 0.046875
0 0.26171875 0.54765625 0.034375 0.05
0 0.503125 0.72109375 0.0390625 0.05625
0 0.22421875 0.515625 0.0375 0.0421875
0 0.4265625 0.17890625 0.0359375 0.040625
0 0.23125 0.4140625 0.040625 0.053125
0 0.265625 0.39921875 0.034375 0.0453125
0 0.62109375 0.7671875 0.040625 0.04375
0 0.225 0.4625 0.0359375 0.0421875
0 0.384375 0.7984375 0.040625 0.05
0 0.296875 0.315625 0.0375 0.04375
0 0.4296875 0.27265625 0.0390625 0.0484375
0 0.5703125 0.6421875 0.0390625 0.0421875
0 0.44453125 0.31484375 0.0375 0.04375
0 0.6625 0.43515625 0.040625 0.05625
0 0.73359375 0.39921875 0.0328125 0.04375
0 0.47578125 0.115625 0.040625 0.04375
0 0.38125 0.6015625 0.0359375 0.05
0 0.3671875 0.55390625 0.0328125 0.046875
0 0.26015625 0.44921875 0.0390625 0.0484375
0 0.465625 0.2578125 0.0390625 0.0453125
0 0.278125 0.35546875 0.0359375 0.04375
0 0.5640625 0.80078125 0.034375 0.046875
0 0.53671875 0.165625 0.040625 0.040625
0 0.4796875 0.8328125 0.0375 0.0453125
0 0.528125 0.42890625 0.0234375 0.025
0 0.46328125 0.71953125 0.040625 0.05
0 0.73203125 0.69765625 0.046875 0.0625
0 0.5375 0.30859375 0.0328125 0.0515625
0 0.3953125 0.36328125 0.0359375 0.0453125
0 0.59453125 0.7828125 0.034375 0.0453125
0 0.3328125 0.5484375 0.040625 0.0515625
0 0.63203125 0.4640625 0.0359375 0.0421875
0 0.6703125 0.5046875 0.04375 0.059375
0 0.428125 0.559375 0.0328125 0.0421875
0 0.2375 0.3703125 0.04375 0.046875
0 0.40234375 0.56875 0.034375 0.04375
0 0.44375 0.5796875 0.0265625 0.028125
0 0.5375 0.81875 0.0375 0.040625
0 0.68046875 0.2140625 0.04375 0.05625
0 0.36875 0.65 0.0421875 0.0515625
0 0.74140625 0.43828125 0.0359375 0.0453125
0 0.64375 0.61328125 0.04375 0.0609375
0 0.72265625 0.36328125 0.0390625 0.0390625
0 0.42109375 0.3359375 0.0359375 0.0421875
0 0.25625 0.4984375 0.0359375 0.0484375
0 0.40078125 0.6421875 0.03125 0.04375
0 0.6359375 0.2265625 0.0359375 0.0453125
0 0.60390625 0.51640625 0.03125 0.05
0 0.5328125 0.57578125 0.0265625 0.0328125
0 0.696875 0.6703125 0.0359375 0.046875
0 0.59140625 0.353125 0.034375 0.04375
0 0.41796875 0.52109375 0.0265625 0.0328125
0 0.48828125 0.67421875 0.0328125 0.0421875
0 0.25859375 0.3171875 0.0453125 0.046875
0 0.35390625 0.77890625 0.0359375 0.040625
0 0.54140625 0.4015625 0.03125 0.0359375
0 0.62578125 0.546875 0.0375 0.046875
0 0.51640625 0.38125 0.0234375 0.0359375
0 0.33203125 0.80078125 0.0390625 0.046875
0 0.33125 0.74765625 0.0359375 0.0515625
0 0.40078125 0.140625 0.046875 0.0609375
0 0.60859375 0.38828125 0.0359375 0.040625
0 0.4765625 0.3015625 0.0328125 0.0421875
0 0.27578125 0.63671875 0.0375 0.046875
0 0.36328125 0.83828125 0.0453125 0.04375
0 0.4046875 0.40703125 0.0359375 0.0421875
0 0.64453125 0.7359375 0.0359375 0.040625
0 0.6109375 0.5796875 0.0375 0.04375
0 0.26484375 0.590625 0.0359375 0.046875
0 0.39609375 0.5265625 0.0390625 0.046875
0 0.49296875 0.43828125 0.0203125 0.028125
0 0.53984375 0.3609375 0.034375 0.0421875
0 0.44921875 0.353125 0.0359375 0.04375
0 0.70625 0.33359375 0.0359375 0.046875
0 0.56171875 0.32421875 0.0359375 0.040625
0 0.7390625 0.5203125 0.034375 0.040625
0 0.534375 0.6171875 0.034375 0.0390625
0 0.4375 0.1203125 0.0390625 0.0390625
0 0.42578125 0.59765625 0.0328125 0.0359375
0 0.64375 0.3734375 0.0421875 0.0546875
0 0.63046875 0.5078125 0.034375 0.046875
0 0.47265625 0.63125 0.03125 0.046875
0 0.7359375 0.5625 0.0375 0.04375
0 0.66015625 0.25703125 0.0359375 0.040625
0 0.54453125 0.65546875 0.034375 0.040625
0 0.53515625 0.54453125 0.021875 0.0234375
0 0.584375 0.559375 0.0359375 0.040625
0 0.28828125 0.675 0.034375 0.04375
0 0.36171875 0.46015625 0.0390625 0.0484375
0 0.553125 0.56171875 0.0328125 0.03125
0 0.41640625 0.48828125 0.025 0.034375
0 0.42578125 0.3765625 0.0375 0.0375
0 0.509375 0.59296875 0.028125 0.03125
0 0.72421875 0.59921875 0.040625 0.04375
0 0.59296875 0.6125 0.0359375 0.04375
0 0.38671875 0.48203125 0.034375 0.0421875
0 0.7375 0.3140625 0.0390625 0.0515625
0 0.4265625 0.6625 0.0375 0.0421875
0 0.44609375 0.61796875 0.0328125 0.0390625
0 0.68671875 0.29453125 0.0359375 0.0390625
0 0.77890625 0.44453125 0.04375 0.059375
0 0.74375 0.47890625 0.0359375 0.046875
0 0.45703125 0.67421875 0.03125 0.04375
0 0.56015625 0.43046875 0.03125 0.034375
0 0.25703125 0.67421875 0.0390625 0.05
0 0.296875 0.2296875 0.04375 0.0453125
0 0.3921875 0.44296875 0.034375 0.040625
0 0.7125 0.63203125 0.0375 0.0390625
0 0.43046875 0.4265625 0.03125 0.0328125
0 0.46875 0.38984375 0.0296875 0.0328125
0 0.44609375 0.83203125 0.03125 0.0453125
0 0.55546875 0.49765625 0.0203125 0.0265625
0 0.6046875 0.46953125 0.0328125 0.05
0 0.44375 0.4484375 0.0234375 0.021875
0 0.4890625 0.59765625 0.021875 0.0296875
0 0.50234375 0.6265625 0.0296875 0.0390625
0 0.48984375 0.41328125 0.01875 0.025
0 0.62265625 0.4296875 0.0375 0.04375
0 0.4359375 0.50078125 0.0234375 0.028125
0 0.5078125 0.41484375 0.0203125 0.0265625
0 0.4171875 0.82578125 0.0359375 0.0390625
0 0.421875 0.4546875 0.025 0.034375
0 0.76484375 0.3734375 0.046875 0.0578125
0 0.45625 0.43046875 0.025 0.0234375
0 0.44140625 0.521875 0.025 0.025
0 0.46484375 0.5609375 0.03125 0.0328125
0 0.50625 0.44140625 0.01875 0.0265625
0 0.4546875 0.4671875 0.01875 0.0203125
0 0.4640625 0.5953125 0.0265625 0.0296875
0 0.56328125 0.53828125 0.028125 0.028125
0 0.5125 0.5359375 0.0234375 0.0234375
0 0.36171875 0.16015625 0.0390625 0.04375
0 0.759375 0.65234375 0.0515625 0.0640625
0 0.47109375 0.421875 0.021875 0.0265625
0 0.571875 0.51171875 0.0265625 0.03125
0 0.44921875 0.4015625 0.0296875 0.0328125
0 0.5546875 0.4703125 0.021875 0.028125
0 0.54765625 0.52265625 0.021875 0.0265625
0 0.32890625 0.18984375 0.0453125 0.053125
0 0.275 0.271875 0.046875 0.0484375
0 0.571875 0.45546875 0.03125 0.034375
0 0.43671875 0.47265625 0.021875 0.025
0 0.5296875 0.5171875 0.0234375 0.0203125