0 0.6359375 0.81484375 0.04375 0.05625
0 0.3328125 0.440625 0.04375 0.0484375
0 0.34765625 0.60234375 0.04375 0.053125
0 0.39921875 0.8546875 0.0390625 0.04375
0 0.51640625 0.86484375 0.04375 0.0484375
0 0.59609375 0.78125 0.034375 0.046875
0 0.54140625 0.70703125 0.040625 0.05
0 0.35859375 0.50859375 0.0359375 0.046875
0 0.33515625 0.54765625 0.0390625 0.0515625
0 0.37109375 0.65234375 0.04375 0.0484375
0 0.55625 0.85703125 0.0421875 0.053125
0 0.6703125 0.7796875 0.0421875 0.05625
0 0.3625 0.33984375 0.0390625 0.040625
0 0.34296875 0.24609375 0.0359375 0.0359375
0 0.27421875 0.7203125 0.0375 0.046875
0 0.50390625 0.2515625 0.040625 0.04375
0 0.3984375 0.68515625 0.0453125 0.04375
0 0.59296875 0.35390625 0.0359375 0.04375
0 0.62109375 0.7671875 0.0390625 0.0390625
0 0.23203125 0.565625 0.0359375 0.0421875
0 0.7421875 0.4375 0.034375 0.0375
0 0.4390625 0.87578125 0.0390625 0.046875
0 0.5171875 0.38125 0.0234375 0.0296875
0 0.36484375 0.8375 0.0390625 0.0375
0 0.38203125 0.5984375 0.0359375 0.0421875
0 0.60625 0.19921875 0.0390625 0.04375
0 0.34375 0.38515625 0.040625 0.0453125
0 0.3546875 0.78046875 0.0359375 0.040625
0 0.53671875 0.16484375 0.034375 0.0375
0 0.60546875 0.15234375 0.04375 0.0421875
0 0.42578125 0.1796875 0.034375 0.040625
0 0.296875 0.76484375 0.0421875 0.046875
0 0.5703125 0.6421875 0.0390625 0.0390625
0 0.578125 0.69140625 0.0421875 0.0515625
0 0.5921875 0.61171875 0.034375 0.0359375
0 0.23984375 0.61875 0.0359375 0.0390625
0 0.44375 0.57734375 0.025 0.0234375
0 0.64453125 0.17421875 0.040625 0.0546875
0 0.50390625 0.7203125 0.040625 0.0515625
0 0.471875 0.6296875 0.03125 0.04375
0 0.32109375 0.2828125 0.0375 0.04375
0 0.73515625 0.56171875 0.03125 0.0390625
0 0.4015625 0.56875 0.034375 0.0390625
0 0.66484375 0.7109375 0.03125 0.0296875
0 0.53515625 0.54375 0.01875 0.0203125
0 0.51796875 0.11484375 0.0421875 0.04375
0 0.6125 0.6578125 0.0421875 0.05625
0 0.3875 0.48203125 0.0359375 0.0421875
0 0.5953125 0.83984375 0.04375 0.0609375
0 0.53203125 0.57578125 0.0265625 0.028125
0 0.39609375 0.19453125 0.0359375 0.0390625
0 0.4953125 0.38046875 0.025 0.03125
0 0.33125 0.8015625 0.0421875 0.0421875
0 0.30546875 0.71328125 0.0296875 0.040625
0 0.4765625 0.875 0.0390625 0.0515625
0 0.5140625 0.6640625 0.03125 0.0375
0 0.22578125 0.4625 0.03125 0.0390625
0 0.43671875 0.11640625 0.0390625 0.040625
0 0.40078125 0.13671875 0.040625 0.0421875
0 0.37421875 0.41015625 0.034375 0.0421875
0 0.28046875 0.35546875 0.0359375 0.0421875
0 0.50703125 0.29921875 0.03125 0.04375
0 0.38515625 0.79765625 0.0390625 0.0453125
0 0.5828125 0.28671875 0.040625 0.046875
0 0.51015625 0.34453125 0.0328125 0.04375
0 0.54609375 0.26796875 0.046875 0.0484375
0 0.453125 0.16484375 0.03125 0.0359375
0 0.47578125 0.11015625 0.0390625 0.0328125
0 0.3953125 0.36171875 0.034375 0.04375
0 0.77734375 0.51484375 0.0375 0.0546875
0 0.5640625 0.79765625 0.0328125 0.040625
0 0.47734375 0.3 0.0328125 0.0421875
0 0.39765625 0.2953125 0.0390625 0.04375
0 0.57265625 0.18125 0.0328125 0.0375
0 0.42578125 0.3765625 0.0390625 0.0359375
0 0.50234375 0.6265625 0.028125 0.0359375
0 0.296875 0.31484375 0.0328125 0.0359375
0 0.56015625 0.43046875 0.028125 0.0296875
0 0.734375 0.39921875 0.0328125 0.0390625
0 0.40078125 0.64140625 0.03125 0.0421875
0 0.5375 0.81875 0.0359375 0.040625
0 0.3921875 0.44296875 0.0328125 0.0328125
0 0.39140625 0.5265625 0.03125 0.0390625
0 0.60390625 0.51796875 0.0296875 0.0453125
0 0.53828125 0.309375 0.034375 0.046875
0 0.478125 0.83203125 0.0359375 0.040625
0 0.621875 0.43046875 0.0359375 0.0375
0 0.48046875 0.340625 0.0359375 0.0390625
0 0.625 0.54609375 0.0359375 0.04375
0 0.5421875 0.403125 0.03125 0.0375
0 0.2640625 0.58671875 0.0359375 0.04375
0 0.73125 0.69140625 0.0390625 0.0421875
0 0.4453125 0.61640625 0.03125 0.034375
0 0.4046875 0.4078125 0.0359375 0.0390625
0 0.41796875 0.51875 0.0265625 0.0296875
0 0.54453125 0.65546875 0.03125 0.0390625
0 0.55078125 0.5609375 0.0296875 0.025
0 0.6609375 0.2515625 0.0328125 0.0328125
0 0.2546875 0.49921875 0.028125 0.034375
0 0.42578125 0.5953125 0.034375 0.0296875
0 0.44921875 0.54609375 0.0203125 0.0234375
0 0.63125 0.46015625 0.0328125 0.0328125
0 0.465625 0.7171875 0.0390625 0.0453125
0 0.63125 0.50546875 0.03125 0.0359375
0 0.56328125 0.32421875 0.03125 0.034375
0 0.528125 0.42890625 0.0234375 0.021875
0 0.4328125 0.70546875 0.034375 0.0421875
0 0.5078125 0.44375 0.0171875 0.0234375
0 0.51015625 0.59296875 0.025 0.0296875
0 0.3328125 0.49375 0.0375 0.0453125
0 0.76015625 0.36484375 0.0359375 0.0375
0 0.70625 0.3234375 0.021875 0.0203125
0 0.421875 0.33671875 0.0359375 0.0390625
0 0.584375 0.559375 0.034375 0.0375
0 0.74453125 0.4796875 0.0359375 0.0421875
0 0.42109375 0.4546875 0.0265625 0.0328125
0 0.4265625 0.66171875 0.0359375 0.0359375
0 0.51484375 0.53515625 0.01875 0.0203125
0 0.49765625 0.1625 0.0375 0.040625
0 0.25703125 0.44609375 0.03125 0.0359375
0 0.25546875 0.3140625 0.04375 0.0390625
0 0.44609375 0.31171875 0.0375 0.0421875
0 0.428125 0.2703125 0.0359375 0.0390625
0 0.546875 0.52109375 0.01875 0.025
0 0.7125 0.26640625 0.040625 0.0453125
0 0.4703125 0.3890625 0.0265625 0.03125
0 0.53359375 0.6171875 0.0328125 0.034375
0 0.7765625 0.44296875 0.0359375 0.0546875
0 0.70078125 0.73984375 0.0390625 0.0546875
0 0.2765625 0.6359375 0.0359375 0.040625
0 0.740625 0.51796875 0.03125 0.0328125
0 0.60703125 0.38984375 0.04375 0.0390625
0 0.6421875 0.3671875 0.0375 0.0421875
0 0.6421875 0.61328125 0.040625 0.05625
0 0.41875 0.48671875 0.021875 0.028125
0 0.49921875 0.565625 0.0171875 0.0234375
0 0.53359375 0.46484375 0.0203125 0.0171875
0 0.56171875 0.53828125 0.028125 0.028125
0 0.265625 0.39765625 0.034375 0.0390625
0 0.48828125 0.67265625 0.0328125 0.0359375
0 0.5640625 0.3859375 0.034375 0.040625
0 0.41875 0.825 0.034375 0.034375
0 0.61015625 0.57734375 0.0359375 0.0359375
0 0.47109375 0.54375 0.0171875 0.0171875
0 0.4921875 0.4375 0.01875 0.025
0 0.66171875 0.5609375 0.0390625 0.0515625
0 0.48125 0.56640625 0.015625 0.0234375
0 0.33125 0.74453125 0.0328125 0.0390625
0 0.56015625 0.159375 0.025 0.021875
0 0.46015625 0.5625 0.0234375 0.021875
0 0.4890625 0.41171875 0.01875 0.0234375
0 0.2578125 0.67265625 0.0390625 0.04375
0 0.6125 0.328125 0.0375 0.04375
0 0.46484375 0.25625 0.0375 0.0359375
0 0.7234375 0.3625 0.03125 0.03125
0 0.29609375 0.23046875 0.0375 0.0375
0 0.50859375 0.41484375 0.0203125 0.025
0 0.43515625 0.5 0.021875 0.021875
0 0.44453125 0.4484375 0.021875 0.0203125
0 0.71171875 0.6328125 0.0359375 0.034375
0 0.56171875 0.1140625 0.0375 0.0265625
0 0.64375 0.7359375 0.03125 0.0296875
0 0.44765625 0.40234375 0.0296875 0.0328125
0 0.36796875 0.55078125 0.0296875 0.0390625
0 0.3625 0.1640625 0.0390625 0.0375
0 0.4578125 0.6703125 0.0296875 0.034375
0 0.5390625 0.3609375 0.03125 0.0390625
0 0.4 0.721875 0.0375 0.0265625
0 0.23984375 0.36875 0.034375 0.0375
0 0.4890625 0.596875 0.0234375 0.0296875
0 0.6984375 0.66640625 0.03125 0.0359375
0 0.72734375 0.596875 0.028125 0.03125
0 0.6703125 0.50546875 0.040625 0.046875
0 0.23203125 0.4109375 0.0328125 0.040625
0 0.76875 0.5875 0.0390625 0.0578125
0 0.48125 0.134375 0.0265625 0.0171875
0 0.7359375 0.3125 0.0390625 0.0421875
0 0.58515625 0.421875 0.0328125 0.034375
0 0.68125 0.2890625 0.0265625 0.0234375
0 0.55546875 0.49921875 0.0171875 0.0234375
0 0.36953125 0.221875 0.03125 0.0421875
0 0.634375 0.22421875 0.0328125 0.0359375
0 0.57890625 0.48515625 0.0234375 0.025
0 0.2265625 0.5125 0.028125 0.03125
0 0.4390625 0.52265625 0.021875 0.0234375
0 0.68359375 0.30625 0.0203125 0.0140625
0 0.43359375 0.42578125 0.0234375 0.0296875
0 0.571875 0.51171875 0.028125 0.0296875
0 0.603125 0.46171875 0.028125 0.0328125
0 0.2765625 0.271875 0.034375 0.0296875
0 0.44765625 0.83046875 0.028125 0.0390625
0 0.28828125 0.67421875 0.03125 0.0390625
0 0.35859375 0.46015625 0.034375 0.040625
0 0.559375 0.59765625 0.0328125 0.0375
0 0.50234375 0.5453125 0.015625 0.0140625
0 0.61015625 0.48671875 0.01875 0.0171875
0 0.42890625 0.55859375 0.0234375 0.0328125
0 0.32734375 0.18828125 0.0390625 0.0421875
0 0.51484375 0.55859375 0.01875 0.0203125
0 0.434375 0.73984375 0.03125 0.025
0 0.45078125 0.35 0.034375 0.0359375
0 0.4703125 0.42109375 0.0203125 0.025
0 0.259375 0.54140625 0.0265625 0.0328125
0 0.69609375 0.29453125 0.015625 0.021875
0 0.4359375 0.47265625 0.0203125 0.0234375
0 0.45390625 0.4671875 0.015625 0.01875