0 0.6046875 0.14921875 0.046875 0.0609375
0 0.6703125 0.778125 0.0453125 0.0609375
0 0.3328125 0.440625 0.04375 0.053125
0 0.6359375 0.81484375 0.04375 0.0625
0 0.29765625 0.7640625 0.0421875 0.05
0 0.5421875 0.7078125 0.040625 0.0515625
0 0.55625 0.85703125 0.0453125 0.053125
0 0.71171875 0.26875 0.0453125 0.053125
0 0.54609375 0.26796875 0.04375 0.05
0 0.34609375 0.60234375 0.04375 0.0546875
0 0.2734375 0.721875 0.0390625 0.0515625
0 0.59453125 0.7828125 0.0359375 0.046875
0 0.23046875 0.565625 0.0375 0.046875
0 0.515625 0.86484375 0.0421875 0.05
0 0.36953125 0.65078125 0.040625 0.0515625
0 0.3625 0.3390625 0.0421875 0.046875
0 0.50390625 0.71875 0.040625 0.0515625
0 0.396875 0.2953125 0.0421875 0.05
0 0.47578125 0.875 0.040625 0.0515625
0 0.4328125 0.70703125 0.0421875 0.0484375
0 0.5046875 0.25390625 0.040625 0.05
0 0.33515625 0.5484375 0.0390625 0.05625
0 0.51015625 0.3453125 0.0328125 0.046875
0 0.5828125 0.290625 0.04375 0.053125
0 0.39921875 0.8546875 0.0390625 0.0453125
0 0.778125 0.515625 0.0390625 0.0625
0 0.66328125 0.5625 0.0453125 0.0578125
0 0.76953125 0.58671875 0.04375 0.0609375
0 0.30546875 0.71328125 0.0328125 0.046875
0 0.734375 0.3984375 0.0359375 0.04375
0 0.23984375 0.61796875 0.0375 0.046875
0 0.51796875 0.1171875 0.04375 0.0484375
0 0.465625 0.259375 0.0390625 0.0484375
0 0.64609375 0.1765625 0.04375 0.0625
0 0.37421875 0.4109375 0.0375 0.05
0 0.50703125 0.3 0.034375 0.05
0 0.39765625 0.68515625 0.0421875 0.0484375
0 0.34296875 0.24921875 0.0375 0.04375
0 0.359375 0.50703125 0.0375 0.05
0 0.48046875 0.34140625 0.0328125 0.0390625
0 0.5703125 0.64296875 0.0375 0.040625
0 0.70234375 0.7375 0.040625 0.0578125
0 0.46484375 0.71953125 0.0390625 0.05
0 0.3203125 0.2828125 0.0359375 0.0453125
0 0.4546875 0.16640625 0.0359375 0.040625
0 0.53828125 0.81875 0.0359375 0.0453125
0 0.57890625 0.69140625 0.0390625 0.0578125
0 0.42578125 0.17890625 0.034375 0.040625
0 0.4953125 0.38046875 0.0265625 0.034375
0 0.59609375 0.8390625 0.04375 0.059375
0 0.33125 0.49453125 0.0390625 0.0515625
0 0.51484375 0.6640625 0.03125 0.0421875
0 0.23828125 0.3703125 0.04375 0.0453125
0 0.22578125 0.4625 0.034375 0.040625
0 0.61015625 0.57890625 0.0390625 0.04375
0 0.61484375 0.32890625 0.0390625 0.0515625
0 0.60625 0.2 0.0375 0.0453125
0 0.3859375 0.7984375 0.0390625 0.0484375
0 0.621875 0.76640625 0.0359375 0.0421875
0 0.571875 0.18203125 0.034375 0.0453125
0 0.38203125 0.60078125 0.0375 0.046875
0 0.48046875 0.83359375 0.040625 0.0453125
0 0.36953125 0.221875 0.0328125 0.046875
0 0.47578125 0.1140625 0.040625 0.0359375
0 0.496875 0.16328125 0.0375 0.046875
0 0.43828125 0.875 0.040625 0.046875
0 0.396875 0.19765625 0.0359375 0.046875
0 0.33125 0.75 0.03125 0.0453125
0 0.5375 0.16640625 0.0390625 0.040625
0 0.6703125 0.5046875 0.04375 0.0546875
0 0.23125 0.4109375 0.0390625 0.046875
0 0.4453125 0.3140625 0.034375 0.04375
0 0.64296875 0.7359375 0.034375 0.0375
0 0.56328125 0.7984375 0.034375 0.046875
0 0.3421875 0.38515625 0.040625 0.0484375
0 0.721875 0.36484375 0.0390625 0.0390625
0 0.6140625 0.65703125 0.04375 0.0578125
0 0.528125 0.42890625 0.0234375 0.0234375
0 0.5921875 0.353125 0.0359375 0.0453125
0 0.53828125 0.309375 0.034375 0.0515625
0 0.62578125 0.54609375 0.0359375 0.046875
0 0.44296875 0.5796875 0.0265625 0.028125
0 0.7359375 0.5625 0.0359375 0.04375
0 0.40078125 0.64140625 0.03125 0.04375
0 0.4046875 0.4078125 0.0359375 0.040625
0 0.44921875 0.3515625 0.0359375 0.0390625
0 0.56328125 0.38671875 0.0359375 0.0421875
0 0.665625 0.71328125 0.0359375 0.0359375
0 0.5328125 0.61640625 0.0328125 0.0359375
0 0.4375 0.11953125 0.0390625 0.04375
0 0.41796875 0.52109375 0.0265625 0.034375
0 0.33125 0.8 0.0390625 0.04375
0 0.296875 0.315625 0.0359375 0.0421875
0 0.43125 0.27265625 0.040625 0.0484375
0 0.3875 0.4828125 0.0359375 0.0421875
0 0.25859375 0.44609375 0.0359375 0.0390625
0 0.73125 0.6984375 0.046875 0.0625
0 0.36171875 0.8375 0.0453125 0.040625
0 0.63203125 0.46328125 0.0359375 0.040625
0 0.696875 0.66953125 0.0359375 0.04375
0 0.7421875 0.43828125 0.0359375 0.0421875
0 0.39609375 0.36328125 0.034375 0.0453125
0 0.42109375 0.334375 0.0359375 0.0453125
0 0.36796875 0.55234375 0.03125 0.04375
0 0.40078125 0.56875 0.0359375 0.04375
0 0.56171875 0.125 0.046875 0.053125
0 0.25546875 0.4984375 0.0328125 0.0484375
0 0.265625 0.39765625 0.0359375 0.0421875
0 0.3921875 0.528125 0.03125 0.04375
0 0.48828125 0.67421875 0.0359375 0.040625
0 0.6609375 0.25390625 0.0375 0.040625
0 0.26171875 0.5453125 0.0328125 0.04375
0 0.25859375 0.31640625 0.04375 0.046875
0 0.22421875 0.51484375 0.0375 0.04375
0 0.42734375 0.37578125 0.0375 0.0375
0 0.47734375 0.30078125 0.0328125 0.0453125
0 0.47265625 0.6296875 0.0328125 0.0453125
0 0.35390625 0.77890625 0.0359375 0.040625
0 0.41796875 0.82578125 0.0375 0.0390625
0 0.53984375 0.36015625 0.0328125 0.040625
0 0.2640625 0.58828125 0.0375 0.05
0 0.63046875 0.50546875 0.0328125 0.0421875
0 0.2796875 0.35390625 0.0375 0.0390625
0 0.6390625 0.6109375 0.0421875 0.053125
0 0.50234375 0.62734375 0.0296875 0.0421875
0 0.56015625 0.42890625 0.0296875 0.0328125
0 0.51640625 0.38125 0.0234375 0.03125
0 0.49296875 0.43828125 0.0203125 0.0265625
0 0.74453125 0.4765625 0.0359375 0.0453125
0 0.7359375 0.31484375 0.040625 0.0515625
0 0.58515625 0.421875 0.0328125 0.040625
0 0.68046875 0.215625 0.0453125 0.05625
0 0.25703125 0.67421875 0.0390625 0.0515625
0 0.42578125 0.5984375 0.0359375 0.0390625
0 0.46953125 0.38984375 0.0296875 0.034375
0 0.54140625 0.40234375 0.0328125 0.040625
0 0.27578125 0.63671875 0.0375 0.046875
0 0.50703125 0.44296875 0.0171875 0.025
0 0.44375 0.4484375 0.0234375 0.021875
0 0.59140625 0.6125 0.0359375 0.0390625
0 0.296875 0.23203125 0.0421875 0.046875
0 0.5625 0.3234375 0.0328125 0.0390625
0 0.5875 0.559375 0.034375 0.0421875
0 0.60859375 0.3890625 0.0421875 0.0375
0 0.3921875 0.44296875 0.03125 0.0375
0 0.28828125 0.675 0.034375 0.04375
0 0.428125 0.5609375 0.03125 0.040625
0 0.6359375 0.225 0.0359375 0.0421875
0 0.54453125 0.65546875 0.0328125 0.0421875
0 0.77734375 0.44375 0.040625 0.059375
0 0.421875 0.4546875 0.025 0.0328125
0 0.7109375 0.63203125 0.0390625 0.0390625
0 0.40078125 0.1359375 0.0421875 0.053125
0 0.70546875 0.33203125 0.034375 0.0390625
0 0.73984375 0.51875 0.0328125 0.040625
0 0.72421875 0.5984375 0.0390625 0.0421875
0 0.275 0.27109375 0.040625 0.040625
0 0.44765625 0.40234375 0.0296875 0.0359375
0 0.4265625 0.6625 0.0359375 0.0390625
0 0.4640625 0.5953125 0.0265625 0.03125
0 0.4578125 0.67421875 0.0296875 0.0421875
0 0.62265625 0.42890625 0.0390625 0.0421875
0 0.36015625 0.4609375 0.0359375 0.05
0 0.43984375 0.52265625 0.0234375 0.025
0 0.6046875 0.51640625 0.03125 0.0484375
0 0.53515625 0.54453125 0.021875 0.021875
0 0.64375 0.371875 0.0421875 0.053125
0 0.43515625 0.5 0.025 0.025
0 0.4171875 0.4875 0.025 0.03125
0 0.328125 0.18984375 0.04375 0.0484375
0 0.51484375 0.53515625 0.0203125 0.0203125
0 0.46171875 0.56015625 0.0265625 0.028125
0 0.53203125 0.57578125 0.0265625 0.028125
0 0.4453125 0.6171875 0.03125 0.0375
0 0.68359375 0.2953125 0.034375 0.040625
0 0.5078125 0.41484375 0.0203125 0.0265625
0 0.76015625 0.65078125 0.04375 0.0515625
0 0.55234375 0.56171875 0.03125 0.0296875
0 0.45390625 0.46796875 0.0171875 0.0203125
0 0.60390625 0.465625 0.0296875 0.04375
0 0.45625 0.43046875 0.0234375 0.021875
0 0.36328125 0.165625 0.0390625 0.0390625
0 0.43046875 0.4265625 0.0296875 0.03125
0 0.76484375 0.371875 0.046875 0.0578125
0 0.44765625 0.8328125 0.0296875 0.046875
0 0.4890625 0.4109375 0.01875 0.0234375
0 0.5546875 0.46953125 0.0203125 0.0265625
0 0.48828125 0.596875 0.021875 0.028125
0 0.55546875 0.49765625 0.0203125 0.025
0 0.56328125 0.53828125 0.028125 0.028125
0 0.51015625 0.59296875 0.028125 0.03125
0 0.55703125 0.59765625 0.0375 0.046875
0 0.534375 0.46484375 0.0203125 0.0171875
0 0.48125 0.56640625 0.01875 0.0234375
0 0.43671875 0.471875 0.021875 0.025
0 0.45 0.54609375 0.021875 0.0234375
0 0.546875 0.521875 0.021875 0.028125
0 0.521875 0.4484375 0.015625 0.021875
0 0.371875 0.871875 0.03125 0.03125
0 0.51640625 0.5578125 0.0203125 0.0234375
0 0.57265625 0.45546875 0.03125 0.03125
0 0.4609375 0.45 0.025 0.021875
0 0.57265625 0.51171875 0.028125 0.03125
0 0.47109375 0.421875 0.021875 0.0265625
0 0.5390625 0.44765625 0.028125 0.021875
0 0.528125 0.51640625 0.021875 0.01875
0 0.53984375 0.48828125 0.0265625 0.021875
0 0.503125 0.54296875 0.0171875 0.0171875
0 0.4953125 0.5671875 0.025 0.0296875
0 0.57734375 0.4859375 0.0296875 0.028125
0 0.66640625 0.43125 0.0390625 0.0546875