0 0.36953125 0.65078125 0.0421875 0.0515625
0 0.396875 0.68515625 0.0421875 0.0484375
0 0.3625 0.3375 0.0421875 0.046875
0 0.63515625 0.815625 0.04375 0.059375
0 0.55703125 0.85625 0.04375 0.053125
0 0.33125 0.49453125 0.0390625 0.0515625
0 0.621875 0.76640625 0.0359375 0.0390625
0 0.5953125 0.78125 0.0359375 0.0453125
0 0.54296875 0.70703125 0.040625 0.0515625
0 0.34296875 0.24921875 0.0390625 0.046875
0 0.27421875 0.72109375 0.0390625 0.05
0 0.3328125 0.43984375 0.04375 0.05
0 0.33515625 0.55 0.0390625 0.0546875
0 0.3984375 0.85390625 0.0390625 0.0421875
0 0.3421875 0.38671875 0.040625 0.0484375
0 0.47578125 0.1140625 0.0390625 0.0375
0 0.23125 0.565625 0.0359375 0.0421875
0 0.515625 0.865625 0.04375 0.0515625
0 0.3640625 0.83828125 0.040625 0.0390625
0 0.39765625 0.56875 0.0421875 0.046875
0 0.29765625 0.7625 0.0421875 0.05
0 0.51875 0.1140625 0.04375 0.04375
0 0.359375 0.5078125 0.0375 0.05
0 0.4640625 0.25390625 0.0390625 0.040625
0 0.66484375 0.71171875 0.034375 0.03125
0 0.6703125 0.7796875 0.0421875 0.0578125
0 0.4390625 0.875 0.040625 0.0484375
0 0.51015625 0.34609375 0.0328125 0.046875
0 0.63203125 0.50546875 0.034375 0.0390625
0 0.6046875 0.14921875 0.0421875 0.0546875
0 0.5640625 0.38671875 0.0359375 0.0421875
0 0.5046875 0.72109375 0.040625 0.0546875
0 0.39765625 0.29609375 0.040625 0.046875
0 0.5953125 0.83828125 0.04375 0.0578125
0 0.578125 0.690625 0.04375 0.0546875
0 0.64453125 0.1765625 0.0421875 0.0609375
0 0.25546875 0.31484375 0.040625 0.040625
0 0.5171875 0.38125 0.0234375 0.0328125
0 0.45390625 0.165625 0.034375 0.0390625
0 0.7015625 0.7390625 0.040625 0.05625
0 0.346875 0.603125 0.0421875 0.0515625
0 0.74375 0.47890625 0.034375 0.0453125
0 0.57109375 0.64140625 0.0359375 0.0359375
0 0.50390625 0.253125 0.0390625 0.046875
0 0.5140625 0.66328125 0.0296875 0.040625
0 0.434375 0.70703125 0.0390625 0.0453125
0 0.2640625 0.58984375 0.0359375 0.0453125
0 0.5828125 0.28828125 0.0421875 0.05
0 0.33046875 0.7984375 0.0375 0.0453125
0 0.3046875 0.71015625 0.03125 0.0390625
0 0.37421875 0.41484375 0.034375 0.046875
0 0.38828125 0.4828125 0.034375 0.04375
0 0.7421875 0.4375 0.0328125 0.0390625
0 0.43828125 0.11875 0.0375 0.04375
0 0.47734375 0.8328125 0.0375 0.04375
0 0.39609375 0.36171875 0.0359375 0.046875
0 0.3546875 0.78046875 0.0375 0.0421875
0 0.421875 0.33671875 0.0375 0.0421875
0 0.7125 0.26484375 0.040625 0.0515625
0 0.615625 0.32890625 0.0390625 0.053125
0 0.38515625 0.79765625 0.0390625 0.046875
0 0.47265625 0.62890625 0.03125 0.04375
0 0.38125 0.59921875 0.034375 0.04375
0 0.23984375 0.61796875 0.0359375 0.0390625
0 0.7703125 0.58671875 0.04375 0.059375
0 0.3921875 0.5265625 0.034375 0.04375
0 0.56328125 0.79921875 0.0328125 0.046875
0 0.23828125 0.36953125 0.0359375 0.0453125
0 0.44453125 0.3125 0.034375 0.0453125
0 0.5921875 0.61171875 0.034375 0.0359375
0 0.42109375 0.45546875 0.025 0.0328125
0 0.31953125 0.28359375 0.0359375 0.04375
0 0.3953125 0.19453125 0.0359375 0.0421875
0 0.28046875 0.35703125 0.0375 0.04375
0 0.63203125 0.46015625 0.0359375 0.0421875
0 0.39375 0.4421875 0.0375 0.0359375
0 0.47734375 0.30078125 0.0328125 0.040625
0 0.48828125 0.6734375 0.03125 0.0359375
0 0.503125 0.6265625 0.028125 0.0359375
0 0.734375 0.39921875 0.0375 0.0421875
0 0.4171875 0.8234375 0.0359375 0.0375
0 0.66171875 0.56171875 0.0421875 0.05625
0 0.359375 0.46171875 0.034375 0.0484375
0 0.26640625 0.3984375 0.0375 0.0453125
0 0.48046875 0.3421875 0.034375 0.04375
0 0.61484375 0.6578125 0.04375 0.0609375
0 0.59296875 0.353125 0.034375 0.04375
0 0.5734375 0.18125 0.034375 0.0421875
0 0.60546875 0.19765625 0.034375 0.0421875
0 0.62421875 0.5453125 0.0359375 0.046875
0 0.44296875 0.57890625 0.0265625 0.028125
0 0.73046875 0.68984375 0.040625 0.040625
0 0.23203125 0.41015625 0.0359375 0.04375
0 0.49296875 0.43671875 0.0171875 0.025
0 0.4796875 0.87421875 0.0390625 0.0515625
0 0.5078125 0.3 0.0328125 0.046875
0 0.425 0.178125 0.034375 0.040625
0 0.2953125 0.23203125 0.040625 0.0421875
0 0.73515625 0.5609375 0.03125 0.040625
0 0.60390625 0.51875 0.03125 0.05
0 0.54375 0.65703125 0.03125 0.0421875
0 0.7421875 0.515625 0.0296875 0.0328125
0 0.33203125 0.74375 0.0328125 0.0390625
0 0.4953125 0.38203125 0.0265625 0.034375
0 0.5390625 0.16484375 0.03125 0.0359375
0 0.72265625 0.36171875 0.0359375 0.0359375
0 0.29609375 0.31875 0.0390625 0.04375
0 0.53203125 0.57578125 0.0265625 0.0265625
0 0.60859375 0.38984375 0.0421875 0.040625
0 0.5609375 0.42890625 0.03125 0.03125
0 0.4296875 0.271875 0.0390625 0.0453125
0 0.3671875 0.55078125 0.0296875 0.0421875
0 0.25703125 0.67265625 0.0375 0.046875
0 0.2609375 0.5453125 0.03125 0.040625
0 0.56328125 0.3234375 0.034375 0.0421875
0 0.42578125 0.59765625 0.0375 0.03125
0 0.76328125 0.36875 0.040625 0.046875
0 0.53984375 0.36015625 0.03125 0.0421875
0 0.4453125 0.6171875 0.03125 0.0359375
0 0.41875 0.5203125 0.0234375 0.03125
0 0.40078125 0.1375 0.040625 0.0421875
0 0.54140625 0.403125 0.0328125 0.0390625
0 0.25546875 0.49609375 0.0328125 0.0421875
0 0.6421875 0.36796875 0.040625 0.04375
0 0.22578125 0.46171875 0.03125 0.0390625
0 0.53203125 0.6171875 0.03125 0.0359375
0 0.4 0.6375 0.03125 0.040625
0 0.40546875 0.40625 0.0359375 0.0359375
0 0.2875 0.6734375 0.03125 0.0421875
0 0.6828125 0.30546875 0.015625 0.0140625
0 0.69609375 0.29375 0.0125 0.01875
0 0.42734375 0.6625 0.034375 0.040625
0 0.5875 0.559375 0.0328125 0.0390625
0 0.41796875 0.4875 0.021875 0.03125
0 0.45703125 0.67109375 0.0296875 0.034375
0 0.43515625 0.5 0.0234375 0.0234375
0 0.496875 0.16328125 0.034375 0.0421875
0 0.42734375 0.3765625 0.0359375 0.0390625
0 0.55234375 0.5609375 0.028125 0.028125
0 0.528125 0.42890625 0.0234375 0.0234375
0 0.53671875 0.81875 0.0359375 0.040625
0 0.534375 0.54453125 0.0171875 0.0203125
0 0.50625 0.44375 0.01875 0.0234375
0 0.465625 0.71640625 0.0375 0.046875
0 0.4890625 0.4109375 0.0203125 0.0234375
0 0.54609375 0.26640625 0.04375 0.04375
0 0.43984375 0.52265625 0.021875 0.021875
0 0.6234375 0.428125 0.0359375 0.0375
0 0.7359375 0.3078125 0.0390625 0.0453125
0 0.515625 0.5328125 0.015625 0.0171875
0 0.7109375 0.63125 0.0375 0.0359375
0 0.2765625 0.63515625 0.034375 0.0421875
0 0.77734375 0.5140625 0.0359375 0.05625
0 0.44765625 0.40234375 0.0296875 0.034375
0 0.46171875 0.56015625 0.025 0.0203125
0 0.66875 0.50546875 0.0390625 0.053125
0 0.66171875 0.25078125 0.03125 0.0296875
0 0.259375 0.4484375 0.0359375 0.040625
0 0.4703125 0.3890625 0.025 0.0296875
0 0.696875 0.6703125 0.0328125 0.03125
0 0.64296875 0.7359375 0.03125 0.0328125
0 0.5578125 0.1171875 0.028125 0.034375
0 0.396875 0.72265625 0.040625 0.03125
0 0.5765625 0.1234375 0.0171875 0.025
0 0.64453125 0.61015625 0.0375 0.05
0 0.634375 0.225 0.03125 0.034375
0 0.5109375 0.5921875 0.0265625 0.03125
0 0.5375 0.30703125 0.03125 0.04375
0 0.27578125 0.271875 0.0390625 0.0390625
0 0.5078125 0.41484375 0.01875 0.021875
0 0.359375 0.15859375 0.04375 0.0484375
0 0.44609375 0.8328125 0.028125 0.04375
0 0.4890625 0.596875 0.025 0.03125
0 0.53359375 0.46484375 0.0203125 0.0171875
0 0.45 0.54609375 0.021875 0.0234375
0 0.2265625 0.51015625 0.028125 0.0296875
0 0.42578125 0.56171875 0.034375 0.0421875
0 0.453125 0.46875 0.0140625 0.01875
0 0.609375 0.57890625 0.0375 0.04375
0 0.48125 0.565625 0.0171875 0.021875
0 0.68046875 0.21484375 0.04375 0.05
0 0.4375 0.740625 0.0328125 0.03125
0 0.72265625 0.596875 0.0265625 0.03125
0 0.36953125 0.22109375 0.03125 0.0375