0 0.6359375 0.815625 0.04375 0.059375
0 0.54296875 0.70703125 0.040625 0.05
0 0.33203125 0.49375 0.0390625 0.0515625
0 0.33203125 0.43984375 0.0421875 0.046875
0 0.34765625 0.60234375 0.0421875 0.053125
0 0.59609375 0.78203125 0.034375 0.046875
0 0.55703125 0.85703125 0.04375 0.0515625
0 0.62265625 0.7671875 0.0375 0.040625
0 0.4 0.85546875 0.0375 0.0453125
0 0.5171875 0.38203125 0.025 0.034375
0 0.371875 0.65390625 0.0421875 0.0515625
0 0.5171875 0.865625 0.04375 0.05
0 0.5109375 0.34453125 0.0328125 0.0453125
0 0.23125 0.565625 0.0375 0.0390625
0 0.6703125 0.7796875 0.0421875 0.05625
0 0.57890625 0.68984375 0.04375 0.05625
0 0.42578125 0.17734375 0.0328125 0.0375
0 0.34296875 0.24765625 0.0390625 0.0421875
0 0.334375 0.54765625 0.0390625 0.0515625
0 0.50390625 0.253125 0.040625 0.046875
0 0.33203125 0.79921875 0.0390625 0.0421875
0 0.39765625 0.68515625 0.0421875 0.046875
0 0.38828125 0.48359375 0.0359375 0.0453125
0 0.4546875 0.165625 0.0328125 0.0359375
0 0.3625 0.33828125 0.0421875 0.04375
0 0.4765625 0.1125 0.0390625 0.0359375
0 0.5828125 0.2890625 0.0421875 0.0484375
0 0.34296875 0.3859375 0.0421875 0.0453125
0 0.359375 0.50703125 0.0375 0.046875
0 0.7421875 0.4375 0.034375 0.0390625
0 0.36484375 0.8375 0.04375 0.040625
0 0.5953125 0.83828125 0.04375 0.05625
0 0.38125 0.6 0.034375 0.046875
0 0.5921875 0.35390625 0.0359375 0.0453125
0 0.41875 0.52109375 0.0265625 0.03125
0 0.396875 0.2953125 0.040625 0.046875
0 0.4375 0.1140625 0.0390625 0.0484375
0 0.56953125 0.63828125 0.0390625 0.0390625
0 0.37421875 0.4140625 0.034375 0.04375
0 0.63203125 0.50546875 0.034375 0.0375
0 0.5046875 0.721875 0.040625 0.05625
0 0.6046875 0.14921875 0.04375 0.0453125
0 0.23984375 0.61796875 0.0359375 0.0421875
0 0.665625 0.7109375 0.03125 0.03125
0 0.50703125 0.29921875 0.034375 0.046875
0 0.27421875 0.7203125 0.0375 0.046875
0 0.28046875 0.3546875 0.0359375 0.0390625
0 0.503125 0.6265625 0.028125 0.0359375
0 0.47734375 0.3 0.0328125 0.0421875
0 0.43984375 0.875 0.040625 0.05
0 0.3859375 0.796875 0.0390625 0.046875
0 0.48046875 0.3421875 0.0359375 0.0421875
0 0.2546875 0.3140625 0.0421875 0.040625
0 0.4640625 0.25234375 0.0390625 0.0390625
0 0.51875 0.11484375 0.0421875 0.04375
0 0.471875 0.63125 0.0328125 0.046875
0 0.60546875 0.19765625 0.034375 0.040625
0 0.625 0.546875 0.0359375 0.0453125
0 0.53203125 0.57578125 0.0265625 0.028125
0 0.48828125 0.6734375 0.0328125 0.0390625
0 0.42734375 0.3765625 0.0390625 0.0375
0 0.5140625 0.66328125 0.0296875 0.0421875
0 0.4 0.56875 0.0390625 0.04375
0 0.5921875 0.61171875 0.034375 0.0359375
0 0.6125 0.33203125 0.0421875 0.0484375
0 0.5375 0.1640625 0.03125 0.034375
0 0.74375 0.4796875 0.0359375 0.040625
0 0.64296875 0.7359375 0.03125 0.0328125
0 0.44296875 0.57890625 0.0265625 0.028125
0 0.29765625 0.76484375 0.0421875 0.05
0 0.565625 0.79921875 0.034375 0.040625
0 0.6625 0.56015625 0.04375 0.0546875
0 0.61328125 0.65625 0.040625 0.059375
0 0.3671875 0.55 0.03125 0.040625
0 0.40078125 0.1359375 0.040625 0.0453125
0 0.40078125 0.64140625 0.03125 0.0453125
0 0.39609375 0.3625 0.0359375 0.04375
0 0.54609375 0.2671875 0.04375 0.046875
0 0.396875 0.19453125 0.034375 0.040625
0 0.49375 0.43671875 0.0171875 0.025
0 0.734375 0.3984375 0.0359375 0.0390625
0 0.46640625 0.71953125 0.0390625 0.0515625
0 0.296875 0.23203125 0.0421875 0.04375
0 0.7703125 0.58671875 0.0390625 0.059375
0 0.5390625 0.81953125 0.0375 0.046875
0 0.53515625 0.54375 0.01875 0.0203125
0 0.4796875 0.87421875 0.040625 0.053125
0 0.42109375 0.33671875 0.0359375 0.040625
0 0.5625 0.325 0.034375 0.0375
0 0.56015625 0.4296875 0.0296875 0.03125
0 0.44609375 0.315625 0.034375 0.04375
0 0.6625 0.25546875 0.03125 0.0328125
0 0.4046875 0.4078125 0.0359375 0.040625
0 0.3265625 0.18671875 0.046875 0.046875
0 0.2265625 0.4609375 0.0296875 0.0375
0 0.4953125 0.38046875 0.025 0.03125
0 0.359375 0.4609375 0.034375 0.046875
0 0.353125 0.7796875 0.0328125 0.040625
0 0.571875 0.18203125 0.0328125 0.040625
0 0.528125 0.42890625 0.0234375 0.021875
0 0.7359375 0.5609375 0.03125 0.040625
0 0.39140625 0.52578125 0.03125 0.040625
0 0.56171875 0.38515625 0.0359375 0.0421875
0 0.4171875 0.82421875 0.034375 0.0375
0 0.609375 0.3890625 0.0359375 0.0359375
0 0.45703125 0.6734375 0.03125 0.0390625
0 0.70390625 0.7359375 0.0296875 0.05
0 0.42578125 0.59609375 0.034375 0.034375
0 0.63125 0.46015625 0.034375 0.034375
0 0.5375 0.30859375 0.0328125 0.046875
0 0.26484375 0.58671875 0.0359375 0.0421875
0 0.37109375 0.221875 0.03125 0.046875
0 0.3921875 0.44296875 0.0328125 0.034375
0 0.28828125 0.675 0.034375 0.0390625
0 0.2578125 0.6734375 0.040625 0.05
0 0.2265625 0.51328125 0.03125 0.0359375
0 0.6703125 0.50546875 0.0390625 0.05
0 0.7234375 0.36328125 0.0296875 0.0328125
0 0.5421875 0.40234375 0.03125 0.0359375
0 0.56015625 0.159375 0.0203125 0.021875
0 0.584375 0.559375 0.034375 0.0390625
0 0.60390625 0.515625 0.0296875 0.0453125
0 0.43515625 0.7046875 0.0375 0.04375
0 0.4890625 0.4109375 0.01875 0.0234375
0 0.71328125 0.265625 0.040625 0.0453125
0 0.55078125 0.5609375 0.0296875 0.0265625
0 0.53203125 0.6171875 0.0296875 0.0359375
0 0.33125 0.7484375 0.03125 0.0421875
0 0.42734375 0.66015625 0.0328125 0.034375
0 0.74140625 0.51796875 0.0296875 0.0328125
0 0.2546875 0.49921875 0.025 0.03125
0 0.6453125 0.18125 0.0390625 0.0421875
0 0.3203125 0.28359375 0.034375 0.04375
0 0.58515625 0.421875 0.0328125 0.040625
0 0.54375 0.6578125 0.034375 0.04375
0 0.43515625 0.5 0.021875 0.0234375
0 0.6953125 0.29609375 0.015625 0.0234375
0 0.4453125 0.6171875 0.0328125 0.0359375
0 0.5390625 0.35859375 0.0328125 0.0390625
0 0.4796875 0.83125 0.034375 0.0375
0 0.421875 0.45546875 0.0265625 0.0359375
0 0.51015625 0.59296875 0.025 0.028125
0 0.50703125 0.44375 0.015625 0.021875
0 0.30546875 0.70859375 0.03125 0.0359375
0 0.26484375 0.39765625 0.0328125 0.034375
0 0.259375 0.44609375 0.0328125 0.0359375
0 0.76015625 0.3671875 0.0359375 0.04375
0 0.71015625 0.6328125 0.0390625 0.034375
0 0.46953125 0.38984375 0.028125 0.0328125
0 0.62265625 0.428125 0.0359375 0.0390625
0 0.44375 0.4484375 0.0203125 0.0234375
0 0.45 0.3515625 0.03125 0.0359375
0 0.446875 0.83125 0.028125 0.040625
0 0.29609375 0.31328125 0.034375 0.0328125
0 0.43125 0.26953125 0.0390625 0.040625
0 0.49765625 0.1609375 0.034375 0.0375
0 0.70859375 0.3234375 0.01875 0.01875
0 0.5625 0.12109375 0.0421875 0.0359375
0 0.51484375 0.534375 0.015625 0.01875
0 0.6796875 0.290625 0.0203125 0.021875
0 0.55546875 0.596875 0.034375 0.04375
0 0.2765625 0.6359375 0.034375 0.040625
0 0.77734375 0.515625 0.0359375 0.0515625
0 0.72890625 0.69921875 0.028125 0.0546875
0 0.67890625 0.2109375 0.0390625 0.040625
0 0.4890625 0.596875 0.0234375 0.03125
0 0.72734375 0.596875 0.0234375 0.03125
0 0.64375 0.6140625 0.0390625 0.059375
0 0.68046875 0.3046875 0.0140625 0.0125
0 0.609375 0.57890625 0.0359375 0.0359375
0 0.5078125 0.41484375 0.01875 0.021875
0 0.259375 0.54453125 0.0296875 0.0375
0 0.2390625 0.36796875 0.03125 0.0328125
0 0.53359375 0.46484375 0.0203125 0.0171875
0 0.634375 0.221875 0.0328125 0.03125
0 0.546875 0.52109375 0.01875 0.0234375
0 0.41953125 0.4875 0.0203125 0.0296875
0 0.709375 0.33203125 0.0140625 0.0171875
0 0.55625 0.5 0.01875 0.0234375
0 0.3625 0.1625 0.0390625 0.046875
0 0.37421875 0.87109375 0.03125 0.0296875
0 0.603125 0.4609375 0.028125 0.0328125
0 0.7765625 0.44921875 0.028125 0.0390625
0 0.69765625 0.66953125 0.03125 0.028125
0 0.48359375 0.1328125 0.034375 0.0171875
0 0.6421875 0.36875 0.0375 0.04375
0 0.48125 0.56640625 0.015625 0.021875
0 0.44921875 0.40234375 0.028125 0.03125
0 0.275 0.271875 0.040625 0.0359375
0 0.56171875 0.53828125 0.025 0.025
0 0.23125 0.409375 0.028125 0.034375
0 0.4328125 0.42578125 0.025 0.0296875
0 0.7359375 0.31171875 0.028125 0.0625
0 0.4390625 0.52265625 0.01875 0.0203125
0 0.5390625 0.4875 0.025 0.01875