0 0.515625 0.86484375 0.0421875 0.053125
0 0.6359375 0.81640625 0.04375 0.0625
0 0.34296875 0.2484375 0.0375 0.046875
0 0.33046875 0.49375 0.040625 0.053125
0 0.6703125 0.77890625 0.04375 0.059375
0 0.36953125 0.65078125 0.04375 0.0515625
0 0.5421875 0.70703125 0.0390625 0.053125
0 0.39765625 0.684375 0.0421875 0.05
0 0.6046875 0.1484375 0.046875 0.0609375
0 0.32109375 0.2828125 0.0375 0.046875
0 0.27421875 0.7203125 0.0390625 0.05
0 0.39921875 0.85390625 0.040625 0.04375
0 0.54453125 0.26640625 0.04375 0.05
0 0.3625 0.3375 0.04375 0.0484375
0 0.296875 0.76328125 0.0421875 0.0515625
0 0.346875 0.6015625 0.040625 0.0546875
0 0.36015625 0.5078125 0.0375 0.0515625
0 0.43828125 0.87421875 0.040625 0.0515625
0 0.43203125 0.70859375 0.0421875 0.0484375
0 0.5046875 0.72265625 0.0421875 0.0578125
0 0.396875 0.19765625 0.0359375 0.0484375
0 0.55625 0.85703125 0.04375 0.05625
0 0.5046875 0.2546875 0.040625 0.0515625
0 0.38515625 0.79765625 0.040625 0.0515625
0 0.4953125 0.38046875 0.0265625 0.0359375
0 0.4765625 0.11875 0.0421875 0.053125
0 0.3328125 0.43984375 0.0453125 0.053125
0 0.58125 0.2921875 0.04375 0.053125
0 0.38125 0.60078125 0.0359375 0.0515625
0 0.6453125 0.17578125 0.046875 0.0640625
0 0.3703125 0.22109375 0.034375 0.046875
0 0.5640625 0.3859375 0.034375 0.046875
0 0.7125 0.26953125 0.04375 0.0546875
0 0.4765625 0.875 0.040625 0.0515625
0 0.23046875 0.56640625 0.0375 0.0453125
0 0.4640625 0.25546875 0.0390625 0.0453125
0 0.5796875 0.69140625 0.040625 0.0625
0 0.51875 0.11796875 0.0453125 0.053125
0 0.39609375 0.296875 0.040625 0.0515625
0 0.33359375 0.546875 0.0421875 0.0578125
0 0.51015625 0.3453125 0.0328125 0.046875
0 0.5703125 0.6421875 0.0390625 0.040625
0 0.23984375 0.6171875 0.0375 0.046875
0 0.37265625 0.4140625 0.0328125 0.0484375
0 0.3625 0.8375 0.0453125 0.0453125
0 0.46484375 0.71875 0.0390625 0.0484375
0 0.3953125 0.3625 0.034375 0.0453125
0 0.5953125 0.7828125 0.034375 0.0515625
0 0.45390625 0.16640625 0.0359375 0.04375
0 0.33046875 0.80078125 0.0390625 0.0484375
0 0.5140625 0.6640625 0.03125 0.040625
0 0.42578125 0.178125 0.0328125 0.0421875
0 0.296875 0.31484375 0.0375 0.04375
0 0.76953125 0.58671875 0.04375 0.0625
0 0.26484375 0.39921875 0.034375 0.046875
0 0.5953125 0.8390625 0.04375 0.0609375
0 0.496875 0.1625 0.0375 0.0484375
0 0.6640625 0.56171875 0.0453125 0.0578125
0 0.60546875 0.19765625 0.0375 0.046875
0 0.57109375 0.18203125 0.034375 0.0484375
0 0.50703125 0.30078125 0.034375 0.05
0 0.40234375 0.5671875 0.0375 0.046875
0 0.51640625 0.38203125 0.0234375 0.0359375
0 0.3421875 0.38671875 0.0421875 0.0515625
0 0.7640625 0.37265625 0.0484375 0.0625
0 0.47890625 0.8328125 0.0421875 0.0484375
0 0.778125 0.51484375 0.0390625 0.0625
0 0.3921875 0.5265625 0.0328125 0.046875
0 0.35390625 0.77890625 0.0375 0.040625
0 0.43671875 0.1203125 0.0390625 0.0515625
0 0.3046875 0.7125 0.0328125 0.046875
0 0.44375 0.57890625 0.0265625 0.028125
0 0.5640625 0.80078125 0.0359375 0.046875
0 0.3671875 0.553125 0.03125 0.046875
0 0.734375 0.3984375 0.034375 0.0421875
0 0.61484375 0.6578125 0.0421875 0.0609375
0 0.5921875 0.353125 0.0359375 0.046875
0 0.54140625 0.40234375 0.03125 0.040625
0 0.61015625 0.5796875 0.0390625 0.0484375
0 0.47265625 0.63125 0.03125 0.046875
0 0.53359375 0.61640625 0.0328125 0.0375
0 0.43125 0.27265625 0.040625 0.05
0 0.27890625 0.3546875 0.0375 0.0421875
0 0.48046875 0.3421875 0.034375 0.0453125
0 0.6328125 0.46484375 0.0375 0.0453125
0 0.62109375 0.76640625 0.0390625 0.04375
0 0.40078125 0.64140625 0.03125 0.046875
0 0.7015625 0.7375 0.04375 0.0609375
0 0.53828125 0.3078125 0.0328125 0.05
0 0.25625 0.49921875 0.0328125 0.0484375
0 0.25859375 0.44453125 0.034375 0.0390625
0 0.40390625 0.40703125 0.034375 0.0421875
0 0.53203125 0.57578125 0.0265625 0.028125
0 0.48828125 0.675 0.034375 0.0453125
0 0.44921875 0.353125 0.0375 0.0421875
0 0.3875 0.4828125 0.034375 0.04375
0 0.665625 0.7140625 0.0359375 0.0390625
0 0.64375 0.73515625 0.0328125 0.0390625
0 0.6703125 0.50390625 0.04375 0.0578125
0 0.41953125 0.33359375 0.0359375 0.04375
0 0.42734375 0.5984375 0.0359375 0.0390625
0 0.73203125 0.69765625 0.046875 0.0640625
0 0.2265625 0.46171875 0.0328125 0.040625
0 0.7421875 0.43828125 0.034375 0.0453125
0 0.5359375 0.165625 0.0390625 0.040625
0 0.77578125 0.44375 0.0375 0.05625
0 0.4171875 0.825 0.0359375 0.0375
0 0.33125 0.74609375 0.0359375 0.0484375
0 0.41875 0.521875 0.025 0.0328125
0 0.4453125 0.315625 0.034375 0.0453125
0 0.5921875 0.61015625 0.034375 0.0421875
0 0.46875 0.38984375 0.0296875 0.0328125
0 0.4265625 0.56171875 0.0359375 0.04375
0 0.50703125 0.44296875 0.01875 0.0265625
0 0.7359375 0.5609375 0.0359375 0.046875
0 0.7359375 0.31484375 0.0421875 0.053125
0 0.49296875 0.43828125 0.0203125 0.028125
0 0.66015625 0.25703125 0.0359375 0.0421875
0 0.359375 0.46015625 0.0359375 0.053125
0 0.56328125 0.1265625 0.0484375 0.0609375
0 0.503125 0.6265625 0.028125 0.0359375
0 0.296875 0.23125 0.0421875 0.046875
0 0.5859375 0.4234375 0.034375 0.0453125
0 0.6796875 0.215625 0.0484375 0.05625
0 0.42578125 0.3765625 0.0390625 0.0375
0 0.225 0.5140625 0.034375 0.0421875
0 0.69765625 0.66953125 0.0359375 0.04375
0 0.26015625 0.54765625 0.0328125 0.0453125
0 0.4453125 0.6171875 0.0328125 0.0390625
0 0.74375 0.48125 0.0359375 0.046875
0 0.64453125 0.6140625 0.0421875 0.0625
0 0.2765625 0.6359375 0.0359375 0.05
0 0.4765625 0.30078125 0.0328125 0.0453125
0 0.52890625 0.42890625 0.0234375 0.025
0 0.684375 0.296875 0.0359375 0.0453125
0 0.44375 0.4484375 0.021875 0.0234375
0 0.42734375 0.6609375 0.0359375 0.04375
0 0.5375 0.81875 0.0375 0.04375
0 0.440625 0.52265625 0.025 0.025
0 0.39296875 0.44375 0.0359375 0.0390625
0 0.63125 0.50859375 0.034375 0.046875
0 0.71171875 0.63203125 0.0359375 0.040625
0 0.56484375 0.31953125 0.0359375 0.046875
0 0.2375 0.3671875 0.0390625 0.0453125
0 0.62578125 0.54609375 0.0359375 0.046875
0 0.5078125 0.41640625 0.0203125 0.0265625
0 0.4171875 0.48828125 0.025 0.034375
0 0.53984375 0.3609375 0.03125 0.04375
0 0.6078125 0.38828125 0.0359375 0.04375
0 0.23046875 0.41015625 0.0375 0.0484375
0 0.25078125 0.31796875 0.0453125 0.0453125
0 0.61328125 0.33046875 0.0390625 0.05
0 0.28828125 0.67578125 0.034375 0.0421875
0 0.56015625 0.4296875 0.03125 0.0328125
0 0.54453125 0.6546875 0.03125 0.0390625
0 0.421875 0.4546875 0.025 0.034375
0 0.76015625 0.65 0.05 0.059375
0 0.43515625 0.5 0.025 0.0265625
0 0.63203125 0.225 0.0359375 0.04375
0 0.721875 0.3625 0.0390625 0.0390625
0 0.27421875 0.2703125 0.04375 0.0453125
0 0.40234375 0.13828125 0.040625 0.0515625
0 0.6046875 0.51640625 0.0328125 0.0515625
0 0.45703125 0.67421875 0.0296875 0.0453125
0 0.740625 0.51796875 0.0328125 0.0375
0 0.25703125 0.6734375 0.0390625 0.0515625
0 0.43046875 0.42578125 0.028125 0.0328125
0 0.5875 0.55859375 0.0328125 0.0421875
0 0.5515625 0.56171875 0.0296875 0.03125
0 0.45546875 0.43046875 0.0234375 0.0234375
0 0.64296875 0.37265625 0.0421875 0.0546875
0 0.51484375 0.5359375 0.021875 0.021875
0 0.66328125 0.4359375 0.0390625 0.05625
0 0.4625 0.56328125 0.028125 0.028125
0 0.51015625 0.5921875 0.0265625 0.0296875
0 0.725 0.5984375 0.0359375 0.0390625
0 0.44609375 0.8328125 0.0296875 0.046875
0 0.2640625 0.5875 0.0375 0.046875
0 0.534375 0.46484375 0.0234375 0.01875
0 0.4890625 0.59765625 0.0234375 0.0296875
0 0.4890625 0.41328125 0.01875 0.025
0 0.4640625 0.59453125 0.025 0.03125
0 0.33125 0.1921875 0.0421875 0.0515625
0 0.70546875 0.33359375 0.0359375 0.046875
0 0.55546875 0.4984375 0.0203125 0.0265625
0 0.446875 0.40234375 0.0296875 0.0359375
0 0.53515625 0.5453125 0.021875 0.0234375
0 0.5546875 0.46953125 0.0203125 0.0265625
0 0.62265625 0.428125 0.0359375 0.0421875