0 0.3984375 0.85390625 0.040625 0.0421875
0 0.37109375 0.65234375 0.040625 0.0484375
0 0.6359375 0.8140625 0.0421875 0.0578125
0 0.66953125 0.7796875 0.0421875 0.05625
0 0.55625 0.85703125 0.04375 0.053125
0 0.5421875 0.70703125 0.0390625 0.0515625
0 0.34765625 0.60234375 0.04375 0.0515625
0 0.3984375 0.684375 0.04375 0.046875
0 0.35859375 0.50703125 0.0390625 0.0484375
0 0.38203125 0.60078125 0.0359375 0.04375
0 0.51796875 0.11640625 0.04375 0.046875
0 0.64453125 0.17421875 0.040625 0.05625
0 0.36328125 0.3375 0.0421875 0.0453125
0 0.51640625 0.865625 0.04375 0.0515625
0 0.59453125 0.7828125 0.034375 0.04375
0 0.34296875 0.246875 0.0390625 0.040625
0 0.42578125 0.17890625 0.0328125 0.040625
0 0.33515625 0.5484375 0.0390625 0.0515625
0 0.62109375 0.76640625 0.0375 0.0390625
0 0.5921875 0.35234375 0.0328125 0.0390625
0 0.33203125 0.49453125 0.0375 0.046875
0 0.5703125 0.6421875 0.0390625 0.0390625
0 0.33203125 0.43984375 0.04375 0.046875
0 0.3421875 0.3859375 0.0390625 0.0453125
0 0.5171875 0.38125 0.0234375 0.03125
0 0.57890625 0.690625 0.04375 0.0515625
0 0.66484375 0.7125 0.03125 0.034375
0 0.38515625 0.7984375 0.0390625 0.046875
0 0.47578125 0.11171875 0.040625 0.0359375
0 0.2734375 0.7203125 0.0375 0.046875
0 0.44375 0.57890625 0.0265625 0.028125
0 0.37421875 0.4109375 0.0359375 0.0421875
0 0.56015625 0.4296875 0.028125 0.0265625
0 0.3671875 0.8375 0.040625 0.0375
0 0.50390625 0.71875 0.040625 0.0515625
0 0.59609375 0.83984375 0.046875 0.059375
0 0.32109375 0.2828125 0.0359375 0.0453125
0 0.47734375 0.83203125 0.0359375 0.040625
0 0.7421875 0.43828125 0.034375 0.0390625
0 0.4640625 0.253125 0.0390625 0.0390625
0 0.23125 0.56484375 0.034375 0.0375
0 0.40234375 0.56875 0.0359375 0.0421875
0 0.471875 0.6296875 0.03125 0.04375
0 0.51015625 0.34609375 0.0328125 0.0453125
0 0.45390625 0.16484375 0.0328125 0.0359375
0 0.5078125 0.30078125 0.034375 0.0484375
0 0.6046875 0.15 0.04375 0.0421875
0 0.41875 0.5203125 0.0265625 0.03125
0 0.50390625 0.253125 0.0390625 0.046875
0 0.228125 0.46015625 0.03125 0.040625
0 0.5390625 0.16484375 0.03125 0.0359375
0 0.74375 0.47890625 0.0359375 0.0484375
0 0.40078125 0.6390625 0.0328125 0.04375
0 0.23984375 0.61875 0.0359375 0.040625
0 0.3046875 0.7109375 0.03125 0.0359375
0 0.50234375 0.62578125 0.028125 0.0359375
0 0.43984375 0.8703125 0.0390625 0.046875
0 0.5140625 0.6640625 0.0296875 0.0390625
0 0.64296875 0.73671875 0.0328125 0.0328125
0 0.39609375 0.3625 0.034375 0.04375
0 0.571875 0.18125 0.034375 0.0421875
0 0.43359375 0.70625 0.0375 0.0421875
0 0.33125 0.8 0.0390625 0.0421875
0 0.70234375 0.73828125 0.0390625 0.05625
0 0.63203125 0.5078125 0.0328125 0.0421875
0 0.39609375 0.29609375 0.0421875 0.046875
0 0.4765625 0.30078125 0.034375 0.04375
0 0.3953125 0.19765625 0.0375 0.046875
0 0.3875 0.4828125 0.0359375 0.0421875
0 0.734375 0.4 0.0328125 0.0390625
0 0.353125 0.77890625 0.034375 0.0359375
0 0.7359375 0.56171875 0.0328125 0.0390625
0 0.48828125 0.67265625 0.034375 0.0359375
0 0.60546875 0.19765625 0.0359375 0.0421875
0 0.5640625 0.79765625 0.034375 0.0421875
0 0.5921875 0.61171875 0.034375 0.0359375
0 0.421875 0.33671875 0.0359375 0.040625
0 0.54140625 0.403125 0.03125 0.0375
0 0.42578125 0.37578125 0.0375 0.0359375
0 0.4953125 0.38046875 0.025 0.0328125
0 0.721875 0.3609375 0.0375 0.0390625
0 0.62421875 0.54609375 0.0359375 0.0453125
0 0.46484375 0.71796875 0.0375 0.0484375
0 0.4453125 0.61640625 0.03125 0.0359375
0 0.53203125 0.57578125 0.0265625 0.0265625
0 0.603125 0.51484375 0.0296875 0.04375
0 0.41796875 0.825 0.0359375 0.0359375
0 0.296875 0.2328125 0.0375 0.04375
0 0.76953125 0.58671875 0.0421875 0.0578125
0 0.49765625 0.16171875 0.034375 0.0390625
0 0.296875 0.3171875 0.034375 0.0390625
0 0.77734375 0.51484375 0.0390625 0.0546875
0 0.73046875 0.69140625 0.040625 0.040625
0 0.33125 0.74609375 0.034375 0.040625
0 0.3921875 0.44296875 0.0328125 0.0328125
0 0.49296875 0.4375 0.01875 0.025
0 0.28125 0.35390625 0.0359375 0.0375
0 0.48046875 0.340625 0.034375 0.0390625
0 0.55078125 0.56171875 0.0296875 0.0265625
0 0.5375 0.81796875 0.0375 0.0421875
0 0.52890625 0.4296875 0.0234375 0.0234375
0 0.41796875 0.48671875 0.0234375 0.028125
0 0.45625 0.67265625 0.0296875 0.0375
0 0.43828125 0.11875 0.0375 0.034375
0 0.58125 0.28984375 0.0421875 0.046875
0 0.534375 0.54453125 0.0171875 0.0203125
0 0.69765625 0.6703125 0.03125 0.034375
0 0.54453125 0.65625 0.03125 0.040625
0 0.23984375 0.3671875 0.0375 0.0375
0 0.61484375 0.65703125 0.040625 0.0515625
0 0.5640625 0.38515625 0.034375 0.040625
0 0.40390625 0.40859375 0.0359375 0.040625
0 0.296875 0.7625 0.0390625 0.0421875
0 0.42734375 0.66171875 0.034375 0.0359375
0 0.740625 0.51875 0.03125 0.0359375
0 0.4265625 0.5953125 0.034375 0.0296875
0 0.546875 0.2671875 0.0453125 0.046875
0 0.62265625 0.42890625 0.0359375 0.0375
0 0.50703125 0.44296875 0.01875 0.025
0 0.27578125 0.63515625 0.0359375 0.04375
0 0.39296875 0.5265625 0.0328125 0.0421875
0 0.421875 0.45546875 0.0265625 0.0328125
0 0.40078125 0.13359375 0.0390625 0.0453125
0 0.56328125 0.32421875 0.0328125 0.0359375
0 0.4890625 0.4109375 0.01875 0.0234375
0 0.26484375 0.3984375 0.034375 0.0390625
0 0.4453125 0.31171875 0.0375 0.0421875
0 0.66171875 0.25234375 0.03125 0.0328125
0 0.4765625 0.87421875 0.0390625 0.05
0 0.5328125 0.61640625 0.03125 0.0359375
0 0.36953125 0.22109375 0.03125 0.0390625
0 0.69609375 0.296875 0.015625 0.0265625
0 0.63203125 0.459375 0.034375 0.034375
0 0.359375 0.46171875 0.034375 0.0453125
0 0.71171875 0.6328125 0.034375 0.0328125
0 0.53359375 0.46484375 0.0203125 0.0171875
0 0.43125 0.27109375 0.0390625 0.0421875
0 0.2640625 0.58671875 0.0359375 0.0421875
0 0.5375 0.30703125 0.0328125 0.0421875
0 0.6078125 0.3890625 0.0390625 0.0359375
0 0.25625 0.315625 0.040625 0.0390625
0 0.3671875 0.55 0.0296875 0.0390625
0 0.584375 0.559375 0.0359375 0.0390625
0 0.2578125 0.6734375 0.0375 0.04375
0 0.4703125 0.3890625 0.0265625 0.0328125
0 0.43515625 0.5 0.0234375 0.0234375
0 0.76171875 0.36875 0.0390625 0.046875
0 0.56171875 0.1234375 0.0421875 0.04375
0 0.25546875 0.49765625 0.028125 0.040625
0 0.665625 0.5703125 0.0328125 0.034375
0 0.55546875 0.5 0.01875 0.025
0 0.22578125 0.51171875 0.0296875 0.034375
0 0.28828125 0.675 0.0328125 0.0359375
0 0.36171875 0.16015625 0.0390625 0.04375
0 0.56171875 0.5375 0.0234375 0.0265625
0 0.4890625 0.59609375 0.0234375 0.0296875
0 0.23046875 0.4109375 0.0328125 0.0390625
0 0.51015625 0.59140625 0.021875 0.0265625
0 0.44609375 0.83203125 0.028125 0.040625
0 0.70703125 0.3234375 0.025 0.0203125
0 0.328125 0.1875 0.04375 0.0484375
0 0.5078125 0.4140625 0.01875 0.0234375
0 0.51484375 0.5328125 0.015625 0.0171875
0 0.5390625 0.359375 0.03125 0.0390625
0 0.54765625 0.521875 0.01875 0.025
0 0.48125 0.565625 0.015625 0.0203125
0 0.42265625 0.56171875 0.0375 0.0390625
0 0.66953125 0.50625 0.0390625 0.05
0 0.6828125 0.2921875 0.0265625 0.028125
0 0.4390625 0.52265625 0.01875 0.0203125
0 0.72421875 0.5984375 0.03125 0.034375
0 0.453125 0.46796875 0.015625 0.01875
0 0.44765625 0.40234375 0.0296875 0.0328125
0 0.64453125 0.61015625 0.0359375 0.046875
0 0.25859375 0.5453125 0.0296875 0.040625
0 0.45078125 0.35078125 0.0328125 0.0359375
0 0.44921875 0.5453125 0.01875 0.0203125
0 0.4328125 0.42734375 0.0234375 0.0296875
0 0.60390625 0.4625 0.028125 0.0359375
0 0.53828125 0.48671875 0.0234375 0.01875
0 0.49921875 0.56640625 0.015625 0.021875
0 0.47109375 0.54453125 0.0171875 0.015625
0 0.26015625 0.44453125 0.0328125 0.034375
0 0.275 0.27109375 0.0390625 0.0375
0 0.60859375 0.57578125 0.0359375 0.0328125
0 0.64296875 0.36640625 0.034375 0.040625
0 0.50234375 0.5453125 0.0125 0.015625
0 0.61796875 0.34296875 0.0234375 0.0203125
0 0.63359375 0.21953125 0.028125 0.025
0 0.37265625 0.87265625 0.028125 0.0265625
0 0.7796875 0.44296875 0.0421875 0.053125
0 0.4703125 0.42109375 0.021875 0.025
0 0.45546875 0.43125 0.0203125 0.021875
0 0.61015625 0.48671875 0.0203125 0.0171875
0 0.73671875 0.3109375 0.0390625 0.040625
0 0.55390625 0.46875 0.0171875 0.021875
0 0.6125 0.328125 0.0359375 0.04375
0 0.7125 0.26484375 0.0390625 0.040625
0 0.57265625 0.51171875 0.025 0.028125
0 0.46015625 0.56015625 0.021875 0.0203125