0 0.63359375 0.815625 0.046875 0.0609375
0 0.3703125 0.653125 0.0421875 0.0546875
0 0.396875 0.6859375 0.0421875 0.046875
0 0.40078125 0.85546875 0.040625 0.046875
0 0.6703125 0.778125 0.0421875 0.05625
0 0.38203125 0.59921875 0.0375 0.0453125
0 0.50390625 0.71875 0.0390625 0.05
0 0.59453125 0.78203125 0.034375 0.0453125
0 0.34296875 0.2484375 0.0375 0.040625
0 0.51015625 0.34453125 0.034375 0.046875
0 0.33515625 0.5484375 0.0390625 0.0546875
0 0.33125 0.49453125 0.0390625 0.0484375
0 0.34765625 0.60234375 0.0421875 0.053125
0 0.55625 0.85703125 0.04375 0.053125
0 0.59609375 0.83984375 0.046875 0.0609375
0 0.5421875 0.70625 0.0390625 0.0484375
0 0.6046875 0.14921875 0.04375 0.053125
0 0.3625 0.33984375 0.0390625 0.04375
0 0.5828125 0.28828125 0.0421875 0.05
0 0.34296875 0.38515625 0.0390625 0.0484375
0 0.45390625 0.165625 0.034375 0.0390625
0 0.33203125 0.7984375 0.0390625 0.04375
0 0.74140625 0.43828125 0.034375 0.040625
0 0.5171875 0.38046875 0.025 0.03125
0 0.36015625 0.50859375 0.034375 0.0484375
0 0.5703125 0.6421875 0.0375 0.0375
0 0.59296875 0.35390625 0.0359375 0.04375
0 0.3328125 0.440625 0.04375 0.05
0 0.51640625 0.865625 0.04375 0.0515625
0 0.27421875 0.72109375 0.0375 0.046875
0 0.4765625 0.1109375 0.0390625 0.0375
0 0.3734375 0.41484375 0.034375 0.0453125
0 0.23984375 0.61796875 0.0359375 0.0390625
0 0.5140625 0.66484375 0.0296875 0.0375
0 0.5375 0.165625 0.034375 0.040625
0 0.62265625 0.7671875 0.0359375 0.0421875
0 0.40078125 0.6421875 0.03125 0.04375
0 0.35390625 0.78046875 0.0359375 0.0421875
0 0.33203125 0.19453125 0.0375 0.034375
0 0.57890625 0.68984375 0.0421875 0.0515625
0 0.47734375 0.8328125 0.0375 0.04375
0 0.40078125 0.56875 0.0375 0.04375
0 0.50703125 0.3 0.0328125 0.04375
0 0.51796875 0.11484375 0.0421875 0.04375
0 0.39765625 0.2953125 0.040625 0.0453125
0 0.6453125 0.17578125 0.040625 0.059375
0 0.425 0.178125 0.0328125 0.040625
0 0.44296875 0.5796875 0.0265625 0.028125
0 0.36796875 0.8359375 0.0390625 0.034375
0 0.23125 0.56640625 0.0359375 0.040625
0 0.3203125 0.2828125 0.0390625 0.0453125
0 0.41875 0.825 0.034375 0.034375
0 0.66328125 0.5609375 0.046875 0.0578125
0 0.4328125 0.70625 0.0421875 0.046875
0 0.38515625 0.79765625 0.0390625 0.0484375
0 0.396875 0.196875 0.0375 0.0453125
0 0.4765625 0.875 0.0390625 0.0515625
0 0.54609375 0.26796875 0.04375 0.0484375
0 0.39140625 0.5265625 0.03125 0.04375
0 0.30390625 0.709375 0.03125 0.0359375
0 0.54140625 0.4015625 0.0328125 0.0375
0 0.47421875 0.6296875 0.034375 0.04375
0 0.4453125 0.6171875 0.0328125 0.0375
0 0.41875 0.5203125 0.025 0.03125
0 0.72890625 0.696875 0.0359375 0.053125
0 0.503125 0.62578125 0.028125 0.0359375
0 0.2796875 0.35546875 0.0359375 0.040625
0 0.665625 0.71171875 0.0328125 0.0328125
0 0.53203125 0.575 0.025 0.0265625
0 0.6421875 0.7359375 0.03125 0.0328125
0 0.5640625 0.79765625 0.034375 0.04375
0 0.59296875 0.61171875 0.034375 0.040625
0 0.61328125 0.33125 0.04375 0.046875
0 0.50390625 0.25234375 0.0390625 0.0453125
0 0.465625 0.45 0.0203125 0.0203125
0 0.478125 0.44140625 0.009375 0.01875
0 0.50625 0.44375 0.01875 0.0234375
0 0.29765625 0.7640625 0.0421875 0.046875
0 0.4875 0.671875 0.0328125 0.0390625
0 0.47578125 0.3015625 0.034375 0.0421875
0 0.39609375 0.3625 0.0375 0.0453125
0 0.72265625 0.3625 0.0375 0.0390625
0 0.60390625 0.515625 0.03125 0.04375
0 0.63125 0.5046875 0.0328125 0.040625
0 0.74453125 0.48125 0.034375 0.04375
0 0.465625 0.71953125 0.0375 0.05
0 0.296875 0.23203125 0.040625 0.0421875
0 0.40390625 0.40703125 0.0359375 0.0390625
0 0.43828125 0.1140625 0.0390625 0.05
0 0.3703125 0.221875 0.0328125 0.0453125
0 0.39140625 0.4421875 0.0328125 0.034375
0 0.76953125 0.58828125 0.040625 0.0578125
0 0.77734375 0.5125 0.0375 0.053125
0 0.42734375 0.66171875 0.034375 0.0375
0 0.359375 0.46171875 0.034375 0.046875
0 0.40078125 0.13359375 0.040625 0.04375
0 0.57265625 0.18046875 0.0359375 0.04375
0 0.3875 0.48203125 0.0359375 0.0421875
0 0.73671875 0.56171875 0.034375 0.0421875
0 0.43984375 0.875 0.0375 0.046875
0 0.33046875 0.74453125 0.0328125 0.0390625
0 0.54453125 0.653125 0.03125 0.034375
0 0.56328125 0.384375 0.034375 0.0390625
0 0.63203125 0.46171875 0.034375 0.0390625
0 0.53828125 0.30703125 0.0328125 0.04375
0 0.58828125 0.5578125 0.034375 0.040625
0 0.625 0.54609375 0.0359375 0.04375
0 0.2890625 0.67421875 0.0328125 0.0421875
0 0.2578125 0.6734375 0.0375 0.0484375
0 0.61328125 0.65703125 0.040625 0.059375
0 0.4296875 0.271875 0.0390625 0.04375
0 0.4953125 0.3796875 0.0234375 0.028125
0 0.53359375 0.6171875 0.03125 0.0359375
0 0.74140625 0.5171875 0.0296875 0.0328125
0 0.421875 0.3359375 0.0359375 0.0421875
0 0.23125 0.4109375 0.034375 0.04375
0 0.22734375 0.459375 0.0296875 0.0390625
0 0.3671875 0.54921875 0.0296875 0.0390625
0 0.25546875 0.4984375 0.0296875 0.0390625
0 0.5390625 0.81875 0.0359375 0.04375
0 0.49375 0.43671875 0.01875 0.0234375
0 0.296875 0.3140625 0.0328125 0.0390625
0 0.496875 0.159375 0.034375 0.0375
0 0.7015625 0.73671875 0.0359375 0.0515625
0 0.684375 0.296875 0.028125 0.03125
0 0.4453125 0.3125 0.0375 0.0453125
0 0.421875 0.45546875 0.0265625 0.0375
0 0.46953125 0.38984375 0.028125 0.0328125
0 0.48046875 0.340625 0.03125 0.0359375
0 0.5109375 0.59296875 0.0265625 0.03125
0 0.26484375 0.3984375 0.034375 0.040625
0 0.66875 0.50625 0.0359375 0.0515625
0 0.2640625 0.58984375 0.0328125 0.04375
0 0.4265625 0.5953125 0.034375 0.03125
0 0.3609375 0.159375 0.04375 0.05
0 0.425 0.37578125 0.0390625 0.0359375
0 0.4578125 0.67265625 0.028125 0.0375
0 0.53984375 0.35859375 0.0296875 0.0375
0 0.4640625 0.2546875 0.0390625 0.040625
0 0.6609375 0.2515625 0.0296875 0.03125
0 0.27578125 0.63515625 0.034375 0.0421875
0 0.58671875 0.421875 0.0359375 0.040625
0 0.2578125 0.44609375 0.0296875 0.0296875
0 0.5625 0.325 0.034375 0.0359375
0 0.6234375 0.428125 0.034375 0.0375
0 0.7109375 0.63359375 0.0375 0.0359375
0 0.703125 0.33203125 0.0296875 0.0375
0 0.521875 0.44765625 0.015625 0.01875
0 0.54140625 0.44453125 0.01875 0.021875
0 0.56015625 0.4296875 0.028125 0.0265625
0 0.64453125 0.61171875 0.0375 0.0515625
0 0.46953125 0.4140625 0.015625 0.01875
0 0.4890625 0.41171875 0.01875 0.0234375
0 0.6078125 0.19765625 0.0359375 0.0421875
0 0.53515625 0.54375 0.0171875 0.0203125
0 0.45078125 0.4875 0.009375 0.015625
0 0.45390625 0.46796875 0.015625 0.0203125
0 0.4390625 0.521875 0.0203125 0.0203125
0 0.55078125 0.56171875 0.0296875 0.028125
0 0.2421875 0.3625 0.0234375 0.034375
0 0.73515625 0.3984375 0.0359375 0.0390625
0 0.425 0.56171875 0.0390625 0.040625
0 0.52734375 0.428125 0.021875 0.021875
0 0.43515625 0.5 0.0234375 0.025
0 0.76484375 0.3625 0.03125 0.0359375
0 0.446875 0.8328125 0.028125 0.04375
0 0.60859375 0.38828125 0.0359375 0.0375
0 0.44453125 0.44921875 0.021875 0.021875
0 0.22890625 0.5140625 0.0234375 0.0296875
0 0.46328125 0.55859375 0.0140625 0.0203125
0 0.446875 0.54140625 0.01875 0.0171875
0 0.47265625 0.5421875 0.0109375 0.015625
0 0.48671875 0.54375 0.015625 0.0171875
0 0.5015625 0.53984375 0.0140625 0.015625
0 0.51484375 0.534375 0.015625 0.01875
0 0.2546875 0.3171875 0.040625 0.0421875
0 0.48828125 0.596875 0.0234375 0.028125
0 0.64296875 0.3765625 0.0390625 0.059375
0 0.71328125 0.265625 0.040625 0.0453125
0 0.6984375 0.66875 0.0328125 0.034375
0 0.278125 0.27109375 0.03125 0.03125
0 0.48125 0.56640625 0.015625 0.021875
0 0.55546875 0.15859375 0.0265625 0.025
0 0.45 0.3515625 0.034375 0.0375
0 0.72265625 0.59921875 0.0296875 0.034375
0 0.4171875 0.4875 0.021875 0.0296875
0 0.44765625 0.40234375 0.0296875 0.034375
0 0.50859375 0.41484375 0.01875 0.0234375
0 0.603125 0.46171875 0.0296875 0.0390625
0 0.546875 0.521875 0.0203125 0.025
0 0.525 0.5171875 0.0125 0.015625
0 0.5328125 0.50234375 0.015625 0.0125
0 0.5359375 0.48125 0.015625 0.021875
0 0.534375 0.46484375 0.0203125 0.0171875
0 0.60859375 0.578125 0.0359375 0.0375
0 0.6625 0.4359375 0.0390625 0.053125
0 0.63359375 0.22578125 0.0265625 0.0296875
0 0.43203125 0.42578125 0.025 0.0296875
0 0.49921875 0.56640625 0.0171875 0.025
0 0.61015625 0.48671875 0.0234375 0.0203125
0 0.259375 0.53984375 0.028125 0.028125
0 0.56484375 0.12109375 0.05 0.0484375
0 0.68359375 0.2140625 0.034375 0.053125
0 0.4359375 0.47265625 0.0203125 0.0234375
0 0.55546875 0.50078125 0.01875 0.0234375
0 0.56171875 0.53828125 0.0234375 0.0265625
0 0.775 0.4421875 0.0328125 0.065625
0 0.7375 0.31171875 0.0390625 0.0515625
0 0.46015625 0.5296875 0.0109375 0.0203125
0 0.45390625 0.515625 0.0125 0.0125
0 0.55234375 0.46875 0.01875 0.0265625
0 0.4546875 0.4296875 0.01875 0.0234375
0 0.571875 0.509375 0.01875 0.0234375
0 0.5796875 0.4859375 0.0203125 0.021875
0 0.5734375 0.4578125 0.021875 0.0296875
0 0.75546875 0.64609375 0.0453125 0.05625