0 0.6703125 0.77890625 0.04375 0.059375
0 0.36953125 0.6515625 0.040625 0.053125
0 0.6359375 0.815625 0.0421875 0.059375
0 0.54296875 0.70859375 0.040625 0.0546875
0 0.51640625 0.38203125 0.0234375 0.0328125
0 0.396875 0.68515625 0.0421875 0.0484375
0 0.515625 0.86484375 0.04375 0.0515625
0 0.37265625 0.41484375 0.0359375 0.046875
0 0.59453125 0.7828125 0.0359375 0.046875
0 0.334375 0.5484375 0.0390625 0.0546875
0 0.34765625 0.603125 0.04375 0.0546875
0 0.55625 0.85703125 0.04375 0.053125
0 0.33203125 0.49296875 0.040625 0.0515625
0 0.39921875 0.853125 0.0390625 0.0421875
0 0.34296875 0.2484375 0.0375 0.0390625
0 0.478125 0.8328125 0.0390625 0.04375
0 0.275 0.7203125 0.0390625 0.0484375
0 0.33125 0.8015625 0.0390625 0.0484375
0 0.23125 0.56640625 0.0359375 0.0421875
0 0.60625 0.1484375 0.04375 0.05625
0 0.38515625 0.796875 0.040625 0.0484375
0 0.3421875 0.3859375 0.0390625 0.046875
0 0.4390625 0.87421875 0.040625 0.0484375
0 0.64609375 0.175 0.04375 0.059375
0 0.3640625 0.8375 0.0453125 0.040625
0 0.5703125 0.6421875 0.0375 0.0390625
0 0.42578125 0.18046875 0.034375 0.04375
0 0.240625 0.61796875 0.0359375 0.0421875
0 0.39609375 0.36328125 0.0359375 0.04375
0 0.29609375 0.7625 0.04375 0.05
0 0.50390625 0.72109375 0.040625 0.0546875
0 0.5921875 0.35546875 0.0359375 0.0453125
0 0.51796875 0.115625 0.0421875 0.0453125
0 0.3328125 0.440625 0.04375 0.0515625
0 0.63046875 0.50859375 0.0328125 0.0421875
0 0.396875 0.29609375 0.0421875 0.0484375
0 0.3625 0.340625 0.0421875 0.04375
0 0.51484375 0.6640625 0.0296875 0.0390625
0 0.4546875 0.16640625 0.0359375 0.040625
0 0.38203125 0.59921875 0.034375 0.0453125
0 0.5953125 0.83984375 0.046875 0.0609375
0 0.40078125 0.134375 0.040625 0.046875
0 0.58046875 0.2890625 0.040625 0.046875
0 0.60546875 0.1984375 0.0375 0.040625
0 0.50390625 0.25234375 0.0390625 0.046875
0 0.40078125 0.56875 0.0359375 0.04375
0 0.43828125 0.11953125 0.040625 0.0453125
0 0.359375 0.50859375 0.034375 0.046875
0 0.35390625 0.77890625 0.0359375 0.040625
0 0.578125 0.690625 0.0421875 0.0515625
0 0.53828125 0.1640625 0.0328125 0.0390625
0 0.621875 0.76640625 0.0359375 0.0390625
0 0.5640625 0.38671875 0.034375 0.04375
0 0.54375 0.26484375 0.04375 0.046875
0 0.396875 0.196875 0.034375 0.046875
0 0.48046875 0.340625 0.034375 0.0390625
0 0.4765625 0.11015625 0.0375 0.0390625
0 0.76953125 0.58671875 0.040625 0.059375
0 0.5109375 0.34609375 0.0328125 0.0453125
0 0.7359375 0.5609375 0.034375 0.0421875
0 0.43359375 0.70625 0.0375 0.046875
0 0.70234375 0.7375 0.0421875 0.05625
0 0.5078125 0.30078125 0.034375 0.0484375
0 0.44296875 0.5796875 0.028125 0.028125
0 0.39453125 0.44375 0.0375 0.0359375
0 0.41875 0.5203125 0.025 0.03125
0 0.4953125 0.38125 0.025 0.0359375
0 0.33046875 0.746875 0.0328125 0.04375
0 0.625 0.54609375 0.0375 0.04375
0 0.47734375 0.3 0.0328125 0.0421875
0 0.7296875 0.69609375 0.0421875 0.0546875
0 0.28125 0.35390625 0.0375 0.0390625
0 0.5640625 0.7984375 0.0328125 0.04375
0 0.46484375 0.71796875 0.0390625 0.0484375
0 0.390625 0.52734375 0.0328125 0.04375
0 0.73515625 0.3984375 0.0359375 0.040625
0 0.740625 0.51796875 0.0296875 0.034375
0 0.37109375 0.2234375 0.034375 0.0453125
0 0.72265625 0.36328125 0.034375 0.0390625
0 0.50234375 0.625 0.028125 0.0359375
0 0.421875 0.3359375 0.034375 0.0421875
0 0.7640625 0.36953125 0.0453125 0.053125
0 0.47890625 0.87421875 0.0390625 0.0515625
0 0.53203125 0.5765625 0.0265625 0.028125
0 0.571875 0.18125 0.0375 0.04375
0 0.471875 0.63046875 0.03125 0.0453125
0 0.2546875 0.49765625 0.03125 0.0453125
0 0.66640625 0.7109375 0.034375 0.0328125
0 0.2953125 0.23203125 0.0390625 0.0453125
0 0.48671875 0.67265625 0.0328125 0.0390625
0 0.3875 0.4828125 0.034375 0.04375
0 0.296875 0.3140625 0.0359375 0.0390625
0 0.64296875 0.734375 0.0328125 0.034375
0 0.7421875 0.43828125 0.0328125 0.0390625
0 0.59140625 0.6125 0.034375 0.0390625
0 0.49375 0.43671875 0.01875 0.0265625
0 0.32109375 0.28203125 0.0375 0.0421875
0 0.5375 0.8171875 0.0359375 0.040625
0 0.53359375 0.61796875 0.03125 0.0390625
0 0.2265625 0.46171875 0.0328125 0.040625
0 0.4 0.6390625 0.03125 0.0421875
0 0.7125 0.26796875 0.04375 0.0484375
0 0.60390625 0.51484375 0.03125 0.04375
0 0.41796875 0.8234375 0.034375 0.034375
0 0.4171875 0.4875 0.025 0.03125
0 0.66015625 0.5609375 0.0421875 0.0578125
0 0.54140625 0.40390625 0.0328125 0.0390625
0 0.44609375 0.31484375 0.034375 0.04375
0 0.2640625 0.58984375 0.0359375 0.0453125
0 0.74375 0.48203125 0.034375 0.0421875
0 0.61015625 0.5796875 0.0359375 0.04375
0 0.40390625 0.40625 0.0359375 0.0390625
0 0.5609375 0.4296875 0.0296875 0.0296875
0 0.42578125 0.3765625 0.0375 0.0359375
0 0.584375 0.559375 0.0359375 0.0390625
0 0.66171875 0.2578125 0.0359375 0.0421875
0 0.3671875 0.55078125 0.03125 0.0421875
0 0.64453125 0.6140625 0.0390625 0.0609375
0 0.60859375 0.38984375 0.0359375 0.0390625
0 0.25703125 0.67421875 0.0390625 0.05
0 0.63203125 0.46171875 0.034375 0.034375
0 0.265625 0.39921875 0.034375 0.04375
0 0.43046875 0.27265625 0.0390625 0.0484375
0 0.50703125 0.44453125 0.0171875 0.0234375
0 0.36015625 0.46171875 0.034375 0.0484375
0 0.621875 0.42890625 0.0359375 0.0375
0 0.2875 0.67578125 0.0328125 0.040625
0 0.4265625 0.59609375 0.034375 0.03125
0 0.56328125 0.32265625 0.034375 0.0421875
0 0.778125 0.5140625 0.0375 0.05625
0 0.4265625 0.6609375 0.034375 0.0390625
0 0.421875 0.45546875 0.025 0.0328125
0 0.49765625 0.16328125 0.034375 0.04375
0 0.53828125 0.3078125 0.03125 0.0453125
0 0.46484375 0.253125 0.0375 0.0375
0 0.4703125 0.390625 0.0296875 0.0328125
0 0.428125 0.559375 0.03125 0.0390625
0 0.3625 0.16484375 0.0421875 0.0421875
0 0.61484375 0.6578125 0.0390625 0.05625
0 0.5453125 0.653125 0.03125 0.034375
0 0.61328125 0.33046875 0.0421875 0.046875
0 0.3265625 0.18828125 0.046875 0.0453125
0 0.77578125 0.44453125 0.0359375 0.0546875
0 0.25546875 0.31640625 0.04375 0.0421875
0 0.528125 0.42890625 0.0234375 0.021875
0 0.4390625 0.52265625 0.021875 0.0234375
0 0.2609375 0.54453125 0.03125 0.04375
0 0.5640625 0.12265625 0.0453125 0.05
0 0.66953125 0.50625 0.040625 0.0515625
0 0.4453125 0.61640625 0.03125 0.0359375
0 0.69765625 0.6671875 0.0359375 0.0390625
0 0.23125 0.41015625 0.0375 0.0484375
0 0.63359375 0.22421875 0.028125 0.0390625
0 0.2578125 0.446875 0.03125 0.0390625
0 0.68046875 0.215625 0.04375 0.05625
0 0.51640625 0.53359375 0.015625 0.01875
0 0.43515625 0.5 0.0234375 0.025
0 0.53828125 0.359375 0.03125 0.0390625
0 0.55390625 0.1609375 0.0296875 0.0296875
0 0.45703125 0.67109375 0.028125 0.0359375
0 0.7109375 0.63203125 0.0375 0.0359375
0 0.45 0.35234375 0.0359375 0.0390625
0 0.58515625 0.4203125 0.034375 0.0375
0 0.509375 0.59296875 0.025 0.028125
0 0.4890625 0.41171875 0.01875 0.021875
0 0.44609375 0.83125 0.0296875 0.0390625
0 0.43046875 0.42578125 0.028125 0.03125
0 0.44375 0.44921875 0.021875 0.0234375
0 0.30546875 0.709375 0.0296875 0.0359375
0 0.2765625 0.63671875 0.034375 0.0421875
0 0.4609375 0.56171875 0.0265625 0.025
0 0.45 0.546875 0.0203125 0.0234375
0 0.5078125 0.41484375 0.01875 0.0234375
0 0.22578125 0.51484375 0.034375 0.0390625
0 0.5625 0.53828125 0.028125 0.0296875
0 0.6828125 0.29765625 0.028125 0.0296875
0 0.6421875 0.36484375 0.0359375 0.0359375
0 0.534375 0.54453125 0.01875 0.0203125
0 0.44765625 0.40234375 0.0296875 0.0359375
0 0.72421875 0.59921875 0.0328125 0.0390625
0 0.275 0.2703125 0.0390625 0.0375
0 0.48828125 0.596875 0.021875 0.028125
0 0.534375 0.46484375 0.021875 0.0171875
0 0.51640625 0.5578125 0.01875 0.0203125
0 0.3734375 0.87109375 0.0328125 0.03125
0 0.60390625 0.46171875 0.028125 0.0328125
0 0.546875 0.52265625 0.0203125 0.028125
0 0.7359375 0.31171875 0.040625 0.040625
0 0.2375 0.36796875 0.0375 0.0375
0 0.48125 0.56640625 0.0140625 0.0203125
0 0.55078125 0.56015625 0.0296875 0.025
0 0.55625 0.59765625 0.0390625 0.0421875
0 0.703125 0.33203125 0.0296875 0.0375
0 0.57890625 0.48515625 0.028125 0.0265625
0 0.55625 0.49765625 0.01875 0.025
0 0.690625 0.22734375 0.028125 0.028125
0 0.759375 0.65 0.03125 0.0578125
0 0.5546875 0.46796875 0.0171875 0.021875
0 0.61171875 0.4859375 0.025 0.01875
0 0.4640625 0.59453125 0.025 0.0296875