0 0.6703125 0.77890625 0.04375 0.059375
0 0.33046875 0.49375 0.0390625 0.053125
0 0.33203125 0.43984375 0.04375 0.0515625
0 0.55703125 0.85703125 0.0453125 0.0546875
0 0.6359375 0.81640625 0.04375 0.0625
0 0.29765625 0.76484375 0.04375 0.053125
0 0.6046875 0.15 0.046875 0.0625
0 0.3421875 0.24921875 0.0359375 0.0453125
0 0.2734375 0.72109375 0.0390625 0.0515625
0 0.396875 0.296875 0.0421875 0.0515625
0 0.359375 0.50859375 0.0375 0.0515625
0 0.396875 0.68515625 0.0421875 0.046875
0 0.3203125 0.2828125 0.0375 0.046875
0 0.64609375 0.175 0.0453125 0.0625
0 0.5140625 0.66484375 0.0328125 0.0390625
0 0.5421875 0.70703125 0.0390625 0.0515625
0 0.346875 0.60234375 0.0421875 0.0546875
0 0.50390625 0.7203125 0.040625 0.053125
0 0.47578125 0.875 0.040625 0.0515625
0 0.7703125 0.58671875 0.04375 0.059375
0 0.34296875 0.3859375 0.0421875 0.0484375
0 0.296875 0.315625 0.0375 0.0453125
0 0.49453125 0.38046875 0.025 0.034375
0 0.50625 0.3015625 0.0359375 0.05
0 0.51484375 0.86328125 0.0390625 0.05
0 0.43828125 0.87578125 0.040625 0.05
0 0.43203125 0.7078125 0.04375 0.0484375
0 0.396875 0.19765625 0.0375 0.0484375
0 0.30546875 0.71328125 0.034375 0.046875
0 0.54609375 0.26796875 0.046875 0.053125
0 0.2390625 0.61875 0.0375 0.046875
0 0.7125 0.26875 0.04375 0.0578125
0 0.46484375 0.71953125 0.040625 0.05
0 0.33046875 0.79921875 0.0390625 0.0515625
0 0.51796875 0.11875 0.04375 0.053125
0 0.278125 0.3546875 0.0390625 0.0421875
0 0.36953125 0.65 0.0421875 0.0515625
0 0.59453125 0.7828125 0.034375 0.046875
0 0.57890625 0.6921875 0.0390625 0.0625
0 0.3625 0.33828125 0.0421875 0.0484375
0 0.259375 0.44921875 0.0359375 0.0484375
0 0.50390625 0.25390625 0.0390625 0.0515625
0 0.45390625 0.165625 0.034375 0.040625
0 0.60546875 0.2 0.0375 0.0453125
0 0.37265625 0.41484375 0.0328125 0.046875
0 0.73359375 0.39921875 0.034375 0.0453125
0 0.3703125 0.221875 0.034375 0.046875
0 0.5703125 0.6421875 0.0390625 0.040625
0 0.5953125 0.83671875 0.04375 0.05625
0 0.265625 0.39921875 0.0359375 0.046875
0 0.5109375 0.3453125 0.0328125 0.0453125
0 0.496875 0.16328125 0.0375 0.0484375
0 0.39921875 0.85390625 0.0390625 0.0421875
0 0.38203125 0.6015625 0.0375 0.0515625
0 0.57265625 0.18203125 0.0359375 0.0453125
0 0.778125 0.51328125 0.0390625 0.059375
0 0.23046875 0.565625 0.0375 0.04375
0 0.48046875 0.3421875 0.034375 0.04375
0 0.4765625 0.1171875 0.040625 0.04375
0 0.43046875 0.27265625 0.040625 0.05
0 0.42578125 0.178125 0.0328125 0.040625
0 0.51640625 0.38125 0.0234375 0.0359375
0 0.334375 0.54765625 0.040625 0.0546875
0 0.53671875 0.16640625 0.040625 0.040625
0 0.6640625 0.5609375 0.04375 0.05625
0 0.4796875 0.8328125 0.0421875 0.046875
0 0.52890625 0.42890625 0.025 0.025
0 0.3671875 0.553125 0.0328125 0.046875
0 0.5625 0.12734375 0.0515625 0.065625
0 0.465625 0.25859375 0.0390625 0.046875
0 0.38515625 0.796875 0.040625 0.0484375
0 0.56328125 0.3859375 0.0359375 0.0453125
0 0.74453125 0.47890625 0.0359375 0.0484375
0 0.5640625 0.80078125 0.0328125 0.046875
0 0.665625 0.71328125 0.0359375 0.0375
0 0.621875 0.76640625 0.0390625 0.0421875
0 0.36328125 0.8375 0.04375 0.04375
0 0.22421875 0.4625 0.0375 0.04375
0 0.3953125 0.3625 0.034375 0.0453125
0 0.72109375 0.36328125 0.0390625 0.0421875
0 0.42109375 0.334375 0.0359375 0.046875
0 0.40078125 0.64140625 0.03125 0.04375
0 0.41796875 0.52109375 0.0265625 0.0359375
0 0.5921875 0.35234375 0.0359375 0.0453125
0 0.40234375 0.5671875 0.034375 0.046875
0 0.359375 0.4609375 0.0359375 0.053125
0 0.64375 0.371875 0.04375 0.0546875
0 0.25625 0.49765625 0.0328125 0.0484375
0 0.44609375 0.31484375 0.0359375 0.04375
0 0.73203125 0.69765625 0.046875 0.0609375
0 0.40078125 0.14453125 0.0453125 0.05625
0 0.4375 0.11953125 0.0390625 0.04375
0 0.53671875 0.8171875 0.0359375 0.0421875
0 0.53359375 0.615625 0.034375 0.0390625
0 0.7359375 0.3140625 0.040625 0.0515625
0 0.5859375 0.421875 0.0359375 0.0421875
0 0.44921875 0.35234375 0.0359375 0.04375
0 0.625 0.5453125 0.0375 0.046875
0 0.58046875 0.290625 0.0421875 0.053125
0 0.47265625 0.63125 0.0328125 0.0484375
0 0.54140625 0.40234375 0.03125 0.0390625
0 0.615625 0.328125 0.040625 0.053125
0 0.74140625 0.43828125 0.034375 0.04375
0 0.77578125 0.44296875 0.0390625 0.05625
0 0.4765625 0.30078125 0.0328125 0.04375
0 0.53203125 0.57578125 0.0265625 0.0296875
0 0.42578125 0.3765625 0.0390625 0.0390625
0 0.7359375 0.56171875 0.0359375 0.04375
0 0.3875 0.48203125 0.034375 0.04375
0 0.44296875 0.5796875 0.028125 0.0296875
0 0.2296875 0.4109375 0.040625 0.05
0 0.296875 0.23125 0.040625 0.046875
0 0.39296875 0.52890625 0.034375 0.0421875
0 0.6703125 0.50390625 0.04375 0.059375
0 0.2765625 0.6359375 0.0359375 0.0515625
0 0.2609375 0.54765625 0.034375 0.0484375
0 0.70078125 0.73828125 0.0390625 0.05625
0 0.6078125 0.3875 0.0359375 0.0421875
0 0.4046875 0.40703125 0.0359375 0.04375
0 0.64375 0.73671875 0.0375 0.0390625
0 0.23671875 0.3703125 0.04375 0.0453125
0 0.3921875 0.44296875 0.0359375 0.0375
0 0.61015625 0.57890625 0.0390625 0.0421875
0 0.49296875 0.4375 0.01875 0.0265625
0 0.73984375 0.51875 0.0328125 0.0390625
0 0.48828125 0.67421875 0.034375 0.04375
0 0.4265625 0.56015625 0.034375 0.0421875
0 0.46953125 0.38984375 0.0296875 0.034375
0 0.53828125 0.309375 0.0328125 0.053125
0 0.60390625 0.51484375 0.03125 0.046875
0 0.28828125 0.67734375 0.0359375 0.04375
0 0.6609375 0.2578125 0.0359375 0.0421875
0 0.25 0.31796875 0.04375 0.0453125
0 0.61328125 0.6578125 0.040625 0.059375
0 0.4265625 0.59765625 0.034375 0.0375
0 0.6625 0.43515625 0.0390625 0.05625
0 0.68671875 0.2953125 0.0359375 0.040625
0 0.56015625 0.43046875 0.03125 0.0328125
0 0.696875 0.66953125 0.0359375 0.04375
0 0.6328125 0.46484375 0.0359375 0.046875
0 0.33046875 0.746875 0.0359375 0.05
0 0.59296875 0.61171875 0.034375 0.0421875
0 0.68046875 0.215625 0.046875 0.05625
0 0.2640625 0.58984375 0.0359375 0.046875
0 0.7109375 0.63203125 0.0390625 0.0390625
0 0.5625 0.3203125 0.0421875 0.046875
0 0.63203125 0.22578125 0.0359375 0.0453125
0 0.42734375 0.6625 0.0359375 0.040625
0 0.25703125 0.6734375 0.0390625 0.0515625
0 0.225 0.51328125 0.034375 0.0421875
0 0.503125 0.6265625 0.0296875 0.0375
0 0.725 0.59921875 0.0359375 0.0390625
0 0.70546875 0.33125 0.0359375 0.0390625
0 0.4171875 0.48828125 0.0265625 0.034375
0 0.35390625 0.77890625 0.0359375 0.040625
0 0.45703125 0.675 0.03125 0.0453125
0 0.54453125 0.65546875 0.0328125 0.040625
0 0.43515625 0.5 0.025 0.0265625
0 0.44609375 0.6171875 0.03125 0.0375
0 0.55234375 0.56171875 0.03125 0.03125
0 0.4296875 0.4265625 0.03125 0.0328125
0 0.64296875 0.61171875 0.0421875 0.0546875
0 0.48984375 0.41328125 0.01875 0.025
0 0.5078125 0.41484375 0.0203125 0.0265625
0 0.44765625 0.83125 0.0296875 0.0421875
0 0.41796875 0.825 0.0359375 0.040625
0 0.50703125 0.4421875 0.01875 0.025
0 0.440625 0.52265625 0.025 0.025
0 0.45625 0.43046875 0.0234375 0.021875
0 0.53984375 0.3609375 0.0328125 0.0421875
0 0.55546875 0.4984375 0.0203125 0.0265625
0 0.584375 0.56015625 0.0359375 0.0390625
0 0.5140625 0.53515625 0.0234375 0.021875
0 0.44375 0.4484375 0.021875 0.021875
0 0.63046875 0.50546875 0.0328125 0.0421875
0 0.5546875 0.47109375 0.021875 0.028125
0 0.48828125 0.59765625 0.025 0.0296875
0 0.4546875 0.4671875 0.0171875 0.0203125
0 0.44765625 0.4015625 0.0296875 0.0359375
0 0.76015625 0.6515625 0.0484375 0.0625
0 0.56328125 0.53828125 0.028125 0.028125
0 0.765625 0.37265625 0.046875 0.059375
0 0.60546875 0.46796875 0.034375 0.05
0 0.53515625 0.5453125 0.021875 0.0234375
0 0.421875 0.4546875 0.0265625 0.034375
0 0.4625 0.5625 0.0265625 0.0296875
0 0.4640625 0.5953125 0.025 0.03125
0 0.534375 0.46484375 0.021875 0.0171875
0 0.62265625 0.428125 0.0359375 0.0421875
0 0.509375 0.590625 0.028125 0.03125