0 0.39921875 0.85546875 0.0375 0.04375
0 0.51640625 0.865625 0.0421875 0.0515625
0 0.63203125 0.815625 0.046875 0.059375
0 0.33515625 0.54765625 0.0390625 0.053125
0 0.346875 0.603125 0.0421875 0.0515625
0 0.371875 0.65390625 0.04375 0.0515625
0 0.29765625 0.7640625 0.04375 0.05
0 0.365625 0.8375 0.0390625 0.0375
0 0.396875 0.684375 0.04375 0.046875
0 0.6703125 0.77890625 0.0421875 0.05625
0 0.359375 0.50859375 0.034375 0.0484375
0 0.55546875 0.85703125 0.0421875 0.053125
0 0.23125 0.565625 0.0359375 0.0390625
0 0.34375 0.2484375 0.0390625 0.04375
0 0.38203125 0.6 0.0375 0.046875
0 0.5421875 0.70625 0.0390625 0.0484375
0 0.50390625 0.72109375 0.0421875 0.053125
0 0.665625 0.7109375 0.0328125 0.03125
0 0.5921875 0.35390625 0.0359375 0.0421875
0 0.38515625 0.79765625 0.0390625 0.046875
0 0.3625 0.3390625 0.0421875 0.04375
0 0.3328125 0.43984375 0.04375 0.0484375
0 0.5703125 0.6421875 0.0375 0.0390625
0 0.28046875 0.353125 0.0359375 0.0375
0 0.59453125 0.7828125 0.0328125 0.0453125
0 0.5953125 0.84140625 0.04375 0.0578125
0 0.60546875 0.1515625 0.04375 0.0359375
0 0.37421875 0.4109375 0.0375 0.0453125
0 0.471875 0.63046875 0.0328125 0.0453125
0 0.3421875 0.3859375 0.0390625 0.046875
0 0.51796875 0.11328125 0.0421875 0.04375
0 0.27421875 0.7203125 0.0375 0.046875
0 0.44375 0.57890625 0.0265625 0.028125
0 0.57890625 0.6921875 0.04375 0.0546875
0 0.7421875 0.4375 0.0328125 0.040625
0 0.33046875 0.49375 0.0375 0.0484375
0 0.4765625 0.1109375 0.0390625 0.0375
0 0.23984375 0.61875 0.034375 0.040625
0 0.621875 0.76796875 0.0390625 0.040625
0 0.39609375 0.36171875 0.0359375 0.0453125
0 0.40078125 0.5671875 0.0359375 0.04375
0 0.5390625 0.484375 0.0140625 0.0171875
0 0.56015625 0.4296875 0.028125 0.0296875
0 0.33203125 0.79921875 0.0390625 0.0390625
0 0.61328125 0.6578125 0.04375 0.059375
0 0.3875 0.48203125 0.0359375 0.040625
0 0.321875 0.2828125 0.0390625 0.0453125
0 0.45390625 0.16484375 0.034375 0.0359375
0 0.51015625 0.34609375 0.0328125 0.0453125
0 0.50390625 0.2515625 0.0390625 0.040625
0 0.396875 0.2953125 0.040625 0.046875
0 0.46484375 0.71796875 0.0390625 0.0515625
0 0.43984375 0.875 0.040625 0.05
0 0.64453125 0.17265625 0.0375 0.0515625
0 0.47890625 0.83203125 0.034375 0.040625
0 0.73125 0.69296875 0.0390625 0.0453125
0 0.5640625 0.38515625 0.0359375 0.040625
0 0.39609375 0.196875 0.0375 0.0453125
0 0.50703125 0.3 0.034375 0.046875
0 0.62578125 0.54609375 0.0359375 0.04375
0 0.53515625 0.54453125 0.01875 0.0203125
0 0.54453125 0.65625 0.0328125 0.0390625
0 0.5140625 0.6640625 0.0296875 0.040625
0 0.421875 0.45546875 0.025 0.0328125
0 0.58046875 0.28828125 0.0421875 0.046875
0 0.528125 0.428125 0.0234375 0.021875
0 0.43828125 0.1171875 0.0390625 0.04375
0 0.51640625 0.3828125 0.0234375 0.0328125
0 0.50234375 0.6265625 0.028125 0.0375
0 0.63203125 0.50625 0.0328125 0.0390625
0 0.42578125 0.178125 0.03125 0.0390625
0 0.39375 0.44296875 0.0359375 0.034375
0 0.4765625 0.30078125 0.0328125 0.0421875
0 0.40078125 0.6390625 0.0328125 0.04375
0 0.60390625 0.515625 0.028125 0.040625
0 0.5375 0.1640625 0.03125 0.0359375
0 0.734375 0.39921875 0.0359375 0.0390625
0 0.28828125 0.67421875 0.0328125 0.0421875
0 0.49296875 0.4375 0.01875 0.025
0 0.60546875 0.1984375 0.034375 0.040625
0 0.5421875 0.403125 0.03125 0.0375
0 0.5578125 0.6 0.0375 0.05
0 0.59296875 0.6125 0.0359375 0.0390625
0 0.53203125 0.57578125 0.025 0.025
0 0.4015625 0.13671875 0.040625 0.0421875
0 0.63203125 0.4625 0.0359375 0.0375
0 0.33125 0.74453125 0.034375 0.0390625
0 0.74453125 0.478125 0.0359375 0.0453125
0 0.5328125 0.6171875 0.03125 0.0359375
0 0.4296875 0.2703125 0.0375 0.0390625
0 0.6625 0.56015625 0.04375 0.0546875
0 0.35390625 0.778125 0.0328125 0.0359375
0 0.4453125 0.61640625 0.03125 0.034375
0 0.42734375 0.375 0.0359375 0.0359375
0 0.48828125 0.6734375 0.0328125 0.0390625
0 0.44609375 0.3125 0.0359375 0.04375
0 0.4328125 0.70703125 0.0359375 0.04375
0 0.51015625 0.5921875 0.0265625 0.0296875
0 0.55078125 0.56171875 0.0296875 0.0265625
0 0.2265625 0.46171875 0.03125 0.0390625
0 0.74140625 0.51640625 0.028125 0.03125
0 0.61328125 0.33046875 0.04375 0.0453125
0 0.2546875 0.49609375 0.028125 0.0375
0 0.3703125 0.2203125 0.034375 0.040625
0 0.390625 0.52578125 0.0328125 0.0421875
0 0.40546875 0.4078125 0.0359375 0.0390625
0 0.64296875 0.73515625 0.0328125 0.034375
0 0.7359375 0.56015625 0.0296875 0.0390625
0 0.50703125 0.44453125 0.0171875 0.0234375
0 0.47890625 0.875 0.0390625 0.0515625
0 0.4796875 0.33984375 0.034375 0.0375
0 0.584375 0.559375 0.034375 0.0375
0 0.5640625 0.79765625 0.034375 0.0421875
0 0.53828125 0.30703125 0.03125 0.04375
0 0.42109375 0.33515625 0.0328125 0.040625
0 0.4171875 0.821875 0.034375 0.0359375
0 0.515625 0.53359375 0.0171875 0.01875
0 0.703125 0.73984375 0.040625 0.0546875
0 0.2375 0.36640625 0.0375 0.040625
0 0.72265625 0.359375 0.0359375 0.0359375
0 0.41875 0.51875 0.025 0.028125
0 0.3046875 0.71015625 0.0296875 0.034375
0 0.42578125 0.59609375 0.0328125 0.03125
0 0.2703125 0.26953125 0.0421875 0.0484375
0 0.296875 0.23125 0.0390625 0.0421875
0 0.56328125 0.3234375 0.0359375 0.040625
0 0.359375 0.46328125 0.034375 0.0453125
0 0.425 0.5609375 0.0359375 0.040625
0 0.25703125 0.675 0.0375 0.0453125
0 0.71015625 0.6328125 0.0359375 0.034375
0 0.60859375 0.38984375 0.0359375 0.0390625
0 0.44609375 0.83125 0.03125 0.04375
0 0.4984375 0.16328125 0.0359375 0.0453125
0 0.62265625 0.42890625 0.034375 0.0375
0 0.428125 0.6609375 0.0359375 0.0359375
0 0.41875 0.48671875 0.0203125 0.028125
0 0.26484375 0.58984375 0.034375 0.0453125
0 0.76171875 0.6453125 0.0484375 0.059375
0 0.76953125 0.5875 0.0421875 0.059375
0 0.4953125 0.38046875 0.025 0.03125
0 0.36796875 0.5515625 0.03125 0.0421875
0 0.265625 0.39921875 0.0359375 0.0421875
0 0.76328125 0.36640625 0.0390625 0.04375
0 0.29765625 0.31328125 0.03125 0.0328125
0 0.66953125 0.50546875 0.0390625 0.0484375
0 0.609375 0.57734375 0.0390625 0.0359375
0 0.44921875 0.35078125 0.034375 0.0375
0 0.77734375 0.51484375 0.0375 0.05
0 0.25546875 0.3140625 0.0421875 0.0375
0 0.6609375 0.253125 0.034375 0.0375
0 0.46953125 0.3890625 0.0265625 0.03125
0 0.57265625 0.1796875 0.0359375 0.0390625
0 0.4890625 0.41015625 0.0203125 0.0234375
0 0.6828125 0.30078125 0.0296875 0.0390625
0 0.7109375 0.265625 0.040625 0.046875
0 0.56015625 0.15859375 0.0203125 0.0203125
0 0.5390625 0.81640625 0.034375 0.0390625
0 0.54609375 0.26640625 0.04375 0.0453125
0 0.64453125 0.6109375 0.0375 0.05
0 0.5625 0.12109375 0.0421875 0.040625
0 0.44375 0.4484375 0.021875 0.021875
0 0.43671875 0.4734375 0.0203125 0.025
0 0.25703125 0.4453125 0.0296875 0.0296875
0 0.23203125 0.4109375 0.03125 0.0421875
0 0.45703125 0.671875 0.03125 0.0359375
0 0.27578125 0.63515625 0.0359375 0.046875
0 0.7765625 0.44296875 0.0375 0.0546875
0 0.434375 0.5 0.0234375 0.0234375
0 0.4640625 0.2515625 0.0375 0.0328125
0 0.53828125 0.35859375 0.03125 0.0359375
0 0.69765625 0.671875 0.03125 0.028125
0 0.2265625 0.5125 0.0296875 0.03125
0 0.525 0.5171875 0.0109375 0.021875
0 0.54765625 0.521875 0.0203125 0.025
0 0.53359375 0.50078125 0.01875 0.0140625
0 0.53359375 0.4640625 0.0203125 0.0171875
0 0.328125 0.1875 0.0421875 0.04375
0 0.64296875 0.36953125 0.040625 0.0453125
0 0.44921875 0.4015625 0.028125 0.03125
0 0.55390625 0.46875 0.0203125 0.025
0 0.4875 0.596875 0.021875 0.028125
0 0.5859375 0.42109375 0.034375 0.0375
0 0.63359375 0.2234375 0.03125 0.0359375
0 0.453125 0.46875 0.015625 0.01875
0 0.45625 0.43125 0.0234375 0.021875
0 0.35703125 0.1578125 0.04375 0.0484375
0 0.46015625 0.56015625 0.021875 0.0203125
0 0.50859375 0.41484375 0.0203125 0.0234375
0 0.4390625 0.52265625 0.021875 0.0234375
0 0.48125 0.56640625 0.0171875 0.021875
0 0.43203125 0.42578125 0.025 0.0296875
0 0.51640625 0.5578125 0.01875 0.0203125
0 0.2609375 0.54453125 0.0265625 0.040625
0 0.6609375 0.434375 0.0390625 0.046875
0 0.503125 0.5453125 0.0140625 0.0140625
0 0.728125 0.596875 0.025 0.0296875
0 0.57265625 0.51171875 0.0265625 0.0296875
0 0.55625 0.49921875 0.01875 0.0234375
0 0.57890625 0.48515625 0.0234375 0.025
0 0.56328125 0.5375 0.025 0.0265625
0 0.47109375 0.54375 0.01875 0.0140625
0 0.49921875 0.56640625 0.0171875 0.0234375
0 0.7046875 0.3296875 0.0265625 0.0328125
0 0.73671875 0.3125 0.046875 0.046875
0 0.6796875 0.209375 0.05 0.046875