0 0.6046875 0.15 0.046875 0.0640625
0 0.6703125 0.77890625 0.0453125 0.059375
0 0.3328125 0.440625 0.04375 0.0515625
0 0.63515625 0.815625 0.0453125 0.0625
0 0.33046875 0.49375 0.0421875 0.05625
0 0.32109375 0.28125 0.0375 0.046875
0 0.5421875 0.7078125 0.0390625 0.0546875
0 0.29765625 0.76484375 0.0421875 0.0484375
0 0.7703125 0.5859375 0.04375 0.059375
0 0.396875 0.19765625 0.0359375 0.05
0 0.546875 0.26875 0.0453125 0.0515625
0 0.36015625 0.50859375 0.0359375 0.0515625
0 0.55625 0.85625 0.04375 0.053125
0 0.465625 0.26015625 0.0390625 0.0484375
0 0.2296875 0.56640625 0.0390625 0.0484375
0 0.58125 0.2921875 0.04375 0.0546875
0 0.4953125 0.38046875 0.025 0.034375
0 0.4765625 0.87578125 0.040625 0.053125
0 0.39765625 0.6859375 0.040625 0.046875
0 0.5046875 0.2546875 0.040625 0.0515625
0 0.51796875 0.11875 0.0453125 0.0515625
0 0.3046875 0.71328125 0.034375 0.0484375
0 0.45390625 0.16640625 0.0359375 0.0421875
0 0.43203125 0.70859375 0.0421875 0.05
0 0.66328125 0.56171875 0.046875 0.05625
0 0.57890625 0.6921875 0.0390625 0.0625
0 0.51015625 0.3453125 0.0328125 0.0453125
0 0.5140625 0.665625 0.0328125 0.0421875
0 0.36953125 0.221875 0.034375 0.046875
0 0.34609375 0.6015625 0.0390625 0.0546875
0 0.2734375 0.72109375 0.0390625 0.0515625
0 0.3421875 0.2484375 0.0359375 0.04375
0 0.60546875 0.2 0.0375 0.0453125
0 0.515625 0.86484375 0.0390625 0.05
0 0.48046875 0.8328125 0.0390625 0.046875
0 0.34296875 0.38671875 0.0453125 0.05
0 0.3734375 0.41171875 0.0359375 0.0484375
0 0.56171875 0.1265625 0.0453125 0.05625
0 0.64453125 0.17734375 0.046875 0.0609375
0 0.43828125 0.875 0.0421875 0.0515625
0 0.48046875 0.3421875 0.034375 0.040625
0 0.2390625 0.61953125 0.0390625 0.046875
0 0.7125 0.26875 0.04375 0.053125
0 0.59453125 0.78203125 0.0359375 0.0453125
0 0.396875 0.296875 0.04375 0.0515625
0 0.50625 0.30234375 0.0359375 0.0515625
0 0.5953125 0.83828125 0.04375 0.0578125
0 0.39921875 0.85390625 0.0390625 0.0453125
0 0.50390625 0.7234375 0.0421875 0.0609375
0 0.38125 0.6015625 0.0359375 0.0515625
0 0.36171875 0.3390625 0.04375 0.05
0 0.36796875 0.55390625 0.0328125 0.046875
0 0.4640625 0.71953125 0.040625 0.05
0 0.571875 0.18203125 0.0359375 0.0484375
0 0.621875 0.76640625 0.0390625 0.0421875
0 0.56328125 0.80078125 0.034375 0.046875
0 0.27890625 0.3546875 0.0375 0.0453125
0 0.2296875 0.4125 0.0421875 0.0515625
0 0.73359375 0.4 0.0328125 0.04375
0 0.5703125 0.64140625 0.0375 0.0421875
0 0.39375 0.3640625 0.0359375 0.04375
0 0.36484375 0.83828125 0.04375 0.0453125
0 0.6703125 0.50390625 0.04375 0.0609375
0 0.56484375 0.38671875 0.034375 0.0484375
0 0.33125 0.8015625 0.0390625 0.05
0 0.52890625 0.42890625 0.0234375 0.025
0 0.40234375 0.56796875 0.034375 0.0453125
0 0.61484375 0.33046875 0.0421875 0.0546875
0 0.53515625 0.16640625 0.0421875 0.04375
0 0.2765625 0.63671875 0.0375 0.05
0 0.25859375 0.4484375 0.0359375 0.0484375
0 0.66640625 0.7140625 0.0390625 0.0390625
0 0.26484375 0.4 0.034375 0.046875
0 0.334375 0.54765625 0.040625 0.0546875
0 0.48828125 0.675 0.0359375 0.046875
0 0.74140625 0.4390625 0.0359375 0.04375
0 0.43203125 0.2734375 0.040625 0.05
0 0.428125 0.56015625 0.0328125 0.04375
0 0.40078125 0.64140625 0.0328125 0.04375
0 0.38515625 0.7984375 0.0390625 0.0484375
0 0.42578125 0.178125 0.0328125 0.040625
0 0.70546875 0.3328125 0.0375 0.0453125
0 0.4375 0.12265625 0.040625 0.046875
0 0.296875 0.315625 0.0359375 0.04375
0 0.26015625 0.54765625 0.034375 0.0484375
0 0.4765625 0.115625 0.040625 0.0453125
0 0.74453125 0.47734375 0.0390625 0.0484375
0 0.41796875 0.521875 0.0265625 0.034375
0 0.22421875 0.46171875 0.0375 0.04375
0 0.6328125 0.465625 0.0359375 0.0453125
0 0.53203125 0.57578125 0.0265625 0.03125
0 0.3703125 0.65234375 0.0421875 0.053125
0 0.534375 0.6171875 0.034375 0.0390625
0 0.3546875 0.7796875 0.0359375 0.0421875
0 0.4203125 0.33515625 0.0359375 0.0421875
0 0.53828125 0.30703125 0.034375 0.046875
0 0.40390625 0.40703125 0.0359375 0.0453125
0 0.5421875 0.4015625 0.03125 0.0375
0 0.60859375 0.38828125 0.0359375 0.04375
0 0.62578125 0.54609375 0.0390625 0.0453125
0 0.4953125 0.16171875 0.0359375 0.046875
0 0.51640625 0.38125 0.0234375 0.0328125
0 0.44921875 0.353125 0.0375 0.04375
0 0.38671875 0.4828125 0.034375 0.0421875
0 0.7125 0.63203125 0.0390625 0.0421875
0 0.5921875 0.35234375 0.0359375 0.04375
0 0.47265625 0.63125 0.03125 0.046875
0 0.696875 0.67109375 0.0390625 0.0453125
0 0.73671875 0.31484375 0.040625 0.0515625
0 0.44765625 0.8328125 0.03125 0.0453125
0 0.63515625 0.22578125 0.0359375 0.0453125
0 0.58671875 0.4234375 0.0359375 0.04375
0 0.36171875 0.4609375 0.0328125 0.0515625
0 0.66015625 0.2578125 0.0359375 0.0421875
0 0.54453125 0.65625 0.0328125 0.0421875
0 0.7015625 0.73828125 0.040625 0.0546875
0 0.39609375 0.52578125 0.040625 0.046875
0 0.64375 0.73671875 0.0359375 0.0390625
0 0.6109375 0.57890625 0.0375 0.04375
0 0.44296875 0.5796875 0.028125 0.028125
0 0.6140625 0.6578125 0.04375 0.0609375
0 0.72265625 0.36328125 0.0390625 0.040625
0 0.23671875 0.36953125 0.040625 0.046875
0 0.46875 0.38984375 0.0296875 0.0328125
0 0.4265625 0.59765625 0.034375 0.0375
0 0.64375 0.37421875 0.04375 0.0578125
0 0.4765625 0.30234375 0.03125 0.0453125
0 0.73203125 0.69609375 0.046875 0.0578125
0 0.68046875 0.21640625 0.046875 0.059375
0 0.5375 0.81796875 0.0359375 0.040625
0 0.49375 0.4375 0.01875 0.0265625
0 0.7359375 0.56171875 0.0375 0.04375
0 0.40078125 0.13984375 0.0453125 0.059375
0 0.25546875 0.4984375 0.0359375 0.0484375
0 0.7453125 0.52421875 0.0375 0.0421875
0 0.6859375 0.2953125 0.0359375 0.0390625
0 0.2234375 0.515625 0.0375 0.04375
0 0.77890625 0.44296875 0.0390625 0.0625
0 0.33203125 0.75078125 0.034375 0.0484375
0 0.41640625 0.4890625 0.025 0.034375
0 0.44453125 0.3140625 0.0359375 0.04375
0 0.725 0.6 0.0359375 0.040625
0 0.56171875 0.32578125 0.0375 0.0390625
0 0.64296875 0.6125 0.04375 0.059375
0 0.2890625 0.67734375 0.0359375 0.04375
0 0.2515625 0.31875 0.046875 0.0453125
0 0.53984375 0.3609375 0.034375 0.04375
0 0.778125 0.51328125 0.0390625 0.0625
0 0.60390625 0.5171875 0.03125 0.0484375
0 0.63046875 0.5078125 0.034375 0.0453125
0 0.584375 0.559375 0.0359375 0.040625
0 0.26484375 0.5890625 0.0375 0.0484375
0 0.425 0.3765625 0.0390625 0.0390625
0 0.43046875 0.42734375 0.03125 0.0328125
0 0.25703125 0.6734375 0.0390625 0.0515625
0 0.59296875 0.61171875 0.034375 0.04375
0 0.50234375 0.62734375 0.03125 0.040625
0 0.44609375 0.61796875 0.0328125 0.0390625
0 0.42734375 0.66328125 0.0359375 0.0390625
0 0.6625 0.4359375 0.0390625 0.05625
0 0.4546875 0.4671875 0.01875 0.0203125
0 0.3921875 0.44375 0.0328125 0.040625
0 0.553125 0.56171875 0.0328125 0.03125
0 0.509375 0.59296875 0.028125 0.03125
0 0.45625 0.43046875 0.0234375 0.0234375
0 0.56015625 0.4296875 0.03125 0.0328125
0 0.6046875 0.46875 0.034375 0.0515625
0 0.50625 0.440625 0.01875 0.0265625
0 0.44375 0.4484375 0.021875 0.021875
0 0.53515625 0.54453125 0.021875 0.0234375
0 0.55546875 0.4984375 0.0203125 0.028125
0 0.5078125 0.41484375 0.021875 0.0265625
0 0.296875 0.22890625 0.04375 0.046875
0 0.4640625 0.59453125 0.0265625 0.0296875
0 0.5625 0.53828125 0.0296875 0.03125
0 0.46484375 0.5609375 0.03125 0.03125
0 0.4484375 0.4015625 0.0296875 0.0328125
0 0.43671875 0.47265625 0.021875 0.025
0 0.45625 0.67421875 0.0296875 0.04375
0 0.48984375 0.41328125 0.01875 0.025
0 0.4359375 0.5 0.025 0.025
0 0.5546875 0.4703125 0.021875 0.028125
0 0.44140625 0.52265625 0.025 0.025
0 0.421875 0.45546875 0.025 0.034375
0 0.5140625 0.53515625 0.025 0.021875
0 0.62265625 0.42890625 0.0390625 0.04375
0 0.47109375 0.42109375 0.0203125 0.0265625
0 0.3296875 0.18984375 0.046875 0.0546875
0 0.478125 0.565625 0.025 0.025
0 0.48828125 0.596875 0.021875 0.028125
0 0.3625 0.159375 0.0421875 0.0484375
0 0.76484375 0.37578125 0.04375 0.0578125