0 0.6703125 0.77890625 0.04375 0.059375
0 0.60546875 0.14921875 0.046875 0.059375
0 0.55703125 0.85703125 0.0453125 0.0546875
0 0.33125 0.4953125 0.040625 0.053125
0 0.5421875 0.70703125 0.040625 0.053125
0 0.33359375 0.5484375 0.0421875 0.05625
0 0.63515625 0.815625 0.0453125 0.0625
0 0.34296875 0.24921875 0.0375 0.0421875
0 0.36953125 0.65 0.0421875 0.0515625
0 0.37265625 0.41484375 0.034375 0.046875
0 0.51640625 0.8640625 0.0421875 0.05
0 0.32109375 0.2828125 0.0390625 0.046875
0 0.66328125 0.5625 0.0453125 0.0578125
0 0.296875 0.7640625 0.04375 0.05
0 0.34765625 0.60234375 0.0421875 0.0546875
0 0.5046875 0.25390625 0.040625 0.05
0 0.3328125 0.440625 0.04375 0.05
0 0.54609375 0.26796875 0.04375 0.0515625
0 0.6453125 0.1765625 0.046875 0.0640625
0 0.39921875 0.85546875 0.040625 0.046875
0 0.3984375 0.684375 0.0421875 0.0484375
0 0.5375 0.16640625 0.0390625 0.040625
0 0.39765625 0.29609375 0.0421875 0.05
0 0.50390625 0.72109375 0.0421875 0.05625
0 0.23046875 0.5671875 0.0390625 0.04375
0 0.3625 0.33828125 0.04375 0.0484375
0 0.51796875 0.115625 0.04375 0.0453125
0 0.27421875 0.7203125 0.0390625 0.05
0 0.58046875 0.28984375 0.0421875 0.0515625
0 0.34296875 0.38515625 0.040625 0.0484375
0 0.61484375 0.33046875 0.040625 0.053125
0 0.76953125 0.58671875 0.046875 0.0625
0 0.5140625 0.66484375 0.0328125 0.04375
0 0.57109375 0.64296875 0.0375 0.040625
0 0.5640625 0.7984375 0.034375 0.046875
0 0.70234375 0.73828125 0.0421875 0.0609375
0 0.3828125 0.6 0.0375 0.0484375
0 0.359375 0.5078125 0.0359375 0.05
0 0.47578125 0.1140625 0.0390625 0.040625
0 0.51015625 0.34453125 0.03125 0.0453125
0 0.60546875 0.19921875 0.0375 0.0453125
0 0.4375 0.87421875 0.0421875 0.05
0 0.425 0.178125 0.0328125 0.040625
0 0.56328125 0.38671875 0.034375 0.0453125
0 0.396875 0.19765625 0.0359375 0.0484375
0 0.4328125 0.70859375 0.0421875 0.0484375
0 0.49453125 0.38203125 0.025 0.0359375
0 0.59609375 0.78125 0.034375 0.046875
0 0.4640625 0.25625 0.0390625 0.04375
0 0.50625 0.30234375 0.034375 0.0484375
0 0.23984375 0.61875 0.0375 0.0421875
0 0.57890625 0.69140625 0.0390625 0.059375
0 0.22578125 0.4625 0.034375 0.0421875
0 0.33046875 0.8015625 0.040625 0.0484375
0 0.59609375 0.8390625 0.0453125 0.0609375
0 0.4765625 0.87421875 0.040625 0.0515625
0 0.51640625 0.38125 0.0234375 0.034375
0 0.48046875 0.3421875 0.034375 0.040625
0 0.3859375 0.79765625 0.0390625 0.046875
0 0.45390625 0.165625 0.0328125 0.040625
0 0.46484375 0.7203125 0.0375 0.05
0 0.71171875 0.2671875 0.040625 0.053125
0 0.30546875 0.7140625 0.03125 0.046875
0 0.478125 0.8328125 0.040625 0.0453125
0 0.62109375 0.76640625 0.0390625 0.04375
0 0.3953125 0.36328125 0.0359375 0.04375
0 0.73515625 0.5625 0.0359375 0.0421875
0 0.265625 0.39921875 0.0359375 0.0453125
0 0.6140625 0.6578125 0.04375 0.059375
0 0.44296875 0.5796875 0.0265625 0.0296875
0 0.36796875 0.5515625 0.03125 0.04375
0 0.43046875 0.2734375 0.0390625 0.0484375
0 0.27890625 0.3546875 0.0375 0.0421875
0 0.77890625 0.5140625 0.0390625 0.059375
0 0.53828125 0.30859375 0.0328125 0.05
0 0.296875 0.3171875 0.0375 0.04375
0 0.25625 0.4984375 0.0359375 0.046875
0 0.62578125 0.54609375 0.0359375 0.046875
0 0.4953125 0.1640625 0.0390625 0.0484375
0 0.64453125 0.37109375 0.04375 0.0515625
0 0.33046875 0.746875 0.0359375 0.046875
0 0.53671875 0.81796875 0.0359375 0.0421875
0 0.73359375 0.39921875 0.0359375 0.04375
0 0.4453125 0.31484375 0.0359375 0.04375
0 0.26484375 0.59140625 0.0359375 0.046875
0 0.40078125 0.63984375 0.0328125 0.04375
0 0.5625 0.125 0.046875 0.05
0 0.571875 0.1796875 0.034375 0.040625
0 0.25703125 0.31640625 0.0421875 0.04375
0 0.54140625 0.403125 0.0328125 0.0390625
0 0.3921875 0.528125 0.03125 0.04375
0 0.40234375 0.56796875 0.0359375 0.0421875
0 0.40390625 0.4078125 0.034375 0.0421875
0 0.61015625 0.5796875 0.0390625 0.04375
0 0.77734375 0.44375 0.040625 0.0578125
0 0.5328125 0.6171875 0.0328125 0.0375
0 0.73203125 0.7 0.046875 0.065625
0 0.3703125 0.221875 0.034375 0.0453125
0 0.2375 0.36953125 0.0390625 0.04375
0 0.36328125 0.8375 0.0453125 0.04375
0 0.60390625 0.5171875 0.0328125 0.0484375
0 0.3875 0.48203125 0.034375 0.0421875
0 0.41875 0.52109375 0.0265625 0.0328125
0 0.58515625 0.4203125 0.034375 0.0421875
0 0.45 0.35234375 0.034375 0.0390625
0 0.5921875 0.35234375 0.0328125 0.0453125
0 0.64296875 0.6125 0.04375 0.059375
0 0.52890625 0.42890625 0.0234375 0.0234375
0 0.27578125 0.6359375 0.0359375 0.04375
0 0.4203125 0.33515625 0.0359375 0.0421875
0 0.66953125 0.50546875 0.04375 0.05625
0 0.3609375 0.4609375 0.0390625 0.0484375
0 0.28828125 0.675 0.034375 0.04375
0 0.66328125 0.7140625 0.0421875 0.0421875
0 0.2234375 0.51484375 0.0375 0.0390625
0 0.56015625 0.43046875 0.03125 0.0328125
0 0.60859375 0.390625 0.040625 0.0421875
0 0.25703125 0.67421875 0.0390625 0.0515625
0 0.47265625 0.63125 0.0328125 0.046875
0 0.49296875 0.43828125 0.0203125 0.028125
0 0.42734375 0.56015625 0.0328125 0.040625
0 0.4765625 0.3015625 0.0328125 0.0421875
0 0.41796875 0.82578125 0.0359375 0.0390625
0 0.48828125 0.675 0.034375 0.0421875
0 0.43828125 0.1171875 0.0390625 0.0375
0 0.42734375 0.66171875 0.0359375 0.040625
0 0.425 0.3765625 0.0390625 0.0375
0 0.53203125 0.5765625 0.0265625 0.0265625
0 0.74140625 0.43828125 0.034375 0.0421875
0 0.2609375 0.446875 0.0390625 0.040625
0 0.63046875 0.5046875 0.0328125 0.040625
0 0.4171875 0.48828125 0.0265625 0.0328125
0 0.5390625 0.3609375 0.034375 0.04375
0 0.74453125 0.478125 0.0359375 0.05
0 0.5921875 0.6125 0.0359375 0.0375
0 0.73515625 0.3140625 0.040625 0.05
0 0.584375 0.559375 0.0359375 0.0421875
0 0.23203125 0.4125 0.0359375 0.046875
0 0.35390625 0.7796875 0.0359375 0.040625
0 0.44609375 0.61796875 0.03125 0.040625
0 0.66171875 0.25703125 0.0359375 0.0390625
0 0.50234375 0.6265625 0.028125 0.0390625
0 0.40078125 0.13984375 0.04375 0.05
0 0.721875 0.3609375 0.0390625 0.0375
0 0.2609375 0.546875 0.034375 0.046875
0 0.42578125 0.59765625 0.034375 0.0375
0 0.396875 0.72890625 0.040625 0.04375
0 0.275 0.27109375 0.0421875 0.040625
0 0.5515625 0.56171875 0.03125 0.028125
0 0.43046875 0.42734375 0.03125 0.0328125
0 0.39296875 0.44375 0.0359375 0.0359375
0 0.69609375 0.66796875 0.0359375 0.0421875
0 0.73984375 0.51953125 0.0328125 0.040625
0 0.70625 0.3328125 0.0359375 0.0453125
0 0.64296875 0.7359375 0.034375 0.0390625
0 0.56171875 0.325 0.0359375 0.0375
0 0.63203125 0.46328125 0.0359375 0.0421875
0 0.53515625 0.54453125 0.0203125 0.0203125
0 0.421875 0.4546875 0.0265625 0.0359375
0 0.5453125 0.65546875 0.0328125 0.0421875
0 0.48984375 0.4109375 0.0203125 0.0234375
0 0.484375 0.2203125 0.040625 0.034375
0 0.678125 0.2140625 0.0421875 0.053125
0 0.6625 0.434375 0.0390625 0.0546875
0 0.50625 0.4421875 0.0171875 0.025
0 0.5125 0.91171875 0.0421875 0.034375
0 0.46953125 0.38984375 0.028125 0.0328125
0 0.440625 0.521875 0.025 0.025
0 0.43359375 0.74140625 0.0328125 0.028125
0 0.45703125 0.67421875 0.0296875 0.04375
0 0.76328125 0.37109375 0.04375 0.0578125
0 0.29609375 0.23046875 0.0375 0.04375
0 0.44765625 0.8328125 0.0296875 0.04375
0 0.6875 0.29453125 0.034375 0.0359375
0 0.534375 0.46484375 0.0234375 0.01875
0 0.5140625 0.534375 0.0203125 0.021875
0 0.6328125 0.22421875 0.0328125 0.0421875
0 0.62265625 0.4296875 0.0359375 0.0390625
0 0.44375 0.4484375 0.021875 0.0234375
0 0.43515625 0.5 0.025 0.025
0 0.509375 0.59296875 0.028125 0.03125
0 0.7109375 0.63203125 0.0390625 0.0390625
0 0.55625 0.4984375 0.01875 0.025
0 0.365625 0.7078125 0.0390625 0.059375
0 0.5078125 0.41484375 0.0203125 0.025
0 0.5953125 0.88984375 0.04375 0.0375
0 0.45625 0.43125 0.0234375 0.0234375
0 0.5578125 0.59765625 0.0390625 0.0484375
0 0.44765625 0.40234375 0.0296875 0.0359375
0 0.36015625 0.15625 0.04375 0.0546875
0 0.72421875 0.59921875 0.0359375 0.0359375
0 0.48828125 0.596875 0.021875 0.03125
0 0.4640625 0.59453125 0.0265625 0.03125
0 0.5546875 0.46875 0.01875 0.025
0 0.4375 0.23046875 0.0375 0.040625
0 0.546875 0.52265625 0.021875 0.028125
0 0.32890625 0.190625 0.04375 0.0453125
0 0.66953125 0.82890625 0.0359375 0.0390625
0 0.56015625 0.53359375 0.0296875 0.0328125
0 0.571875 0.51171875 0.028125 0.0328125
0 0.4609375 0.5625 0.0265625 0.0265625
0 0.515625 0.55859375 0.021875 0.0234375
0 0.48203125 0.5671875 0.01875 0.0203125
0 0.6953125 0.54140625 0.0359375 0.0359375
0 0.76171875 0.65234375 0.0515625 0.065625
0 0.45078125 0.546875 0.0234375 0.025
0 0.43671875 0.47265625 0.021875 0.0234375
0 0.45078125 0.896875 0.028125 0.021875
0 0.528125 0.5171875 0.0203125 0.0203125
0 0.52109375 0.4484375 0.015625 0.021875
0 0.50234375 0.54296875 0.0171875 0.01875
0 0.5734375 0.45546875 0.03125 0.0328125
0 0.47109375 0.42265625 0.021875 0.028125
0 0.57734375 0.48515625 0.028125 0.0265625
0 0.4546875 0.46796875 0.01875 0.0203125
0 0.6078125 0.46484375 0.0375 0.0484375
0 0.540625 0.44765625 0.025 0.021875
0 0.4859375 0.49140625 0.0703125 0.084375
0 0.425 0.91171875 0.0375 0.03125
0 0.4765625 0.91953125 0.0359375 0.034375
0 0.490625 0.5515625 0.0265625 0.0203125
0 0.37265625 0.87109375 0.03125 0.03125
0 0.31640625 0.58046875 0.0328125 0.04375