0 0.4 0.8546875 0.0390625 0.0453125
0 0.3703125 0.65 0.0421875 0.0515625
0 0.33046875 0.49453125 0.0390625 0.0515625
0 0.55703125 0.85703125 0.04375 0.0546875
0 0.6703125 0.7796875 0.04375 0.0625
0 0.5171875 0.86484375 0.04375 0.0484375
0 0.296875 0.76328125 0.04375 0.05
0 0.39765625 0.68359375 0.0453125 0.046875
0 0.6359375 0.815625 0.04375 0.0609375
0 0.34375 0.24765625 0.0390625 0.04375
0 0.334375 0.546875 0.040625 0.053125
0 0.33203125 0.440625 0.04375 0.05
0 0.4640625 0.2546875 0.040625 0.04375
0 0.64375 0.175 0.04375 0.0578125
0 0.3484375 0.60234375 0.0421875 0.0546875
0 0.36015625 0.5078125 0.0359375 0.0515625
0 0.5421875 0.709375 0.040625 0.0546875
0 0.2734375 0.71875 0.0375 0.0515625
0 0.38515625 0.79765625 0.0390625 0.046875
0 0.5953125 0.8390625 0.04375 0.0609375
0 0.5046875 0.7203125 0.040625 0.0546875
0 0.5953125 0.78203125 0.034375 0.0453125
0 0.42578125 0.17890625 0.0328125 0.040625
0 0.5703125 0.6421875 0.0390625 0.040625
0 0.4 0.56796875 0.0390625 0.04375
0 0.33203125 0.80234375 0.0390625 0.046875
0 0.23125 0.565625 0.0359375 0.040625
0 0.60546875 0.15 0.046875 0.059375
0 0.58125 0.290625 0.0421875 0.0484375
0 0.4328125 0.7078125 0.0421875 0.046875
0 0.51796875 0.1140625 0.04375 0.046875
0 0.46484375 0.71796875 0.0390625 0.05
0 0.3640625 0.8359375 0.0453125 0.04375
0 0.51015625 0.34609375 0.034375 0.046875
0 0.5796875 0.69140625 0.0421875 0.059375
0 0.4390625 0.875 0.040625 0.05
0 0.50703125 0.29921875 0.034375 0.0484375
0 0.5640625 0.38671875 0.034375 0.0421875
0 0.36328125 0.3375 0.0421875 0.046875
0 0.62109375 0.765625 0.0375 0.0390625
0 0.38203125 0.59921875 0.0359375 0.04375
0 0.47578125 0.1125 0.0390625 0.0359375
0 0.54375 0.265625 0.04375 0.0484375
0 0.25703125 0.31640625 0.0421875 0.04375
0 0.5921875 0.353125 0.0359375 0.04375
0 0.7421875 0.4390625 0.034375 0.040625
0 0.23984375 0.61875 0.0375 0.040625
0 0.703125 0.7375 0.0421875 0.0578125
0 0.45390625 0.165625 0.0328125 0.0375
0 0.4375 0.11796875 0.0390625 0.040625
0 0.5140625 0.6640625 0.03125 0.0421875
0 0.37421875 0.41015625 0.0359375 0.046875
0 0.7703125 0.58671875 0.04375 0.059375
0 0.60546875 0.19765625 0.0359375 0.0421875
0 0.51640625 0.38125 0.0234375 0.0296875
0 0.396875 0.2953125 0.0421875 0.0484375
0 0.396875 0.1953125 0.0359375 0.0421875
0 0.73515625 0.56171875 0.0359375 0.0421875
0 0.5046875 0.25234375 0.0375 0.0453125
0 0.3953125 0.3625 0.0359375 0.04375
0 0.5640625 0.79765625 0.034375 0.0453125
0 0.66484375 0.7109375 0.0359375 0.0359375
0 0.2796875 0.3546875 0.0359375 0.0390625
0 0.3046875 0.71171875 0.0328125 0.0421875
0 0.3421875 0.38671875 0.0421875 0.0453125
0 0.503125 0.62578125 0.0296875 0.034375
0 0.47578125 0.875 0.040625 0.0515625
0 0.33203125 0.19296875 0.0328125 0.034375
0 0.478125 0.8328125 0.0359375 0.0453125
0 0.4953125 0.38046875 0.0234375 0.03125
0 0.49765625 0.1625 0.034375 0.04375
0 0.66328125 0.5609375 0.04375 0.053125
0 0.61328125 0.65859375 0.0421875 0.059375
0 0.571875 0.18125 0.034375 0.0421875
0 0.4 0.6421875 0.03125 0.0453125
0 0.53828125 0.30859375 0.03125 0.046875
0 0.42109375 0.3359375 0.0359375 0.0421875
0 0.41875 0.5203125 0.0265625 0.0328125
0 0.44375 0.578125 0.0265625 0.0265625
0 0.32109375 0.28359375 0.0359375 0.0453125
0 0.42578125 0.596875 0.0328125 0.03125
0 0.53203125 0.575 0.0265625 0.0265625
0 0.35390625 0.78046875 0.0359375 0.0390625
0 0.471875 0.6296875 0.03125 0.04375
0 0.74375 0.48046875 0.0359375 0.040625
0 0.740625 0.51796875 0.03125 0.0390625
0 0.734375 0.39921875 0.0359375 0.0421875
0 0.33203125 0.7453125 0.034375 0.04375
0 0.4796875 0.3421875 0.0359375 0.0421875
0 0.63203125 0.46328125 0.0359375 0.0421875
0 0.73046875 0.69609375 0.040625 0.0515625
0 0.584375 0.56015625 0.0359375 0.040625
0 0.625 0.54609375 0.0375 0.046875
0 0.37109375 0.22109375 0.0328125 0.0421875
0 0.40078125 0.14140625 0.0421875 0.05
0 0.22734375 0.459375 0.0296875 0.040625
0 0.42578125 0.37734375 0.040625 0.0375
0 0.48828125 0.6734375 0.034375 0.0421875
0 0.3921875 0.44296875 0.0328125 0.0359375
0 0.40390625 0.4078125 0.034375 0.040625
0 0.47734375 0.3015625 0.0328125 0.0453125
0 0.25703125 0.67421875 0.0390625 0.0515625
0 0.53359375 0.61640625 0.0296875 0.0359375
0 0.56015625 0.4296875 0.0296875 0.0296875
0 0.22421875 0.51328125 0.0359375 0.040625
0 0.38828125 0.48203125 0.034375 0.04375
0 0.265625 0.58671875 0.0375 0.0453125
0 0.4171875 0.825 0.034375 0.0375
0 0.63125 0.509375 0.0328125 0.04375
0 0.684375 0.3046875 0.01875 0.015625
0 0.5921875 0.6109375 0.034375 0.0359375
0 0.265625 0.3984375 0.034375 0.04375
0 0.69765625 0.6671875 0.0375 0.0390625
0 0.259375 0.54609375 0.03125 0.0421875
0 0.4265625 0.66171875 0.0359375 0.040625
0 0.44609375 0.3140625 0.0359375 0.0453125
0 0.72265625 0.36328125 0.0375 0.0375
0 0.6609375 0.25546875 0.0359375 0.0359375
0 0.70546875 0.32734375 0.028125 0.028125
0 0.39140625 0.5296875 0.03125 0.0390625
0 0.3671875 0.55234375 0.03125 0.04375
0 0.28828125 0.675 0.034375 0.040625
0 0.5453125 0.6546875 0.03125 0.0390625
0 0.359375 0.45859375 0.0390625 0.0515625
0 0.64375 0.61171875 0.040625 0.05625
0 0.73671875 0.3140625 0.040625 0.0515625
0 0.5359375 0.165625 0.0390625 0.040625
0 0.51015625 0.59296875 0.028125 0.03125
0 0.49375 0.43671875 0.01875 0.0265625
0 0.22890625 0.41015625 0.0375 0.0453125
0 0.29765625 0.3140625 0.034375 0.0390625
0 0.36171875 0.1625 0.0421875 0.0484375
0 0.6078125 0.578125 0.0390625 0.0359375
0 0.5625 0.32421875 0.034375 0.0390625
0 0.296875 0.23359375 0.040625 0.046875
0 0.60390625 0.51484375 0.03125 0.046875
0 0.5375 0.81875 0.0359375 0.05625
0 0.421875 0.45546875 0.0265625 0.0359375
0 0.66953125 0.50625 0.0421875 0.0515625
0 0.5390625 0.3609375 0.0328125 0.040625
0 0.778125 0.44453125 0.0421875 0.0546875
0 0.528125 0.42890625 0.021875 0.0234375
0 0.6421875 0.3640625 0.0359375 0.034375
0 0.54140625 0.40234375 0.03125 0.0390625
0 0.44609375 0.8328125 0.0296875 0.04375
0 0.7765625 0.52109375 0.0359375 0.0578125
0 0.48828125 0.596875 0.025 0.0296875
0 0.4453125 0.61796875 0.03125 0.0375
0 0.43515625 0.5 0.0234375 0.025
0 0.60859375 0.3890625 0.0390625 0.0359375
0 0.61640625 0.3296875 0.0328125 0.046875
0 0.5765625 0.12421875 0.0171875 0.0296875
0 0.5078125 0.41484375 0.01875 0.0234375
0 0.62265625 0.428125 0.0359375 0.0375
0 0.50703125 0.4421875 0.01875 0.025
0 0.46953125 0.3890625 0.028125 0.0328125
0 0.41796875 0.4875 0.025 0.03125
0 0.64296875 0.73515625 0.0328125 0.034375
0 0.425 0.56015625 0.0359375 0.040625
0 0.71171875 0.2671875 0.0421875 0.0484375
0 0.76328125 0.36953125 0.0390625 0.0484375
0 0.534375 0.54453125 0.01875 0.0203125
0 0.5546875 0.46953125 0.0203125 0.025
0 0.63515625 0.225 0.034375 0.0390625
0 0.25625 0.49609375 0.03125 0.0421875
0 0.45625 0.6734375 0.0296875 0.0359375
0 0.4296875 0.27109375 0.0390625 0.040625
0 0.4359375 0.74140625 0.0328125 0.0296875
0 0.259375 0.44765625 0.0359375 0.0359375
0 0.69453125 0.2953125 0.0125 0.0171875
0 0.5859375 0.42109375 0.034375 0.0390625
0 0.44765625 0.40234375 0.0296875 0.034375
0 0.43984375 0.52265625 0.021875 0.021875
0 0.44375 0.44921875 0.021875 0.021875
0 0.44921875 0.5453125 0.021875 0.021875
0 0.27421875 0.27265625 0.0421875 0.0421875
0 0.67890625 0.2875 0.0171875 0.0171875
0 0.2375 0.36875 0.034375 0.0375
0 0.3984375 0.721875 0.0375 0.0296875
0 0.51484375 0.53515625 0.01875 0.0203125
0 0.603125 0.4625 0.028125 0.0359375
0 0.27578125 0.6359375 0.034375 0.0421875
0 0.48828125 0.41015625 0.0203125 0.0234375
0 0.3734375 0.87109375 0.03125 0.03125
0 0.55078125 0.5609375 0.0296875 0.0265625
0 0.46171875 0.56171875 0.0265625 0.0234375
0 0.72578125 0.59765625 0.03125 0.034375
0 0.53359375 0.46484375 0.021875 0.01875
0 0.71015625 0.6328125 0.0359375 0.0359375
0 0.5640625 0.12421875 0.0453125 0.053125
0 0.45 0.35078125 0.034375 0.0375
0 0.68515625 0.2203125 0.04375 0.0453125
0 0.45390625 0.46796875 0.015625 0.01875
0 0.54765625 0.52265625 0.021875 0.028125
0 0.45625 0.43125 0.025 0.021875