0 0.33046875 0.49296875 0.0390625 0.053125
0 0.6703125 0.778125 0.04375 0.059375
0 0.32109375 0.2828125 0.0390625 0.0484375
0 0.3421875 0.24921875 0.0375 0.046875
0 0.5421875 0.709375 0.0390625 0.0546875
0 0.63515625 0.81640625 0.046875 0.0640625
0 0.3328125 0.43984375 0.04375 0.0515625
0 0.60546875 0.15 0.0453125 0.0625
0 0.55703125 0.85703125 0.04375 0.0546875
0 0.27421875 0.72109375 0.0375 0.0515625
0 0.396875 0.296875 0.04375 0.0515625
0 0.51640625 0.86484375 0.0421875 0.0484375
0 0.396875 0.196875 0.0359375 0.0484375
0 0.296875 0.76484375 0.0421875 0.05
0 0.3625 0.3375 0.0421875 0.0484375
0 0.4640625 0.25546875 0.0390625 0.046875
0 0.54609375 0.26796875 0.0453125 0.053125
0 0.36328125 0.50859375 0.0375 0.05
0 0.43203125 0.7078125 0.040625 0.046875
0 0.3984375 0.684375 0.040625 0.046875
0 0.346875 0.60234375 0.040625 0.0546875
0 0.49453125 0.38125 0.025 0.0359375
0 0.50390625 0.72109375 0.040625 0.0546875
0 0.6625 0.56171875 0.04375 0.0546875
0 0.50703125 0.30078125 0.034375 0.05
0 0.48046875 0.8328125 0.0390625 0.046875
0 0.3421875 0.38671875 0.0421875 0.05
0 0.496875 0.16328125 0.0359375 0.046875
0 0.64609375 0.17578125 0.04375 0.0625
0 0.3640625 0.8375 0.0453125 0.04375
0 0.5703125 0.6421875 0.0390625 0.0390625
0 0.50390625 0.25390625 0.0390625 0.0515625
0 0.36875 0.65 0.0421875 0.0515625
0 0.38125 0.60078125 0.0359375 0.05
0 0.5109375 0.34453125 0.034375 0.046875
0 0.40078125 0.8546875 0.0390625 0.0453125
0 0.5375 0.16640625 0.0375 0.040625
0 0.23984375 0.61953125 0.0375 0.0453125
0 0.5640625 0.79765625 0.0328125 0.04375
0 0.30625 0.7140625 0.0328125 0.046875
0 0.33359375 0.54765625 0.040625 0.0578125
0 0.26484375 0.39921875 0.034375 0.046875
0 0.2796875 0.35546875 0.0390625 0.046875
0 0.37265625 0.4140625 0.0328125 0.046875
0 0.23046875 0.56640625 0.0375 0.0453125
0 0.38515625 0.79765625 0.0390625 0.05
0 0.7125 0.26796875 0.04375 0.05625
0 0.48046875 0.3421875 0.034375 0.04375
0 0.29609375 0.315625 0.0375 0.04375
0 0.57109375 0.18125 0.0359375 0.0453125
0 0.4765625 0.1171875 0.040625 0.0484375
0 0.59453125 0.78203125 0.0328125 0.0453125
0 0.60546875 0.2 0.0375 0.0453125
0 0.54140625 0.4015625 0.03125 0.0359375
0 0.33125 0.80078125 0.0390625 0.0484375
0 0.43828125 0.87421875 0.0390625 0.0484375
0 0.57890625 0.68984375 0.04375 0.0578125
0 0.46484375 0.71953125 0.0390625 0.05
0 0.40234375 0.56875 0.034375 0.0484375
0 0.76953125 0.58671875 0.04375 0.0625
0 0.51796875 0.1171875 0.04375 0.0515625
0 0.45390625 0.16640625 0.0359375 0.0421875
0 0.5953125 0.8390625 0.04375 0.0609375
0 0.56171875 0.125 0.046875 0.0546875
0 0.42109375 0.33515625 0.034375 0.0453125
0 0.4765625 0.87421875 0.0390625 0.0515625
0 0.5921875 0.35234375 0.034375 0.04375
0 0.58046875 0.28984375 0.04375 0.053125
0 0.2984375 0.2296875 0.0390625 0.0484375
0 0.4046875 0.4078125 0.0359375 0.0453125
0 0.5140625 0.66484375 0.0328125 0.04375
0 0.52890625 0.42890625 0.0234375 0.0234375
0 0.56328125 0.3859375 0.0359375 0.046875
0 0.44296875 0.5796875 0.0265625 0.0296875
0 0.39140625 0.52890625 0.03125 0.04375
0 0.5375 0.81875 0.0359375 0.0421875
0 0.4390625 0.11875 0.040625 0.046875
0 0.621875 0.76640625 0.0375 0.0421875
0 0.4265625 0.178125 0.0328125 0.040625
0 0.59140625 0.61328125 0.034375 0.0390625
0 0.6703125 0.5046875 0.0421875 0.0578125
0 0.77734375 0.515625 0.0375 0.0609375
0 0.2640625 0.58984375 0.0359375 0.0484375
0 0.73125 0.696875 0.0453125 0.059375
0 0.3703125 0.221875 0.03125 0.0453125
0 0.73359375 0.4 0.034375 0.0421875
0 0.36171875 0.46015625 0.0328125 0.0515625
0 0.7421875 0.43828125 0.034375 0.0453125
0 0.42734375 0.56015625 0.034375 0.04375
0 0.515625 0.38203125 0.0234375 0.0375
0 0.6671875 0.71328125 0.0359375 0.0390625
0 0.4015625 0.64140625 0.03125 0.04375
0 0.61015625 0.57890625 0.0359375 0.04375
0 0.56015625 0.4296875 0.03125 0.03125
0 0.4453125 0.31484375 0.0359375 0.0453125
0 0.2265625 0.46171875 0.0328125 0.0421875
0 0.33125 0.75 0.034375 0.0484375
0 0.43125 0.271875 0.040625 0.046875
0 0.5328125 0.61640625 0.034375 0.0390625
0 0.3671875 0.5515625 0.03125 0.0421875
0 0.4265625 0.3765625 0.0390625 0.0390625
0 0.61328125 0.6578125 0.0421875 0.059375
0 0.2359375 0.36875 0.0421875 0.0453125
0 0.4875 0.67421875 0.034375 0.0421875
0 0.2296875 0.4109375 0.0375 0.05
0 0.41875 0.52109375 0.025 0.0328125
0 0.35390625 0.7796875 0.0359375 0.040625
0 0.696875 0.66953125 0.0359375 0.04375
0 0.5375 0.309375 0.0328125 0.05
0 0.625 0.54609375 0.0375 0.046875
0 0.60859375 0.3890625 0.0375 0.04375
0 0.74453125 0.47890625 0.034375 0.0484375
0 0.25 0.31796875 0.0421875 0.0453125
0 0.38828125 0.48125 0.0328125 0.04375
0 0.5390625 0.3609375 0.034375 0.04375
0 0.39296875 0.44375 0.0359375 0.0375
0 0.70234375 0.73828125 0.0390625 0.0578125
0 0.4765625 0.30078125 0.0328125 0.0421875
0 0.44921875 0.353125 0.0359375 0.04375
0 0.72265625 0.3640625 0.0375 0.040625
0 0.39609375 0.3625 0.0328125 0.04375
0 0.6609375 0.25703125 0.0375 0.04375
0 0.40078125 0.14140625 0.04375 0.05625
0 0.26015625 0.54765625 0.0328125 0.04375
0 0.471875 0.63125 0.0328125 0.046875
0 0.2765625 0.63671875 0.0359375 0.0453125
0 0.225 0.5140625 0.034375 0.040625
0 0.259375 0.44765625 0.0359375 0.0421875
0 0.4265625 0.59609375 0.034375 0.034375
0 0.4453125 0.6171875 0.0328125 0.0375
0 0.64453125 0.61171875 0.040625 0.0546875
0 0.6875 0.29609375 0.034375 0.0359375
0 0.46953125 0.38984375 0.028125 0.0328125
0 0.5625 0.3234375 0.034375 0.0390625
0 0.50703125 0.4421875 0.0203125 0.0265625
0 0.64296875 0.73671875 0.034375 0.0390625
0 0.63203125 0.4640625 0.0359375 0.04375
0 0.42734375 0.66328125 0.0375 0.040625
0 0.60390625 0.515625 0.03125 0.05
0 0.50234375 0.628125 0.028125 0.040625
0 0.73984375 0.51875 0.0328125 0.0390625
0 0.584375 0.56015625 0.0359375 0.040625
0 0.25703125 0.6796875 0.0390625 0.05625
0 0.25625 0.49765625 0.034375 0.0484375
0 0.725 0.5984375 0.0359375 0.0375
0 0.41796875 0.825 0.0359375 0.0390625
0 0.71171875 0.63203125 0.0390625 0.0390625
0 0.7625 0.371875 0.04375 0.059375
0 0.61328125 0.33046875 0.040625 0.053125
0 0.44375 0.4484375 0.021875 0.0234375
0 0.49296875 0.43828125 0.0203125 0.028125
0 0.73515625 0.56171875 0.0359375 0.04375
0 0.5140625 0.5359375 0.025 0.025
0 0.6796875 0.2140625 0.0453125 0.0546875
0 0.421875 0.4546875 0.025 0.034375
0 0.28828125 0.67734375 0.0359375 0.04375
0 0.44140625 0.521875 0.0265625 0.025
0 0.6234375 0.428125 0.0359375 0.0390625
0 0.36328125 0.1609375 0.0390625 0.0484375
0 0.53125 0.575 0.0265625 0.028125
0 0.64296875 0.37109375 0.040625 0.05
0 0.27578125 0.27109375 0.040625 0.046875
0 0.446875 0.8328125 0.0296875 0.04375
0 0.45703125 0.67421875 0.0296875 0.04375
0 0.63046875 0.5078125 0.034375 0.046875
0 0.4171875 0.48828125 0.0265625 0.034375
0 0.4359375 0.5 0.025 0.025
0 0.54453125 0.65625 0.0328125 0.0421875
0 0.45703125 0.43046875 0.0265625 0.0234375
0 0.63203125 0.22421875 0.034375 0.0390625
0 0.58515625 0.42265625 0.034375 0.0421875
0 0.5078125 0.41484375 0.021875 0.0265625
0 0.7046875 0.33515625 0.0359375 0.0484375
0 0.4546875 0.46796875 0.0171875 0.021875
0 0.55234375 0.56171875 0.03125 0.0296875
0 0.6625 0.43515625 0.0390625 0.0546875
0 0.73671875 0.31484375 0.0421875 0.053125
0 0.4640625 0.5953125 0.0265625 0.0296875
0 0.33125 0.1921875 0.0390625 0.0484375
0 0.775 0.44296875 0.0359375 0.05625
0 0.55546875 0.4984375 0.0203125 0.0265625
0 0.43046875 0.42578125 0.028125 0.0328125
0 0.60390625 0.465625 0.03125 0.046875
0 0.53515625 0.5453125 0.021875 0.025
0 0.56328125 0.53828125 0.028125 0.0296875
0 0.51015625 0.590625 0.028125 0.03125