0 0.55703125 0.85703125 0.04375 0.053125
0 0.33125 0.49375 0.0390625 0.0515625
0 0.515625 0.865625 0.04375 0.0515625
0 0.3625 0.3390625 0.040625 0.0453125
0 0.5421875 0.7078125 0.0390625 0.0546875
0 0.6359375 0.815625 0.04375 0.059375
0 0.296875 0.76328125 0.0421875 0.0515625
0 0.3703125 0.65078125 0.0421875 0.05
0 0.59453125 0.7828125 0.0359375 0.046875
0 0.4 0.85390625 0.0375 0.0421875
0 0.6703125 0.7796875 0.0421875 0.05625
0 0.27421875 0.7203125 0.0390625 0.0484375
0 0.396875 0.684375 0.04375 0.046875
0 0.3328125 0.43984375 0.04375 0.05
0 0.34765625 0.603125 0.04375 0.0546875
0 0.334375 0.5484375 0.040625 0.05625
0 0.6046875 0.14765625 0.046875 0.0578125
0 0.62109375 0.76640625 0.0375 0.0390625
0 0.3421875 0.38515625 0.0390625 0.046875
0 0.23125 0.56640625 0.0359375 0.0421875
0 0.51796875 0.115625 0.0421875 0.0453125
0 0.61484375 0.6578125 0.04375 0.059375
0 0.47578125 0.11328125 0.040625 0.0375
0 0.3734375 0.41484375 0.0359375 0.0453125
0 0.5046875 0.25234375 0.0390625 0.046875
0 0.59609375 0.83984375 0.0453125 0.0609375
0 0.34375 0.24765625 0.0375 0.0375
0 0.57109375 0.6421875 0.0359375 0.0390625
0 0.38203125 0.59921875 0.034375 0.04375
0 0.50703125 0.3 0.0328125 0.046875
0 0.3296875 0.8 0.0421875 0.046875
0 0.6640625 0.56171875 0.046875 0.0578125
0 0.32109375 0.2828125 0.0390625 0.04375
0 0.6453125 0.17578125 0.04375 0.0625
0 0.42578125 0.17890625 0.0328125 0.040625
0 0.50546875 0.721875 0.0421875 0.05625
0 0.5140625 0.66484375 0.0296875 0.0421875
0 0.39921875 0.56875 0.0390625 0.0421875
0 0.43203125 0.7078125 0.040625 0.0453125
0 0.4390625 0.875 0.0421875 0.05
0 0.43828125 0.11875 0.0390625 0.04375
0 0.51015625 0.346875 0.0328125 0.046875
0 0.7421875 0.4375 0.034375 0.040625
0 0.478125 0.83359375 0.0390625 0.0453125
0 0.5796875 0.6921875 0.040625 0.059375
0 0.23984375 0.61796875 0.0359375 0.040625
0 0.45390625 0.165625 0.034375 0.0390625
0 0.35390625 0.78046875 0.0375 0.0421875
0 0.7359375 0.56171875 0.034375 0.0421875
0 0.5921875 0.35390625 0.0359375 0.0453125
0 0.396875 0.29609375 0.0421875 0.046875
0 0.76953125 0.5875 0.0421875 0.059375
0 0.5375 0.16484375 0.0359375 0.0375
0 0.471875 0.62890625 0.03125 0.04375
0 0.3859375 0.79765625 0.0390625 0.0453125
0 0.60546875 0.19765625 0.0359375 0.04375
0 0.66484375 0.7109375 0.03125 0.03125
0 0.70078125 0.7375 0.0390625 0.0546875
0 0.4171875 0.825 0.0359375 0.0375
0 0.49453125 0.38046875 0.0265625 0.0328125
0 0.41875 0.521875 0.025 0.034375
0 0.359375 0.50703125 0.0359375 0.0484375
0 0.56484375 0.7984375 0.034375 0.04375
0 0.54453125 0.265625 0.0453125 0.046875
0 0.296875 0.2328125 0.040625 0.04375
0 0.63125 0.50625 0.0328125 0.040625
0 0.50234375 0.6265625 0.0296875 0.0390625
0 0.3875 0.4828125 0.0359375 0.04375
0 0.421875 0.3359375 0.034375 0.0421875
0 0.7125 0.26875 0.04375 0.0515625
0 0.48046875 0.33984375 0.0328125 0.0390625
0 0.53828125 0.309375 0.0328125 0.05
0 0.58046875 0.2921875 0.04375 0.05
0 0.44375 0.57890625 0.0265625 0.028125
0 0.3921875 0.5265625 0.0359375 0.04375
0 0.2640625 0.59140625 0.0359375 0.046875
0 0.56015625 0.4296875 0.028125 0.028125
0 0.73359375 0.39921875 0.0328125 0.0390625
0 0.4015625 0.134375 0.0375 0.040625
0 0.60390625 0.51640625 0.03125 0.046875
0 0.23125 0.41015625 0.0390625 0.046875
0 0.4765625 0.3 0.034375 0.0421875
0 0.46484375 0.71875 0.0390625 0.0515625
0 0.59296875 0.6125 0.0359375 0.0375
0 0.39609375 0.3625 0.0359375 0.04375
0 0.28046875 0.35625 0.0359375 0.0421875
0 0.5171875 0.38203125 0.021875 0.03125
0 0.4765625 0.875 0.040625 0.0515625
0 0.2578125 0.31640625 0.0421875 0.04375
0 0.571875 0.18203125 0.0359375 0.04375
0 0.4875 0.67265625 0.0328125 0.0390625
0 0.39609375 0.196875 0.0359375 0.0453125
0 0.528125 0.42890625 0.0234375 0.021875
0 0.73046875 0.69609375 0.0421875 0.0515625
0 0.39140625 0.44296875 0.034375 0.0359375
0 0.740625 0.51796875 0.03125 0.0375
0 0.296875 0.315625 0.0359375 0.0390625
0 0.53359375 0.6171875 0.03125 0.0359375
0 0.36171875 0.8359375 0.0484375 0.0390625
0 0.4265625 0.6625 0.0359375 0.0390625
0 0.54453125 0.65546875 0.0328125 0.040625
0 0.44609375 0.31484375 0.0359375 0.04375
0 0.584375 0.559375 0.0359375 0.0390625
0 0.64375 0.61328125 0.040625 0.059375
0 0.54140625 0.40234375 0.03125 0.034375
0 0.6328125 0.4625 0.034375 0.040625
0 0.49296875 0.4375 0.01875 0.025
0 0.53828125 0.81796875 0.0359375 0.0421875
0 0.36953125 0.22265625 0.0328125 0.0453125
0 0.50703125 0.44375 0.0171875 0.0234375
0 0.45 0.35234375 0.0359375 0.0390625
0 0.77734375 0.51640625 0.0375 0.0578125
0 0.30546875 0.71171875 0.03125 0.0390625
0 0.62421875 0.54609375 0.0359375 0.04375
0 0.53125 0.57578125 0.0265625 0.025
0 0.4046875 0.40703125 0.034375 0.0390625
0 0.496875 0.1640625 0.0375 0.0453125
0 0.4 0.6421875 0.03125 0.04375
0 0.4265625 0.37734375 0.0359375 0.0390625
0 0.35859375 0.4625 0.034375 0.0453125
0 0.4265625 0.596875 0.034375 0.0328125
0 0.74296875 0.47890625 0.0328125 0.0359375
0 0.7359375 0.31328125 0.040625 0.046875
0 0.28828125 0.675 0.034375 0.0390625
0 0.6609375 0.25234375 0.034375 0.0359375
0 0.621875 0.42890625 0.0359375 0.0390625
0 0.41875 0.48671875 0.021875 0.028125
0 0.56171875 0.32265625 0.0375 0.046875
0 0.72265625 0.3609375 0.0375 0.0375
0 0.46328125 0.2515625 0.0390625 0.034375
0 0.684375 0.30546875 0.015625 0.0140625
0 0.64453125 0.734375 0.0359375 0.0359375
0 0.6078125 0.38984375 0.0359375 0.0375
0 0.44375 0.44921875 0.0203125 0.021875
0 0.33359375 0.19453125 0.034375 0.0375
0 0.22578125 0.5140625 0.03125 0.0359375
0 0.33125 0.74609375 0.0359375 0.04375
0 0.26640625 0.3984375 0.034375 0.04375
0 0.4453125 0.6171875 0.0328125 0.0375
0 0.22578125 0.46171875 0.0296875 0.0375
0 0.45390625 0.46796875 0.0171875 0.0203125
0 0.42890625 0.27109375 0.0375 0.04375
0 0.56328125 0.1234375 0.0453125 0.0453125
0 0.61640625 0.328125 0.034375 0.0484375
0 0.534375 0.54453125 0.01875 0.0203125
0 0.446875 0.83125 0.028125 0.0421875
0 0.7625 0.371875 0.04375 0.053125
0 0.421875 0.4546875 0.025 0.0328125
0 0.7109375 0.63203125 0.0390625 0.0375
0 0.23984375 0.36796875 0.034375 0.0375
0 0.2578125 0.67265625 0.0390625 0.05
0 0.5640625 0.3859375 0.0328125 0.0390625
0 0.66875 0.50703125 0.0375 0.0515625
0 0.55234375 0.56015625 0.028125 0.028125
0 0.43515625 0.49921875 0.0234375 0.0234375
0 0.4703125 0.3890625 0.0265625 0.03125
0 0.58515625 0.42265625 0.034375 0.040625
0 0.259375 0.4453125 0.0359375 0.0359375
0 0.36484375 0.16640625 0.028125 0.0359375
0 0.51484375 0.534375 0.0171875 0.01875
0 0.5078125 0.415625 0.01875 0.025
0 0.6953125 0.6703125 0.04375 0.04375
0 0.4890625 0.4109375 0.0203125 0.0234375
0 0.640625 0.3765625 0.0328125 0.059375
0 0.53359375 0.46484375 0.0203125 0.0171875
0 0.43125 0.4265625 0.028125 0.03125
0 0.5390625 0.3609375 0.0328125 0.040625
0 0.45703125 0.67109375 0.028125 0.034375
0 0.70546875 0.325 0.0265625 0.025
0 0.55703125 0.59609375 0.0375 0.0453125
0 0.37265625 0.8703125 0.03125 0.0328125
0 0.48828125 0.596875 0.025 0.0296875
0 0.4390625 0.521875 0.021875 0.0234375
0 0.725 0.5984375 0.0328125 0.034375
0 0.5109375 0.59296875 0.0265625 0.03125
0 0.3671875 0.55078125 0.028125 0.0390625
0 0.2609375 0.54453125 0.0296875 0.0359375
0 0.6796875 0.28984375 0.0140625 0.0140625
0 0.44765625 0.40234375 0.0296875 0.034375
0 0.60390625 0.4609375 0.0296875 0.0359375
0 0.546875 0.521875 0.0203125 0.0265625
0 0.2546875 0.49921875 0.03125 0.040625
0 0.68046875 0.2140625 0.04375 0.053125
0 0.6328125 0.2234375 0.0296875 0.0359375
0 0.2765625 0.6359375 0.034375 0.0390625
0 0.60859375 0.57890625 0.0375 0.0390625
0 0.4703125 0.54453125 0.01875 0.0171875
0 0.44921875 0.54609375 0.0234375 0.0234375
0 0.27578125 0.27265625 0.0375 0.034375
0 0.48125 0.565625 0.015625 0.021875
0 0.69453125 0.29453125 0.0125 0.015625
0 0.45546875 0.43203125 0.0234375 0.0203125
0 0.571875 0.51171875 0.0265625 0.03125
0 0.77734375 0.44453125 0.0375 0.0546875