0 0.33046875 0.49453125 0.040625 0.0515625
0 0.6703125 0.778125 0.0453125 0.059375
0 0.296875 0.76484375 0.04375 0.0515625
0 0.6359375 0.815625 0.04375 0.0609375
0 0.60546875 0.15 0.046875 0.059375
0 0.27421875 0.72109375 0.0390625 0.05
0 0.4953125 0.38046875 0.0265625 0.0359375
0 0.36953125 0.65078125 0.040625 0.05
0 0.6640625 0.56171875 0.0453125 0.0546875
0 0.5421875 0.70625 0.0390625 0.05
0 0.58359375 0.28984375 0.0421875 0.05
0 0.56328125 0.38671875 0.034375 0.0453125
0 0.54609375 0.2671875 0.04375 0.0484375
0 0.34296875 0.2484375 0.0390625 0.04375
0 0.37265625 0.41484375 0.0328125 0.046875
0 0.5859375 0.42265625 0.0359375 0.0421875
0 0.7703125 0.58671875 0.04375 0.0609375
0 0.396875 0.19765625 0.0359375 0.046875
0 0.5140625 0.66484375 0.03125 0.0421875
0 0.55703125 0.85703125 0.04375 0.053125
0 0.23984375 0.61875 0.0375 0.04375
0 0.334375 0.5484375 0.0421875 0.0546875
0 0.51640625 0.8640625 0.0421875 0.0484375
0 0.50390625 0.71875 0.040625 0.05
0 0.44296875 0.57890625 0.0265625 0.028125
0 0.396875 0.296875 0.0421875 0.05
0 0.51015625 0.34453125 0.0328125 0.0453125
0 0.39765625 0.68515625 0.04375 0.046875
0 0.23046875 0.565625 0.0390625 0.046875
0 0.30546875 0.71328125 0.0328125 0.046875
0 0.42578125 0.178125 0.034375 0.040625
0 0.5703125 0.6421875 0.0375 0.040625
0 0.5953125 0.78203125 0.034375 0.0484375
0 0.50625 0.30078125 0.0359375 0.05
0 0.3328125 0.440625 0.0453125 0.05
0 0.57890625 0.690625 0.0390625 0.0578125
0 0.34765625 0.60234375 0.0421875 0.0515625
0 0.5046875 0.253125 0.0390625 0.046875
0 0.45390625 0.165625 0.0359375 0.0390625
0 0.3625 0.50703125 0.0359375 0.0453125
0 0.7125 0.26875 0.04375 0.053125
0 0.32109375 0.28125 0.0375 0.04375
0 0.60546875 0.19921875 0.0375 0.0453125
0 0.571875 0.18125 0.034375 0.0453125
0 0.51796875 0.1171875 0.04375 0.0484375
0 0.59609375 0.83828125 0.04375 0.0578125
0 0.43203125 0.7078125 0.040625 0.046875
0 0.3625 0.3390625 0.04375 0.0453125
0 0.47578125 0.87421875 0.040625 0.05
0 0.39921875 0.85390625 0.0390625 0.0421875
0 0.496875 0.1625 0.0359375 0.04375
0 0.34296875 0.38515625 0.0421875 0.046875
0 0.53828125 0.30859375 0.0328125 0.05
0 0.778125 0.5140625 0.0390625 0.0609375
0 0.4453125 0.31484375 0.0359375 0.04375
0 0.73125 0.696875 0.046875 0.059375
0 0.47578125 0.1140625 0.0390625 0.0375
0 0.40234375 0.5671875 0.0359375 0.04375
0 0.48046875 0.3421875 0.034375 0.0390625
0 0.5375 0.81875 0.0359375 0.0421875
0 0.6453125 0.1765625 0.04375 0.0609375
0 0.4390625 0.87421875 0.0390625 0.046875
0 0.7015625 0.73828125 0.0390625 0.05625
0 0.36953125 0.221875 0.0328125 0.0453125
0 0.4640625 0.25546875 0.0390625 0.04375
0 0.61328125 0.6578125 0.0421875 0.059375
0 0.60390625 0.51640625 0.03125 0.046875
0 0.4640625 0.71875 0.0390625 0.05
0 0.38203125 0.60078125 0.0359375 0.046875
0 0.39609375 0.36328125 0.034375 0.04375
0 0.621875 0.7671875 0.0375 0.0421875
0 0.51640625 0.38125 0.021875 0.03125
0 0.49296875 0.4375 0.0203125 0.0265625
0 0.53671875 0.165625 0.0390625 0.040625
0 0.61015625 0.57890625 0.0375 0.04375
0 0.5640625 0.80078125 0.034375 0.046875
0 0.64453125 0.73515625 0.034375 0.0390625
0 0.63203125 0.4640625 0.0359375 0.0421875
0 0.25625 0.4984375 0.034375 0.0484375
0 0.52890625 0.42890625 0.0234375 0.025
0 0.62578125 0.54609375 0.0359375 0.0453125
0 0.61484375 0.32890625 0.0390625 0.0515625
0 0.26484375 0.590625 0.0359375 0.046875
0 0.40078125 0.6421875 0.03125 0.04375
0 0.665625 0.71328125 0.0359375 0.0390625
0 0.43046875 0.27265625 0.0390625 0.046875
0 0.38515625 0.79765625 0.0390625 0.046875
0 0.41796875 0.521875 0.0265625 0.034375
0 0.296875 0.315625 0.0375 0.0421875
0 0.6703125 0.50546875 0.04375 0.0578125
0 0.5921875 0.353125 0.034375 0.04375
0 0.69765625 0.66953125 0.0375 0.0453125
0 0.478125 0.83359375 0.0390625 0.0453125
0 0.47265625 0.6296875 0.03125 0.04375
0 0.36328125 0.8375 0.04375 0.040625
0 0.225 0.4625 0.0359375 0.04375
0 0.54453125 0.65546875 0.0328125 0.040625
0 0.390625 0.52578125 0.0328125 0.0421875
0 0.259375 0.446875 0.034375 0.04375
0 0.3875 0.48203125 0.034375 0.0421875
0 0.4875 0.67265625 0.0328125 0.040625
0 0.23828125 0.3703125 0.0453125 0.0453125
0 0.734375 0.4 0.0359375 0.0453125
0 0.54140625 0.4015625 0.03125 0.0359375
0 0.53359375 0.6171875 0.0328125 0.0375
0 0.45 0.35234375 0.0359375 0.0390625
0 0.33125 0.74921875 0.0328125 0.0453125
0 0.74140625 0.43828125 0.0359375 0.04375
0 0.26171875 0.5453125 0.034375 0.0484375
0 0.22421875 0.51484375 0.0359375 0.040625
0 0.64296875 0.61171875 0.0421875 0.0546875
0 0.4046875 0.40703125 0.0359375 0.040625
0 0.35390625 0.7796875 0.0359375 0.040625
0 0.3671875 0.5515625 0.03125 0.04375
0 0.265625 0.3984375 0.034375 0.04375
0 0.2796875 0.35390625 0.0375 0.0390625
0 0.33046875 0.8 0.040625 0.046875
0 0.42109375 0.33515625 0.0359375 0.0421875
0 0.740625 0.52109375 0.034375 0.04375
0 0.5390625 0.3609375 0.0328125 0.040625
0 0.6609375 0.2578125 0.0390625 0.04375
0 0.41796875 0.82578125 0.0375 0.0375
0 0.28828125 0.675 0.034375 0.04375
0 0.584375 0.559375 0.0359375 0.0390625
0 0.721875 0.36328125 0.0375 0.040625
0 0.74453125 0.478125 0.0375 0.0484375
0 0.4375 0.11953125 0.0390625 0.0390625
0 0.4453125 0.61796875 0.03125 0.0359375
0 0.42578125 0.59765625 0.034375 0.034375
0 0.56171875 0.12421875 0.0453125 0.0484375
0 0.60859375 0.38984375 0.0390625 0.0390625
0 0.2765625 0.6390625 0.0359375 0.046875
0 0.25703125 0.6734375 0.0390625 0.0515625
0 0.5921875 0.61171875 0.0359375 0.0375
0 0.4765625 0.30078125 0.0328125 0.0421875
0 0.3921875 0.44296875 0.0328125 0.0375
0 0.50234375 0.6265625 0.0296875 0.0390625
0 0.73515625 0.56171875 0.0359375 0.04375
0 0.56015625 0.4296875 0.0296875 0.0328125
0 0.4890625 0.4109375 0.01875 0.0234375
0 0.51015625 0.59296875 0.028125 0.03125
0 0.4265625 0.375 0.0359375 0.0359375
0 0.53203125 0.575 0.0265625 0.028125
0 0.44375 0.4484375 0.021875 0.021875
0 0.70546875 0.3296875 0.0359375 0.0375
0 0.50703125 0.44140625 0.0171875 0.0265625
0 0.4171875 0.48828125 0.025 0.0328125
0 0.25703125 0.31640625 0.046875 0.04375
0 0.48828125 0.596875 0.0234375 0.028125
0 0.64375 0.37109375 0.0421875 0.05
0 0.23125 0.41171875 0.040625 0.046875
0 0.5078125 0.4140625 0.0203125 0.025
0 0.68046875 0.2140625 0.0453125 0.053125
0 0.42734375 0.6625 0.0359375 0.0390625
0 0.46953125 0.38984375 0.028125 0.0328125
0 0.296875 0.23203125 0.0421875 0.0421875
0 0.6625 0.43515625 0.0390625 0.0546875
0 0.359375 0.46171875 0.0359375 0.046875
0 0.63125 0.22421875 0.0359375 0.04375
0 0.63046875 0.5046875 0.0328125 0.040625
0 0.42734375 0.56015625 0.0328125 0.040625
0 0.40078125 0.1390625 0.0421875 0.05
0 0.421875 0.45546875 0.025 0.034375
0 0.603125 0.4640625 0.03125 0.040625
0 0.5515625 0.56171875 0.0296875 0.0265625
0 0.71171875 0.63203125 0.0375 0.0390625
0 0.43515625 0.5 0.025 0.025
0 0.5625 0.32421875 0.0359375 0.0390625
0 0.53515625 0.54453125 0.0203125 0.021875
0 0.43984375 0.52265625 0.0234375 0.0234375
0 0.43046875 0.4265625 0.0296875 0.03125
0 0.45703125 0.6734375 0.0296875 0.040625
0 0.48125 0.565625 0.01875 0.0234375
0 0.72421875 0.59921875 0.0359375 0.0390625
0 0.4609375 0.56171875 0.025 0.028125
0 0.534375 0.46484375 0.021875 0.0171875
0 0.45546875 0.43125 0.0234375 0.021875
0 0.45 0.546875 0.0203125 0.0234375
0 0.44765625 0.4015625 0.0296875 0.0359375
0 0.4640625 0.59453125 0.0265625 0.03125
0 0.446875 0.83203125 0.028125 0.0421875
0 0.5140625 0.53515625 0.0203125 0.0203125
0 0.76015625 0.65078125 0.0515625 0.0625
0 0.55546875 0.49765625 0.01875 0.025
0 0.5546875 0.46953125 0.0203125 0.0265625
0 0.5578125 0.5984375 0.0359375 0.0453125
0 0.68359375 0.29453125 0.0375 0.0390625
0 0.45390625 0.46796875 0.0171875 0.0203125
0 0.56015625 0.53359375 0.0328125 0.0328125
0 0.62265625 0.4296875 0.0359375 0.040625
0 0.73671875 0.31328125 0.040625 0.046875
0 0.77578125 0.44375 0.0359375 0.0578125
0 0.515625 0.5578125 0.0203125 0.0234375
0 0.571875 0.51171875 0.0265625 0.03125
0 0.27578125 0.27109375 0.0390625 0.0390625
0 0.54765625 0.52265625 0.0203125 0.028125
0 0.47109375 0.5453125 0.025 0.01875
0 0.578125 0.4859375 0.0296875 0.028125
0 0.43671875 0.47265625 0.021875 0.025
0 0.50234375 0.5421875 0.0171875 0.0171875
0 0.49296875 0.5609375 0.0265625 0.025
0 0.36171875 0.16171875 0.040625 0.0421875
0 0.521875 0.44921875 0.015625 0.021875
0 0.57265625 0.4546875 0.03125 0.0328125
0 0.4609375 0.45 0.0234375 0.021875
0 0.47109375 0.42109375 0.0203125 0.0265625