0 0.60546875 0.1484375 0.046875 0.059375
0 0.296875 0.7640625 0.04375 0.0515625
0 0.6359375 0.81640625 0.046875 0.0640625
0 0.55625 0.85703125 0.0453125 0.0546875
0 0.396875 0.296875 0.04375 0.0515625
0 0.3328125 0.440625 0.04375 0.0515625
0 0.6703125 0.77890625 0.04375 0.059375
0 0.5421875 0.70546875 0.0390625 0.0515625
0 0.27421875 0.72109375 0.0390625 0.0515625
0 0.23046875 0.565625 0.0375 0.0453125
0 0.71171875 0.26953125 0.0421875 0.05625
0 0.36953125 0.65 0.040625 0.0515625
0 0.50625 0.3015625 0.0359375 0.0515625
0 0.3421875 0.2484375 0.0359375 0.0453125
0 0.46484375 0.2578125 0.0390625 0.046875
0 0.33125 0.49375 0.040625 0.0546875
0 0.6640625 0.56171875 0.046875 0.0578125
0 0.47578125 0.875 0.040625 0.0546875
0 0.39765625 0.68515625 0.040625 0.0484375
0 0.51484375 0.8640625 0.0390625 0.05
0 0.43203125 0.7078125 0.04375 0.05
0 0.346875 0.60234375 0.0390625 0.0546875
0 0.51796875 0.11875 0.04375 0.0515625
0 0.5140625 0.66484375 0.0328125 0.040625
0 0.64609375 0.1765625 0.046875 0.0640625
0 0.4390625 0.8734375 0.040625 0.05
0 0.5640625 0.38671875 0.0328125 0.046875
0 0.4953125 0.38125 0.0265625 0.034375
0 0.37265625 0.41484375 0.0328125 0.046875
0 0.546875 0.26796875 0.0453125 0.0515625
0 0.396875 0.19765625 0.0359375 0.0484375
0 0.46484375 0.71875 0.0390625 0.05
0 0.3984375 0.8546875 0.0390625 0.0453125
0 0.76953125 0.58671875 0.04375 0.0625
0 0.734375 0.4 0.0359375 0.0453125
0 0.30546875 0.71484375 0.034375 0.046875
0 0.45390625 0.165625 0.034375 0.040625
0 0.33515625 0.54765625 0.0421875 0.05625
0 0.36875 0.22109375 0.034375 0.0484375
0 0.59453125 0.78203125 0.034375 0.0453125
0 0.3625 0.5078125 0.0359375 0.0484375
0 0.5703125 0.6421875 0.0390625 0.040625
0 0.36171875 0.3390625 0.04375 0.0484375
0 0.3640625 0.8375 0.0453125 0.0421875
0 0.34296875 0.38515625 0.040625 0.0484375
0 0.50390625 0.25390625 0.040625 0.0515625
0 0.58125 0.28984375 0.04375 0.0515625
0 0.50390625 0.7203125 0.040625 0.0578125
0 0.23984375 0.61875 0.0375 0.046875
0 0.778125 0.51484375 0.0390625 0.0625
0 0.60546875 0.19921875 0.0375 0.0453125
0 0.56328125 0.79765625 0.0328125 0.0453125
0 0.32109375 0.28203125 0.0375 0.0453125
0 0.5609375 0.1265625 0.046875 0.05625
0 0.57890625 0.690625 0.0390625 0.059375
0 0.38203125 0.6015625 0.0359375 0.05
0 0.4796875 0.8328125 0.0390625 0.0453125
0 0.5953125 0.83828125 0.04375 0.0578125
0 0.26484375 0.39921875 0.0359375 0.0453125
0 0.4015625 0.5671875 0.034375 0.04375
0 0.61328125 0.6578125 0.04375 0.0609375
0 0.64375 0.734375 0.034375 0.0390625
0 0.57265625 0.18125 0.034375 0.04375
0 0.496875 0.16328125 0.0375 0.0484375
0 0.38515625 0.79765625 0.0390625 0.0484375
0 0.48046875 0.34140625 0.034375 0.0421875
0 0.70234375 0.73828125 0.04375 0.0609375
0 0.51015625 0.34453125 0.0328125 0.0453125
0 0.44296875 0.5796875 0.0265625 0.028125
0 0.42578125 0.178125 0.0328125 0.0421875
0 0.47578125 0.11640625 0.0390625 0.0390625
0 0.328125 0.8 0.0453125 0.05
0 0.62109375 0.76640625 0.0375 0.0421875
0 0.43046875 0.27265625 0.0390625 0.0515625
0 0.58671875 0.42265625 0.0359375 0.0453125
0 0.2796875 0.3546875 0.0375 0.0421875
0 0.53828125 0.30859375 0.034375 0.0515625
0 0.52890625 0.42890625 0.025 0.025
0 0.51640625 0.38046875 0.021875 0.03125
0 0.25625 0.4984375 0.034375 0.0484375
0 0.296875 0.31484375 0.0375 0.04375
0 0.353125 0.7796875 0.0359375 0.040625
0 0.39453125 0.36328125 0.034375 0.04375
0 0.25625 0.31640625 0.0484375 0.0484375
0 0.40078125 0.6421875 0.03125 0.046875
0 0.41875 0.52109375 0.025 0.0359375
0 0.74140625 0.4390625 0.034375 0.04375
0 0.4453125 0.31484375 0.0359375 0.0453125
0 0.3875 0.48203125 0.034375 0.04375
0 0.39375 0.52734375 0.034375 0.0453125
0 0.5421875 0.4015625 0.03125 0.0359375
0 0.2375 0.36953125 0.0453125 0.0453125
0 0.42578125 0.5984375 0.034375 0.0359375
0 0.33125 0.75 0.034375 0.0484375
0 0.61484375 0.32890625 0.040625 0.053125
0 0.73671875 0.31484375 0.0421875 0.0515625
0 0.2265625 0.4609375 0.0328125 0.0453125
0 0.625 0.54609375 0.0375 0.046875
0 0.68046875 0.215625 0.04375 0.05625
0 0.53671875 0.16640625 0.040625 0.04375
0 0.77578125 0.44375 0.0390625 0.05625
0 0.5375 0.81796875 0.0375 0.0421875
0 0.4875 0.67265625 0.0328125 0.040625
0 0.4203125 0.334375 0.0359375 0.04375
0 0.42578125 0.3765625 0.0390625 0.0375
0 0.27578125 0.63671875 0.0359375 0.046875
0 0.36796875 0.55234375 0.03125 0.0453125
0 0.42734375 0.56015625 0.0328125 0.0421875
0 0.73125 0.69765625 0.046875 0.0640625
0 0.5921875 0.353125 0.0359375 0.0453125
0 0.70625 0.33359375 0.0359375 0.046875
0 0.66484375 0.71328125 0.0359375 0.0390625
0 0.43828125 0.11875 0.0390625 0.05
0 0.23125 0.41171875 0.040625 0.05
0 0.6328125 0.46484375 0.0375 0.0453125
0 0.4765625 0.3015625 0.03125 0.04375
0 0.2640625 0.59140625 0.0359375 0.0484375
0 0.63515625 0.2265625 0.0359375 0.0484375
0 0.721875 0.36328125 0.0375 0.040625
0 0.6703125 0.5046875 0.04375 0.0578125
0 0.25703125 0.67421875 0.040625 0.05625
0 0.44921875 0.35234375 0.0359375 0.0421875
0 0.47265625 0.6296875 0.03125 0.04375
0 0.74453125 0.47734375 0.0359375 0.0484375
0 0.60859375 0.3890625 0.0359375 0.0421875
0 0.56015625 0.4296875 0.03125 0.03125
0 0.696875 0.66953125 0.0359375 0.04375
0 0.64296875 0.61171875 0.0421875 0.059375
0 0.609375 0.58046875 0.0375 0.04375
0 0.4046875 0.40703125 0.0359375 0.04375
0 0.2609375 0.54609375 0.0328125 0.05
0 0.41640625 0.48828125 0.025 0.034375
0 0.7453125 0.52421875 0.0359375 0.0421875
0 0.5390625 0.36015625 0.034375 0.04375
0 0.5453125 0.6546875 0.0328125 0.0390625
0 0.53359375 0.61640625 0.034375 0.0359375
0 0.73671875 0.56171875 0.0359375 0.0453125
0 0.29609375 0.23046875 0.0421875 0.0453125
0 0.60390625 0.51640625 0.0328125 0.05
0 0.53203125 0.575 0.028125 0.03125
0 0.41796875 0.82578125 0.0359375 0.0390625
0 0.28828125 0.675 0.034375 0.04375
0 0.765625 0.37265625 0.05 0.0609375
0 0.3609375 0.459375 0.0390625 0.05
0 0.2609375 0.44921875 0.0375 0.0484375
0 0.5921875 0.61171875 0.034375 0.0421875
0 0.725 0.5984375 0.0359375 0.0390625
0 0.39296875 0.44375 0.0375 0.0390625
0 0.40078125 0.13984375 0.04375 0.053125
0 0.7109375 0.63203125 0.0390625 0.0390625
0 0.49296875 0.4375 0.01875 0.0265625
0 0.42734375 0.6625 0.0375 0.040625
0 0.64375 0.37265625 0.0421875 0.053125
0 0.44609375 0.61796875 0.0328125 0.0390625
0 0.4703125 0.390625 0.0296875 0.0328125
0 0.6609375 0.25703125 0.0375 0.0421875
0 0.5625 0.325 0.0359375 0.0375
0 0.50234375 0.62734375 0.0296875 0.040625
0 0.584375 0.559375 0.0359375 0.0421875
0 0.44375 0.4484375 0.021875 0.021875
0 0.68359375 0.29609375 0.0359375 0.046875
0 0.22421875 0.51484375 0.0359375 0.0421875
0 0.440625 0.521875 0.025 0.025
0 0.4296875 0.4265625 0.0296875 0.034375
0 0.446875 0.8328125 0.0296875 0.04375
0 0.55234375 0.56171875 0.03125 0.03125
0 0.50703125 0.4421875 0.0171875 0.0265625
0 0.7609375 0.65234375 0.04375 0.0546875
0 0.5078125 0.41484375 0.0203125 0.0265625
0 0.43515625 0.5 0.025 0.025
0 0.63046875 0.50703125 0.034375 0.0453125
0 0.45625 0.43125 0.0234375 0.0234375
0 0.421875 0.45546875 0.025 0.034375
0 0.48984375 0.4140625 0.01875 0.025
0 0.55546875 0.49765625 0.0203125 0.0265625
0 0.53515625 0.54453125 0.0203125 0.021875
0 0.4890625 0.596875 0.0234375 0.028125
0 0.36328125 0.16484375 0.0421875 0.040625
0 0.5140625 0.53515625 0.0234375 0.021875
0 0.45390625 0.4671875 0.0171875 0.0203125
0 0.66328125 0.43515625 0.0390625 0.05625
0 0.27578125 0.271875 0.040625 0.04375
0 0.5546875 0.46953125 0.0203125 0.0265625
0 0.4640625 0.59453125 0.025 0.03125
0 0.44765625 0.4015625 0.0296875 0.0359375
0 0.51015625 0.59296875 0.0265625 0.0296875
0 0.62265625 0.42890625 0.0359375 0.0421875
0 0.4578125 0.6734375 0.0296875 0.046875
0 0.5546875 0.53125 0.0390625 0.0359375
0 0.33046875 0.19140625 0.0453125 0.0484375
0 0.43671875 0.47265625 0.021875 0.025