0 0.371875 0.271875 0.015625 0.01875
0 0.41640625 0.21953125 0.0140625 0.01875
0 0.61953125 0.521875 0.01875 0.0203125
0 0.35703125 0.27890625 0.0125 0.0171875
0 0.6046875 0.553125 0.0203125 0.0234375
0 0.34296875 0.30859375 0.0140625 0.015625
0 0.36875 0.6703125 0.0140625 0.01875
0 0.33359375 0.32109375 0.0125 0.0140625
0 0.59296875 0.60546875 0.0234375 0.021875
0 0.484375 0.19140625 0.0125 0.0140625
0 0.38125 0.68125 0.0171875 0.0203125
0 0.6078125 0.3203125 0.0125 0.0171875
0 0.52578125 0.21171875 0.028125 0.0328125
0 0.628125 0.49453125 0.0140625 0.0109375
0 0.3328125 0.59296875 0.015625 0.01875
0 0.403125 0.70234375 0.021875 0.0296875
0 0.553125 0.6578125 0.0359375 0.028125
0 0.62109375 0.45546875 0.01875 0.0171875
0 0.30625 0.5484375 0.015625 0.0203125
0 0.60546875 0.46640625 0.0171875 0.01875
0 0.39296875 0.23984375 0.0140625 0.015625
0 0.62734375 0.478125 0.0140625 0.01875
0 0.6 0.29453125 0.01875 0.015625
0 0.38359375 0.26015625 0.0140625 0.0125
0 0.60625 0.534375 0.0125 0.0125
0 0.45546875 0.1921875 0.015625 0.0140625
0 0.578125 0.625 0.0296875 0.025
0 0.484375 0.2046875 0.01875 0.015625
0 0.46640625 0.18984375 0.0125 0.0140625
0 0.45546875 0.70625 0.03125 0.046875
0 0.6234375 0.50390625 0.01875 0.0125
0 0.3046875 0.4421875 0.0171875 0.015625
0 0.5453125 0.2125 0.01875 0.028125
0 0.59375 0.27265625 0.015625 0.0203125
0 0.40546875 0.23046875 0.0109375 0.015625
0 0.34765625 0.29296875 0.015625 0.0171875
0 0.39375 0.68125 0.0109375 0.01875
0 0.615625 0.37421875 0.0203125 0.01875
0 0.34375 0.6046875 0.0125 0.015625
0 0.434375 0.2109375 0.0125 0.0171875
0 0.34140625 0.62890625 0.009375 0.015625
0 0.61875 0.47109375 0.0109375 0.015625
0 0.30234375 0.465625 0.0125 0.0140625
0 0.6171875 0.49140625 0.009375 0.01875
0 0.61953125 0.4375 0.0140625 0.0171875
0 0.60703125 0.33984375 0.015625 0.015625
0 0.321875 0.55625 0.009375 0.0171875
0 0.43046875 0.71015625 0.015625 0.01875
0 0.4203125 0.69765625 0.01875 0.0234375
0 0.30625 0.39375 0.0125 0.0125
0 0.3046875 0.40703125 0.0125 0.0140625
0 0.525 0.68359375 0.0328125 0.0359375
0 0.625 0.42265625 0.0171875 0.015625
0 0.30390625 0.52734375 0.01875 0.01875
0 0.31796875 0.37265625 0.0125 0.0125
0 0.328125 0.56875 0.015625 0.0140625
0 0.49375 0.69453125 0.0140625 0.015625
0 0.321875 0.34375 0.0109375 0.009375