0 0.36953125 0.271875 0.015625 0.01875
0 0.41796875 0.21953125 0.0140625 0.01875
0 0.61953125 0.521875 0.0203125 0.0203125
0 0.60546875 0.55234375 0.0203125 0.0234375
0 0.38125 0.6796875 0.0171875 0.0234375
0 0.3328125 0.32109375 0.0125 0.0140625
0 0.33203125 0.59296875 0.0171875 0.0203125
0 0.403125 0.7015625 0.0234375 0.03125
0 0.62734375 0.49453125 0.015625 0.0109375
0 0.34296875 0.30859375 0.0125 0.015625
0 0.59296875 0.2734375 0.015625 0.021875
0 0.48359375 0.190625 0.0125 0.0140625
0 0.60703125 0.3203125 0.015625 0.01875
0 0.553125 0.65859375 0.034375 0.0265625
0 0.6 0.29375 0.01875 0.01875
0 0.3046875 0.44296875 0.0171875 0.01875
0 0.62890625 0.45546875 0.01875 0.0203125
0 0.36796875 0.671875 0.015625 0.0171875
0 0.35703125 0.28046875 0.0125 0.015625
0 0.43515625 0.2109375 0.0140625 0.01875
0 0.62421875 0.5046875 0.01875 0.0125
0 0.30546875 0.54453125 0.01875 0.01875
0 0.34453125 0.60390625 0.0140625 0.015625
0 0.525 0.67890625 0.028125 0.0265625
0 0.60703125 0.534375 0.0125 0.0125
0 0.62734375 0.478125 0.015625 0.01875
0 0.38359375 0.259375 0.015625 0.0140625
0 0.45546875 0.190625 0.0140625 0.0140625
0 0.571875 0.64296875 0.025 0.0203125
0 0.3953125 0.2359375 0.0140625 0.0171875
0 0.6046875 0.4671875 0.01875 0.0171875
0 0.59296875 0.60546875 0.0203125 0.0203125
0 0.46640625 0.18984375 0.0125 0.0140625
0 0.484375 0.20625 0.0171875 0.0140625
0 0.34140625 0.62890625 0.009375 0.0140625
0 0.3328125 0.61640625 0.0171875 0.01875
0 0.57890625 0.62421875 0.028125 0.025
0 0.321875 0.55625 0.0140625 0.0171875
0 0.60703125 0.49140625 0.0203125 0.0234375
0 0.61640625 0.375 0.01875 0.01875
0 0.49375 0.6953125 0.0140625 0.0171875
0 0.32734375 0.56875 0.015625 0.015625
0 0.39375 0.68203125 0.0109375 0.0203125
0 0.3046875 0.4078125 0.0125 0.0140625
0 0.45859375 0.71171875 0.015625 0.0296875
0 0.60703125 0.43515625 0.0109375 0.0140625
0 0.30390625 0.45625 0.015625 0.0109375
0 0.43046875 0.7109375 0.015625 0.0203125
0 0.6234375 0.42265625 0.01875 0.0125
0 0.40546875 0.678125 0.01875 0.015625
0 0.30546875 0.39375 0.0125 0.0125
0 0.4453125 0.7140625 0.0140625 0.0234375
0 0.31953125 0.45703125 0.009375 0.0140625
0 0.61875 0.43828125 0.0140625 0.0171875
0 0.4046875 0.23125 0.009375 0.015625
0 0.6046875 0.35546875 0.0203125 0.015625
0 0.48203125 0.71328125 0.0203125 0.025
0 0.31796875 0.4453125 0.009375 0.015625
0 0.60859375 0.39296875 0.0234375 0.0203125
0 0.6234375 0.40390625 0.0171875 0.015625
0 0.30390625 0.528125 0.0203125 0.01875
0 0.46484375 0.2078125 0.025 0.0140625
0 0.60625 0.33984375 0.015625 0.015625
0 0.303125 0.4671875 0.0125 0.0125
0 0.4328125 0.6953125 0.0125 0.0171875
0 0.34765625 0.29296875 0.015625 0.015625