0 0.371875 0.271875 0.015625 0.0203125
0 0.61953125 0.52109375 0.01875 0.01875
0 0.6046875 0.5515625 0.01875 0.021875
0 0.62734375 0.49453125 0.015625 0.0109375
0 0.41640625 0.21953125 0.0140625 0.0171875
0 0.38125 0.68046875 0.015625 0.0203125
0 0.33359375 0.3203125 0.0125 0.0125
0 0.33203125 0.59375 0.015625 0.0203125
0 0.59375 0.60703125 0.021875 0.0203125
0 0.35625 0.2796875 0.0140625 0.0171875
0 0.34296875 0.309375 0.0140625 0.015625
0 0.36796875 0.6703125 0.0140625 0.0171875
0 0.628125 0.45546875 0.015625 0.01875
0 0.59296875 0.271875 0.015625 0.0203125
0 0.30625 0.54765625 0.0171875 0.021875
0 0.48359375 0.190625 0.0109375 0.0140625
0 0.45546875 0.190625 0.0140625 0.0140625
0 0.60546875 0.46640625 0.0171875 0.0171875
0 0.3046875 0.44140625 0.015625 0.0140625
0 0.57109375 0.64375 0.0203125 0.01875
0 0.6078125 0.3203125 0.0125 0.01875
0 0.60703125 0.534375 0.0125 0.0125
0 0.30390625 0.4078125 0.0125 0.015625
0 0.38359375 0.26015625 0.015625 0.0140625
0 0.62421875 0.5046875 0.01875 0.0125
0 0.62734375 0.478125 0.0140625 0.0171875
0 0.5453125 0.2109375 0.01875 0.0265625
0 0.6078125 0.4890625 0.0203125 0.0203125
0 0.3953125 0.234375 0.0140625 0.0171875
0 0.5796875 0.625 0.0265625 0.0234375
0 0.39453125 0.69765625 0.0140625 0.0203125
0 0.6 0.29375 0.0171875 0.0171875
0 0.61640625 0.4703125 0.0109375 0.015625
0 0.32109375 0.55546875 0.0140625 0.0171875
0 0.46640625 0.18984375 0.0109375 0.0140625
0 0.434375 0.2109375 0.0125 0.0171875
0 0.62265625 0.4234375 0.01875 0.0140625
0 0.31796875 0.371875 0.0125 0.0140625
0 0.30390625 0.45625 0.0125 0.0109375
0 0.4828125 0.20625 0.0125 0.0109375
0 0.34140625 0.6296875 0.009375 0.015625
0 0.39375 0.68125 0.009375 0.0171875
0 0.459375 0.7109375 0.0171875 0.028125
0 0.61875 0.43828125 0.0125 0.015625
0 0.3328125 0.615625 0.015625 0.01875
0 0.609375 0.3921875 0.025 0.0203125
0 0.61640625 0.37421875 0.0171875 0.01875
0 0.40546875 0.2296875 0.0109375 0.015625
0 0.33046875 0.33046875 0.015625 0.0125
0 0.62265625 0.4046875 0.0171875 0.0140625
0 0.30625 0.39375 0.009375 0.0109375
0 0.44609375 0.209375 0.0140625 0.0203125
0 0.60703125 0.4359375 0.0078125 0.0140625
0 0.32734375 0.56953125 0.015625 0.015625
0 0.60546875 0.4234375 0.0125 0.015625
0 0.34765625 0.29296875 0.015625 0.0171875
0 0.4640625 0.20703125 0.0203125 0.0125
0 0.34453125 0.60390625 0.0109375 0.015625
0 0.49375 0.6953125 0.0140625 0.0171875
0 0.43046875 0.7109375 0.0140625 0.0171875
0 0.3203125 0.45625 0.0109375 0.0140625