0 0.3703125 0.27265625 0.0140625 0.01875
0 0.38125 0.68125 0.015625 0.0203125
0 0.33203125 0.59453125 0.015625 0.01875
0 0.61953125 0.51953125 0.0171875 0.0171875
0 0.60546875 0.55234375 0.0171875 0.021875
0 0.36796875 0.671875 0.015625 0.0171875
0 0.40390625 0.7015625 0.0203125 0.0265625
0 0.3328125 0.32109375 0.0125 0.0140625
0 0.553125 0.6578125 0.0359375 0.025
0 0.30390625 0.44296875 0.015625 0.015625
0 0.62734375 0.49453125 0.0140625 0.0109375
0 0.62890625 0.45546875 0.0171875 0.01875
0 0.62578125 0.50390625 0.015625 0.0125
0 0.48359375 0.190625 0.0109375 0.0109375
0 0.525 0.6796875 0.0296875 0.0265625
0 0.6078125 0.32109375 0.0125 0.0171875
0 0.59375 0.60546875 0.021875 0.0203125
0 0.571875 0.64375 0.01875 0.015625
0 0.628125 0.47890625 0.0140625 0.0171875
0 0.60625 0.534375 0.0125 0.0125
0 0.35703125 0.27734375 0.0125 0.0203125
0 0.60546875 0.46796875 0.015625 0.015625
0 0.3046875 0.40625 0.0125 0.0125
0 0.45546875 0.19140625 0.0140625 0.0125
0 0.528125 0.2109375 0.021875 0.0265625
0 0.30625 0.54453125 0.015625 0.015625
0 0.34140625 0.309375 0.0140625 0.015625
0 0.41796875 0.21953125 0.0140625 0.0171875
0 0.59296875 0.271875 0.0140625 0.0203125
0 0.3328125 0.61640625 0.0171875 0.0171875
0 0.5765625 0.62578125 0.0359375 0.0234375
0 0.30390625 0.45625 0.0140625 0.009375
0 0.32265625 0.55546875 0.0125 0.015625
0 0.434375 0.21015625 0.0140625 0.0171875
0 0.6171875 0.471875 0.009375 0.0140625
0 0.30546875 0.39375 0.0125 0.0109375
0 0.3171875 0.371875 0.0125 0.0140625
0 0.34140625 0.63046875 0.009375 0.0125
0 0.50703125 0.70625 0.01875 0.0203125
0 0.39453125 0.68125 0.0109375 0.0171875
0 0.54453125 0.2109375 0.0171875 0.0234375
0 0.48359375 0.20625 0.015625 0.0125
0 0.621875 0.4234375 0.01875 0.0140625
0 0.6078125 0.48984375 0.0203125 0.0203125
0 0.328125 0.5703125 0.015625 0.0140625
0 0.6078125 0.45625 0.0109375 0.0140625
0 0.46640625 0.190625 0.009375 0.0109375
0 0.34765625 0.2921875 0.015625 0.0171875
0 0.60703125 0.43515625 0.009375 0.0140625
0 0.33203125 0.58203125 0.015625 0.0125
0 0.6 0.29375 0.0171875 0.015625
0 0.61953125 0.43828125 0.015625 0.015625
0 0.4578125 0.71015625 0.0125 0.0234375
0 0.38359375 0.259375 0.015625 0.0109375
0 0.40625 0.678125 0.015625 0.0125
0 0.45078125 0.20546875 0.021875 0.0171875
0 0.6234375 0.40390625 0.0171875 0.015625
0 0.60859375 0.3921875 0.0234375 0.01875
0 0.34375 0.60390625 0.0109375 0.015625
0 0.30390625 0.52890625 0.0171875 0.015625
0 0.48125 0.703125 0.0421875 0.0421875
0 0.30703125 0.38359375 0.0109375 0.0125
0 0.465625 0.20625 0.015625 0.0125
0 0.60390625 0.35546875 0.021875 0.0140625
0 0.303125 0.46640625 0.0109375 0.0109375