0 0.36953125 0.271875 0.01875 0.0203125
0 0.61953125 0.521875 0.01875 0.0203125
0 0.38125 0.6796875 0.015625 0.0203125
0 0.41796875 0.21953125 0.0140625 0.01875
0 0.36875 0.671875 0.0140625 0.01875
0 0.62578125 0.50390625 0.0171875 0.0140625
0 0.484375 0.1921875 0.0109375 0.0140625
0 0.40390625 0.7015625 0.0203125 0.028125
0 0.35703125 0.278125 0.0140625 0.0203125
0 0.5828125 0.59921875 0.0234375 0.0234375
0 0.60625 0.534375 0.0125 0.0140625
0 0.34140625 0.309375 0.015625 0.015625
0 0.6078125 0.3203125 0.0140625 0.01875
0 0.33359375 0.3203125 0.0140625 0.0125
0 0.57109375 0.64375 0.01875 0.01875
0 0.59375 0.27265625 0.0171875 0.021875
0 0.60390625 0.5515625 0.01875 0.0203125
0 0.340625 0.6296875 0.0109375 0.015625
0 0.33203125 0.59453125 0.0140625 0.0171875
0 0.62890625 0.45546875 0.0171875 0.0203125
0 0.60078125 0.29296875 0.0171875 0.0171875
0 0.62734375 0.47890625 0.0140625 0.01875
0 0.39453125 0.68125 0.0109375 0.015625
0 0.31796875 0.37265625 0.0140625 0.0140625
0 0.3046875 0.40859375 0.0125 0.015625
0 0.434375 0.21015625 0.0140625 0.01875
0 0.3046875 0.4421875 0.0171875 0.015625
0 0.34375 0.60390625 0.0125 0.0171875
0 0.38359375 0.26015625 0.015625 0.0140625
0 0.60859375 0.39296875 0.0265625 0.021875
0 0.45546875 0.19140625 0.0125 0.0125
0 0.3296875 0.33046875 0.0171875 0.0125
0 0.3328125 0.615625 0.015625 0.0171875
0 0.4828125 0.2078125 0.009375 0.0125
0 0.30625 0.39296875 0.0125 0.0125
0 0.5453125 0.21171875 0.01875 0.025
0 0.3953125 0.23515625 0.0125 0.0171875
0 0.4671875 0.190625 0.0109375 0.0125
0 0.49453125 0.6953125 0.015625 0.0171875
0 0.49453125 0.19609375 0.0109375 0.0171875
0 0.621875 0.4234375 0.0171875 0.0140625
0 0.60703125 0.43515625 0.009375 0.0140625
0 0.34765625 0.29296875 0.0171875 0.01875
0 0.4578125 0.7125 0.0140625 0.03125
0 0.50625 0.70703125 0.01875 0.021875
0 0.61875 0.43828125 0.0140625 0.0171875
0 0.31953125 0.45703125 0.009375 0.0125
0 0.30390625 0.45703125 0.0140625 0.0109375
0 0.321875 0.34609375 0.0140625 0.015625
0 0.31796875 0.44453125 0.0109375 0.0125
0 0.4046875 0.23046875 0.009375 0.0140625
0 0.615625 0.37421875 0.0203125 0.0203125
0 0.60703125 0.340625 0.015625 0.015625
0 0.40625 0.678125 0.015625 0.0125
0 0.621875 0.4046875 0.015625 0.0140625
0 0.35234375 0.65546875 0.0109375 0.0125
0 0.46640625 0.2078125 0.0140625 0.0125