0 0.16875 0.36328125 0.0484375 0.040625
0 0.8609375 0.553125 0.05 0.0390625
0 0.384375 0.81796875 0.04375 0.0484375
0 0.66796875 0.8 0.040625 0.04375
0 0.58203125 0.11796875 0.0421875 0.0453125
0 0.56328125 0.8328125 0.0375 0.0453125
0 0.51484375 0.1109375 0.0375 0.04375
0 0.6328125 0.8171875 0.0421875 0.0453125
0 0.6828125 0.15625 0.0421875 0.046875
0 0.42109375 0.82734375 0.0421875 0.0484375
0 0.81328125 0.27578125 0.046875 0.0375
0 0.8265625 0.65703125 0.046875 0.040625
0 0.84375 0.62109375 0.0453125 0.0421875
0 0.26328125 0.73515625 0.04375 0.0421875
0 0.153125 0.47109375 0.0453125 0.04375
0 0.15859375 0.40078125 0.046875 0.0390625
0 0.47734375 0.11328125 0.0375 0.04375
0 0.5296875 0.83828125 0.0390625 0.0453125
0 0.7890625 0.246875 0.04375 0.0375
0 0.18203125 0.615625 0.046875 0.0375
0 0.60234375 0.82890625 0.0390625 0.0453125
0 0.8703125 0.44375 0.04375 0.040625
0 0.44296875 0.11640625 0.0375 0.040625
0 0.44609375 0.275 0.0328125 0.0296875
0 0.31484375 0.16796875 0.0390625 0.040625
0 0.49140625 0.8359375 0.0375 0.0453125
0 0.19453125 0.64921875 0.04375 0.0390625
0 0.871875 0.4796875 0.0484375 0.04375
0 0.159375 0.54296875 0.0484375 0.0421875
0 0.19375 0.296875 0.04375 0.040625
0 0.5828125 0.57734375 0.0328125 0.03125
0 0.1796875 0.33125 0.046875 0.0375
0 0.4546875 0.8328125 0.0390625 0.046875
0 0.809375 0.68671875 0.04375 0.0390625
0 0.73125 0.76328125 0.0421875 0.0421875
0 0.85390625 0.5859375 0.046875 0.0390625
0 0.8703125 0.5171875 0.046875 0.0390625
0 0.75859375 0.7390625 0.04375 0.04375
0 0.34375 0.1546875 0.0421875 0.0453125
0 0.740625 0.19296875 0.0421875 0.04375
0 0.84375 0.33828125 0.0453125 0.0375
0 0.3203125 0.78046875 0.04375 0.04375
0 0.40859375 0.125 0.0390625 0.040625
0 0.234375 0.2375 0.0453125 0.0390625
0 0.365625 0.4984375 0.028125 0.028125
0 0.16953125 0.5796875 0.0453125 0.0421875
0 0.2140625 0.26796875 0.04375 0.0359375
0 0.284375 0.18828125 0.04375 0.040625
0 0.86796875 0.4078125 0.0484375 0.0421875
0 0.21640625 0.67890625 0.04375 0.0390625
0 0.540625 0.29453125 0.025 0.0234375
0 0.334375 0.61796875 0.03125 0.0359375
0 0.26015625 0.21328125 0.04375 0.040625
0 0.76796875 0.21796875 0.04375 0.0421875
0 0.29609375 0.58125 0.03125 0.028125
0 0.15625 0.50859375 0.046875 0.04375
0 0.58984375 0.528125 0.03125 0.028125
0 0.55 0.11328125 0.034375 0.0421875
0 0.8546875 0.37265625 0.0484375 0.04375
0 0.23671875 0.709375 0.0453125 0.040625
0 0.28984375 0.76015625 0.04375 0.0421875
0 0.78203125 0.71328125 0.0421875 0.0421875
0 0.37734375 0.13828125 0.0390625 0.0421875
0 0.53359375 0.36953125 0.03125 0.03125
0 0.61796875 0.1265625 0.0421875 0.0421875
0 0.446875 0.3234375 0.0296875 0.028125
0 0.57890625 0.55234375 0.03125 0.03125
0 0.34453125 0.5328125 0.025 0.028125
0 0.83125 0.3046875 0.0453125 0.0390625
0 0.28984375 0.53671875 0.034375 0.034375
0 0.31953125 0.4875 0.034375 0.034375
0 0.71015625 0.1796875 0.040625 0.0484375
0 0.6515625 0.1375 0.0421875 0.040625
0 0.36171875 0.625 0.028125 0.034375
0 0.70546875 0.565625 0.0265625 0.0265625
0 0.3703125 0.4671875 0.03125 0.0296875
0 0.52265625 0.225 0.03125 0.0328125
0 0.5984375 0.603125 0.0359375 0.028125
0 0.61796875 0.528125 0.028125 0.0265625
0 0.41015625 0.60703125 0.0328125 0.03125
0 0.70234375 0.78125 0.0390625 0.0453125
0 0.1546875 0.434375 0.046875 0.0421875
0 0.675 0.55703125 0.03125 0.03125
0 0.728125 0.540625 0.0359375 0.03125
0 0.3234375 0.51875 0.03125 0.03125
0 0.3140625 0.60234375 0.03125 0.03125
0 0.56875 0.24609375 0.034375 0.028125
0 0.4421875 0.296875 0.03125 0.0265625
0 0.55546875 0.32109375 0.0234375 0.0234375
0 0.340625 0.47109375 0.028125 0.03125
0 0.32421875 0.571875 0.028125 0.0265625
0 0.6125 0.62109375 0.03125 0.03125
0 0.71796875 0.51328125 0.0359375 0.0296875
0 0.31640625 0.5484375 0.0265625 0.0265625
0 0.37109375 0.521875 0.028125 0.0234375
0 0.73125 0.56484375 0.03125 0.028125
0 0.459375 0.34375 0.03125 0.03125
0 0.6890625 0.51953125 0.025 0.0265625
0 0.39609375 0.47578125 0.03125 0.0375
0 0.4984375 0.30390625 0.0359375 0.0390625
0 0.34921875 0.8015625 0.0421875 0.04375
0 0.57265625 0.3421875 0.0328125 0.028125
0 0.5640625 0.2953125 0.025 0.021875
0 0.35859375 0.56953125 0.0296875 0.0234375
0 0.38828125 0.5046875 0.028125 0.028125
0 0.49921875 0.22734375 0.0328125 0.0359375
0 0.5046875 0.3703125 0.0234375 0.03125
0 0.61328125 0.5734375 0.0265625 0.025
0 0.55625 0.27265625 0.028125 0.0234375
0 0.3890625 0.61796875 0.028125 0.03125
0 0.60390625 0.503125 0.0328125 0.0234375
0 0.6765625 0.4859375 0.028125 0.0328125
0 0.7234375 0.59140625 0.03125 0.028125
0 0.49453125 0.3421875 0.0359375 0.03125
0 0.64765625 0.5390625 0.025 0.0265625
0 0.6640625 0.63671875 0.03125 0.0390625
0 0.71171875 0.6125 0.03125 0.0296875
0 0.61015625 0.5515625 0.028125 0.0234375
0 0.47109375 0.32265625 0.0296875 0.028125
0 0.484375 0.36171875 0.0328125 0.0359375
0 0.29765625 0.5046875 0.034375 0.03125
0 0.70078125 0.540625 0.028125 0.028125
0 0.53984375 0.2546875 0.0265625 0.025
0 0.63828125 0.63046875 0.028125 0.03125
0 0.58359375 0.31875 0.0296875 0.025
0 0.62265625 0.4890625 0.03125 0.034375
0 0.45703125 0.24765625 0.0328125 0.028125
0 0.33984375 0.50078125 0.025 0.0265625
0 0.4375 0.5609375 0.034375 0.0296875
0 0.40625 0.5703125 0.021875 0.0265625
0 0.5828125 0.2703125 0.0265625 0.0203125
0 0.33828125 0.55390625 0.021875 0.021875
0 0.4171875 0.49140625 0.0328125 0.03125
0 0.43828125 0.53671875 0.0328125 0.0265625
0 0.40703125 0.52421875 0.025 0.025
0 0.6453125 0.575 0.0265625 0.025
0 0.63515625 0.55703125 0.028125 0.0265625
0 0.64921875 0.60546875 0.0265625 0.0265625
0 0.4296875 0.5875 0.0296875 0.0296875
0 0.6265625 0.5953125 0.025 0.0265625
0 0.48046875 0.23671875 0.0359375 0.03125
0 0.66484375 0.509375 0.028125 0.025
0 0.52734375 0.27421875 0.025 0.021875
0 0.38203125 0.5625 0.0265625 0.025
0 0.33828125 0.58671875 0.028125 0.03125
0 0.365625 0.59765625 0.025 0.0265625
0 0.46484375 0.296875 0.025 0.021875
0 0.5296875 0.31640625 0.028125 0.021875
0 0.434375 0.51015625 0.0328125 0.0265625
0 0.65078125 0.48359375 0.0296875 0.0328125
0 0.69140625 0.625 0.0296875 0.03125
0 0.6671875 0.53671875 0.025 0.0234375
0 0.3734375 0.54765625 0.0390625 0.025
0 0.70234375 0.49609375 0.03125 0.0296875
0 0.47265625 0.2734375 0.0296875 0.025
0 0.63515625 0.51015625 0.0265625 0.0203125
0 0.67421875 0.6046875 0.0265625 0.028125