0 0.51328125 0.11171875 0.0359375 0.0453125
0 0.66796875 0.8 0.040625 0.046875
0 0.1515625 0.4703125 0.0484375 0.0453125
0 0.4546875 0.83125 0.0421875 0.05
0 0.44453125 0.1171875 0.040625 0.0421875
0 0.5828125 0.11796875 0.0390625 0.046875
0 0.4203125 0.82734375 0.040625 0.046875
0 0.2859375 0.18984375 0.0453125 0.046875
0 0.55 0.11328125 0.0359375 0.04375
0 0.8609375 0.55390625 0.05 0.0421875
0 0.16796875 0.36328125 0.0484375 0.040625
0 0.61875 0.128125 0.0390625 0.0453125
0 0.6015625 0.82890625 0.0375 0.046875
0 0.384375 0.8171875 0.04375 0.05
0 0.15546875 0.5078125 0.0453125 0.04375
0 0.31953125 0.78125 0.0453125 0.05
0 0.565625 0.83203125 0.0375 0.0484375
0 0.73125 0.7640625 0.040625 0.04375
0 0.19453125 0.65 0.0421875 0.04375
0 0.1703125 0.58125 0.046875 0.04375
0 0.5296875 0.83671875 0.0375 0.0453125
0 0.740625 0.19296875 0.04375 0.0453125
0 0.84296875 0.621875 0.0484375 0.046875
0 0.86171875 0.40703125 0.04375 0.046875
0 0.34453125 0.1546875 0.040625 0.0453125
0 0.6328125 0.81640625 0.0421875 0.0484375
0 0.8703125 0.44375 0.0453125 0.0421875
0 0.159375 0.40078125 0.0453125 0.0421875
0 0.17890625 0.33125 0.046875 0.0390625
0 0.871875 0.4796875 0.046875 0.0453125
0 0.81171875 0.275 0.04375 0.0390625
0 0.86953125 0.51796875 0.0484375 0.04375
0 0.49140625 0.8359375 0.0375 0.0484375
0 0.75703125 0.7375 0.04375 0.04375
0 0.684375 0.15625 0.04375 0.0484375
0 0.315625 0.16796875 0.0390625 0.04375
0 0.28984375 0.76015625 0.04375 0.04375
0 0.8078125 0.68671875 0.0421875 0.04375
0 0.3671875 0.49921875 0.0265625 0.03125
0 0.6515625 0.1390625 0.04375 0.046875
0 0.196875 0.29765625 0.046875 0.0390625
0 0.159375 0.54296875 0.0484375 0.046875
0 0.26328125 0.734375 0.04375 0.04375
0 0.78828125 0.246875 0.04375 0.040625
0 0.8546875 0.58671875 0.046875 0.040625
0 0.2140625 0.26796875 0.0453125 0.0390625
0 0.2359375 0.7078125 0.046875 0.0421875
0 0.40859375 0.12578125 0.0390625 0.0421875
0 0.234375 0.2390625 0.04375 0.0421875
0 0.2171875 0.678125 0.0453125 0.0421875
0 0.35 0.7984375 0.04375 0.0484375
0 0.7828125 0.7140625 0.04375 0.046875
0 0.8546875 0.37109375 0.0484375 0.0421875
0 0.2609375 0.2140625 0.0453125 0.0421875
0 0.76796875 0.21875 0.04375 0.0421875
0 0.18125 0.61484375 0.046875 0.040625
0 0.703125 0.78125 0.0421875 0.0453125
0 0.28984375 0.53359375 0.0328125 0.03125
0 0.34140625 0.47109375 0.0265625 0.0328125
0 0.84453125 0.33828125 0.04375 0.0390625
0 0.48046875 0.1125 0.0359375 0.040625
0 0.58046875 0.55234375 0.03125 0.03125
0 0.43828125 0.5453125 0.0359375 0.053125
0 0.2890625 0.55546875 0.03125 0.03125
0 0.55546875 0.32109375 0.0265625 0.025
0 0.296875 0.58125 0.0328125 0.03125
0 0.8296875 0.30390625 0.0453125 0.040625
0 0.71328125 0.17265625 0.0390625 0.0421875
0 0.15546875 0.4359375 0.0484375 0.04375
0 0.321875 0.51953125 0.0296875 0.03125
0 0.71796875 0.51328125 0.0328125 0.0296875
0 0.37734375 0.1375 0.0390625 0.04375
0 0.3203125 0.48828125 0.0328125 0.0359375
0 0.7234375 0.59296875 0.034375 0.034375
0 0.3703125 0.46640625 0.03125 0.034375
0 0.38984375 0.50390625 0.025 0.028125
0 0.72890625 0.54140625 0.034375 0.0296875
0 0.3953125 0.475 0.03125 0.0390625
0 0.3703125 0.52265625 0.028125 0.0234375
0 0.73046875 0.56484375 0.0328125 0.028125
0 0.4453125 0.27421875 0.03125 0.0296875
0 0.70234375 0.496875 0.03125 0.0296875
0 0.4484375 0.3234375 0.0328125 0.028125
0 0.43984375 0.29765625 0.028125 0.028125
0 0.58984375 0.5265625 0.0328125 0.03125
0 0.5125 0.3046875 0.0453125 0.04375
0 0.82734375 0.65703125 0.04375 0.046875
0 0.5625 0.29453125 0.028125 0.028125
0 0.71015625 0.61328125 0.0328125 0.0328125
0 0.5671875 0.2453125 0.0328125 0.028125
0 0.50234375 0.27734375 0.03125 0.0265625
0 0.3390625 0.5015625 0.0265625 0.028125
0 0.3234375 0.571875 0.0296875 0.028125
0 0.31796875 0.5484375 0.0265625 0.028125
0 0.52265625 0.2234375 0.03125 0.0296875
0 0.4171875 0.4921875 0.0328125 0.034375
0 0.678125 0.55859375 0.028125 0.03125
0 0.38828125 0.61640625 0.0296875 0.034375
0 0.6765625 0.48515625 0.025 0.028125
0 0.62265625 0.490625 0.028125 0.0359375
0 0.3609375 0.625 0.028125 0.034375
0 0.58046875 0.3234375 0.0328125 0.03125
0 0.64765625 0.53984375 0.03125 0.0296875
0 0.41015625 0.60703125 0.03125 0.0328125
0 0.65234375 0.484375 0.03125 0.03125
0 0.584375 0.2921875 0.0328125 0.0296875
0 0.53359375 0.36875 0.028125 0.0359375
0 0.3609375 0.5625 0.0390625 0.04375
0 0.3140625 0.603125 0.0296875 0.0328125
0 0.49296875 0.3375 0.0328125 0.028125
0 0.34453125 0.5296875 0.0234375 0.0265625
0 0.5140625 0.3390625 0.025 0.0234375
0 0.33984375 0.553125 0.021875 0.028125
0 0.33671875 0.61640625 0.0296875 0.034375
0 0.47578125 0.23671875 0.034375 0.0296875
0 0.43125 0.584375 0.0265625 0.0296875
0 0.29765625 0.5046875 0.0328125 0.028125
0 0.68984375 0.51875 0.025 0.025
0 0.54140625 0.25625 0.025 0.0265625
0 0.58046875 0.26875 0.028125 0.021875
0 0.51796875 0.25390625 0.0328125 0.0296875
0 0.49140625 0.25546875 0.028125 0.0234375
0 0.596875 0.6015625 0.0359375 0.03125
0 0.58203125 0.57578125 0.028125 0.028125
0 0.66328125 0.634375 0.0265625 0.0390625
0 0.6640625 0.509375 0.028125 0.025
0 0.66953125 0.53671875 0.0234375 0.025
0 0.45546875 0.24765625 0.028125 0.0296875
0 0.70546875 0.565625 0.025 0.0265625
0 0.4734375 0.2734375 0.0296875 0.028125
0 0.5296875 0.27109375 0.0265625 0.028125
0 0.5421875 0.2921875 0.025 0.028125
0 0.49609375 0.22578125 0.028125 0.0328125
0 0.45859375 0.34375 0.03125 0.03125
0 0.6125 0.6203125 0.03125 0.0296875
0 0.70078125 0.54140625 0.028125 0.028125
0 0.55390625 0.271875 0.0265625 0.0203125
0 0.6015625 0.5015625 0.025 0.028125
0 0.36171875 0.5984375 0.0234375 0.028125
0 0.47109375 0.3203125 0.0296875 0.0296875
0 0.50546875 0.36875 0.0265625 0.0359375