0 0.6328125 0.81796875 0.040625 0.05
0 0.58359375 0.11796875 0.040625 0.0484375
0 0.42109375 0.82734375 0.04375 0.0515625
0 0.38359375 0.8171875 0.04375 0.0484375
0 0.565625 0.83203125 0.0390625 0.0484375
0 0.55078125 0.11328125 0.0359375 0.04375
0 0.66796875 0.79921875 0.0421875 0.046875
0 0.19453125 0.64921875 0.0453125 0.04375
0 0.86171875 0.553125 0.05 0.040625
0 0.16875 0.36328125 0.0484375 0.040625
0 0.45546875 0.83125 0.040625 0.0484375
0 0.68203125 0.15703125 0.04375 0.0484375
0 0.8125 0.275 0.0453125 0.0375
0 0.5140625 0.11328125 0.0359375 0.0484375
0 0.15390625 0.4703125 0.0453125 0.0421875
0 0.44453125 0.1171875 0.040625 0.0453125
0 0.31484375 0.1671875 0.040625 0.0484375
0 0.15546875 0.50859375 0.0453125 0.0453125
0 0.15859375 0.40078125 0.046875 0.040625
0 0.2890625 0.759375 0.04375 0.0453125
0 0.2953125 0.58046875 0.03125 0.028125
0 0.87265625 0.4796875 0.046875 0.0453125
0 0.31953125 0.78125 0.0453125 0.0453125
0 0.7578125 0.73828125 0.04375 0.04375
0 0.19609375 0.296875 0.0453125 0.040625
0 0.76796875 0.21953125 0.04375 0.040625
0 0.87109375 0.44375 0.04375 0.0421875
0 0.26328125 0.734375 0.04375 0.04375
0 0.47734375 0.11328125 0.0375 0.04375
0 0.5296875 0.8375 0.0390625 0.0453125
0 0.73046875 0.7640625 0.04375 0.0453125
0 0.16953125 0.5796875 0.0453125 0.0453125
0 0.17890625 0.33203125 0.046875 0.040625
0 0.21328125 0.26796875 0.046875 0.0390625
0 0.16015625 0.5453125 0.046875 0.04375
0 0.83046875 0.3046875 0.046875 0.04375
0 0.2859375 0.1890625 0.0453125 0.0453125
0 0.8265625 0.6578125 0.046875 0.0421875
0 0.60234375 0.82890625 0.0390625 0.04375
0 0.8671875 0.515625 0.0484375 0.0421875
0 0.34375 0.15390625 0.040625 0.0453125
0 0.74140625 0.1921875 0.04375 0.0453125
0 0.1546875 0.43515625 0.0453125 0.0453125
0 0.234375 0.2390625 0.0453125 0.04375
0 0.84296875 0.621875 0.0484375 0.04375
0 0.23671875 0.709375 0.04375 0.040625
0 0.7875 0.24765625 0.0421875 0.0390625
0 0.37734375 0.13828125 0.0390625 0.04375
0 0.61953125 0.1265625 0.040625 0.0421875
0 0.65078125 0.13828125 0.040625 0.04375
0 0.4921875 0.83515625 0.0359375 0.04375
0 0.35078125 0.79921875 0.0421875 0.046875
0 0.84375 0.3390625 0.0453125 0.0390625
0 0.40859375 0.125 0.0390625 0.04375
0 0.26015625 0.2140625 0.0421875 0.0421875
0 0.78125 0.71328125 0.0453125 0.0453125
0 0.703125 0.7828125 0.04375 0.046875
0 0.21640625 0.6796875 0.046875 0.0421875
0 0.340625 0.471875 0.028125 0.034375
0 0.44453125 0.27421875 0.03125 0.0296875
0 0.3140625 0.603125 0.03125 0.0328125
0 0.36640625 0.4984375 0.0265625 0.028125
0 0.80625 0.684375 0.04375 0.0390625
0 0.8546875 0.371875 0.046875 0.04375
0 0.7140625 0.17421875 0.0421875 0.040625
0 0.3703125 0.46875 0.0296875 0.03125
0 0.44453125 0.32421875 0.028125 0.0296875
0 0.8546875 0.58671875 0.0484375 0.0390625
0 0.28984375 0.54453125 0.0359375 0.053125
0 0.18125 0.61484375 0.046875 0.0390625
0 0.72421875 0.59140625 0.03125 0.028125
0 0.56796875 0.24609375 0.034375 0.0296875
0 0.71796875 0.51328125 0.0359375 0.0296875
0 0.58984375 0.52734375 0.0328125 0.0296875
0 0.3953125 0.475 0.03125 0.040625
0 0.6796875 0.55625 0.025 0.028125
0 0.8625 0.40703125 0.0453125 0.0453125
0 0.43671875 0.5421875 0.0375 0.0390625
0 0.340625 0.553125 0.0234375 0.0265625
0 0.73046875 0.56484375 0.0328125 0.028125
0 0.728125 0.53984375 0.0328125 0.0296875
0 0.48046875 0.359375 0.03125 0.0328125
0 0.58203125 0.57578125 0.03125 0.028125
0 0.321875 0.571875 0.028125 0.028125
0 0.56328125 0.2953125 0.0265625 0.025
0 0.5328125 0.36953125 0.028125 0.034375
0 0.4171875 0.49140625 0.0328125 0.0328125
0 0.61796875 0.528125 0.0265625 0.028125
0 0.440625 0.296875 0.028125 0.025
0 0.60390625 0.5015625 0.028125 0.0296875
0 0.52265625 0.2265625 0.0328125 0.0359375
0 0.7109375 0.6125 0.0328125 0.0328125
0 0.5 0.225 0.0328125 0.0328125
0 0.50546875 0.2765625 0.0328125 0.028125
0 0.29765625 0.50546875 0.0328125 0.0328125
0 0.58125 0.27109375 0.03125 0.025
0 0.64921875 0.5421875 0.0390625 0.034375
0 0.3359375 0.6171875 0.0296875 0.0359375
0 0.36171875 0.62578125 0.0265625 0.0328125
0 0.55078125 0.2296875 0.03125 0.0296875
0 0.67578125 0.48671875 0.0296875 0.0328125
0 0.37109375 0.521875 0.0296875 0.0234375
0 0.57890625 0.5515625 0.03125 0.0296875
0 0.31953125 0.4875 0.034375 0.0359375
0 0.6 0.60234375 0.03125 0.03125
0 0.64609375 0.575 0.025 0.025
0 0.31796875 0.5484375 0.025 0.028125
0 0.6734375 0.6046875 0.0265625 0.0265625
0 0.6890625 0.51796875 0.025 0.0265625
0 0.55625 0.32109375 0.028125 0.021875
0 0.3234375 0.51875 0.03125 0.03125
0 0.459375 0.3421875 0.03125 0.03125
0 0.38828125 0.61796875 0.028125 0.03125
0 0.64765625 0.6046875 0.0265625 0.028125
0 0.409375 0.60546875 0.0328125 0.0375
0 0.70546875 0.56640625 0.0234375 0.028125
0 0.50390625 0.31796875 0.0265625 0.0265625
0 0.6375 0.63125 0.028125 0.034375
0 0.62421875 0.4890625 0.0296875 0.0328125
0 0.6125 0.61953125 0.028125 0.028125
0 0.340625 0.50078125 0.028125 0.0265625
0 0.6515625 0.4828125 0.025 0.0296875
0 0.70234375 0.54140625 0.0234375 0.025
0 0.34453125 0.5296875 0.0234375 0.0265625
0 0.53984375 0.25625 0.0265625 0.025
0 0.53984375 0.29453125 0.028125 0.028125
0 0.38828125 0.50390625 0.0234375 0.0265625
0 0.68671875 0.6265625 0.03125 0.0359375
0 0.45546875 0.25078125 0.0328125 0.0265625
0 0.7015625 0.49609375 0.03125 0.028125
0 0.36015625 0.59765625 0.028125 0.028125
0 0.340625 0.58671875 0.0265625 0.03125
0 0.58359375 0.3171875 0.0296875 0.0265625
0 0.5296875 0.31640625 0.0265625 0.025
0 0.48046875 0.2375 0.034375 0.0328125
0 0.48828125 0.2546875 0.0234375 0.021875
0 0.3578125 0.56875 0.0265625 0.025
0 0.48984375 0.2984375 0.0265625 0.0234375
0 0.3765625 0.5453125 0.0453125 0.034375
0 0.50546875 0.3703125 0.025 0.0359375
0 0.66484375 0.509375 0.0265625 0.0265625
0 0.434375 0.509375 0.0328125 0.028125
0 0.38671875 0.58984375 0.0265625 0.028125
0 0.540625 0.33671875 0.028125 0.0265625
0 0.47109375 0.3203125 0.028125 0.0265625