0 0.55078125 0.1140625 0.0359375 0.0453125
0 0.42109375 0.828125 0.0421875 0.046875
0 0.5140625 0.11171875 0.0359375 0.0453125
0 0.384375 0.8171875 0.04375 0.0484375
0 0.8609375 0.553125 0.05 0.040625
0 0.153125 0.47109375 0.0484375 0.046875
0 0.45546875 0.83203125 0.040625 0.0484375
0 0.15859375 0.4 0.046875 0.0390625
0 0.6328125 0.8171875 0.040625 0.0453125
0 0.19453125 0.64921875 0.04375 0.040625
0 0.44453125 0.11640625 0.0390625 0.0453125
0 0.16875 0.3625 0.0484375 0.0390625
0 0.5296875 0.83515625 0.0359375 0.04375
0 0.60234375 0.82890625 0.0390625 0.0453125
0 0.66796875 0.8 0.0421875 0.04375
0 0.5828125 0.11796875 0.0390625 0.0453125
0 0.16015625 0.54609375 0.046875 0.04375
0 0.8703125 0.44375 0.0453125 0.0421875
0 0.871875 0.4796875 0.046875 0.0453125
0 0.26328125 0.73515625 0.046875 0.0421875
0 0.5625 0.8328125 0.0390625 0.0453125
0 0.19296875 0.296875 0.046875 0.040625
0 0.8671875 0.51484375 0.0484375 0.0390625
0 0.259375 0.21328125 0.040625 0.040625
0 0.7390625 0.19375 0.0421875 0.040625
0 0.28515625 0.1890625 0.04375 0.0453125
0 0.2140625 0.26875 0.0453125 0.040625
0 0.7890625 0.24609375 0.04375 0.0390625
0 0.3203125 0.78046875 0.0453125 0.04375
0 0.21640625 0.6796875 0.0453125 0.0390625
0 0.82734375 0.6578125 0.046875 0.0421875
0 0.68125 0.153125 0.0390625 0.046875
0 0.8125 0.27578125 0.0453125 0.0375
0 0.47734375 0.11328125 0.0375 0.0453125
0 0.8421875 0.621875 0.0484375 0.04375
0 0.18125 0.615625 0.0484375 0.0390625
0 0.378125 0.1375 0.0390625 0.0453125
0 0.28984375 0.76015625 0.0421875 0.04375
0 0.6515625 0.13828125 0.040625 0.0453125
0 0.234375 0.23828125 0.04375 0.0421875
0 0.2953125 0.58125 0.028125 0.0296875
0 0.15625 0.50859375 0.046875 0.0421875
0 0.16953125 0.5796875 0.0453125 0.04375
0 0.18125 0.33125 0.05 0.0390625
0 0.34453125 0.15390625 0.0421875 0.04375
0 0.8546875 0.58671875 0.0484375 0.0390625
0 0.49140625 0.8359375 0.0359375 0.04375
0 0.73046875 0.76328125 0.04375 0.04375
0 0.75703125 0.73828125 0.0453125 0.04375
0 0.44453125 0.27421875 0.03125 0.028125
0 0.36640625 0.49921875 0.0265625 0.028125
0 0.80859375 0.68671875 0.0421875 0.0421875
0 0.41171875 0.125 0.0375 0.0421875
0 0.31953125 0.4875 0.03125 0.0359375
0 0.85390625 0.37265625 0.0484375 0.04375
0 0.23671875 0.709375 0.0453125 0.04375
0 0.83125 0.3046875 0.046875 0.0421875
0 0.34140625 0.47578125 0.028125 0.034375
0 0.58359375 0.57734375 0.034375 0.034375
0 0.61796875 0.12734375 0.0421875 0.0421875
0 0.3703125 0.46796875 0.03125 0.0328125
0 0.371875 0.52265625 0.028125 0.0234375
0 0.78125 0.7125 0.04375 0.0421875
0 0.76796875 0.21796875 0.04375 0.040625
0 0.8640625 0.40703125 0.0453125 0.04375
0 0.68984375 0.51796875 0.0265625 0.028125
0 0.315625 0.16796875 0.0390625 0.0390625
0 0.3140625 0.603125 0.03125 0.0328125
0 0.7015625 0.78203125 0.040625 0.04375
0 0.59765625 0.60234375 0.034375 0.03125
0 0.3515625 0.79921875 0.0421875 0.046875
0 0.440625 0.296875 0.0296875 0.0265625
0 0.5328125 0.36953125 0.028125 0.0328125
0 0.5796875 0.55078125 0.03125 0.0296875
0 0.70390625 0.56796875 0.028125 0.0328125
0 0.2890625 0.5328125 0.0328125 0.028125
0 0.41015625 0.60625 0.0328125 0.0328125
0 0.73125 0.565625 0.03125 0.0296875
0 0.2875 0.55625 0.0296875 0.028125
0 0.5046875 0.36953125 0.025 0.03125
0 0.446875 0.3234375 0.028125 0.0265625
0 0.72890625 0.540625 0.034375 0.0328125
0 0.52421875 0.2265625 0.0328125 0.0359375
0 0.1546875 0.43203125 0.0484375 0.046875
0 0.3890625 0.503125 0.0265625 0.028125
0 0.3234375 0.57109375 0.0296875 0.028125
0 0.3609375 0.62421875 0.0265625 0.03125
0 0.4375 0.540625 0.034375 0.0359375
0 0.7140625 0.1734375 0.0421875 0.0421875
0 0.540625 0.2953125 0.0265625 0.025
0 0.84375 0.33828125 0.0453125 0.0375
0 0.38828125 0.61796875 0.028125 0.03125
0 0.33828125 0.553125 0.0203125 0.028125
0 0.33515625 0.6171875 0.03125 0.0375
0 0.67578125 0.4859375 0.028125 0.0296875
0 0.71796875 0.51328125 0.034375 0.028125
0 0.56640625 0.24609375 0.0328125 0.0296875
0 0.48046875 0.36015625 0.0296875 0.0359375
0 0.6515625 0.48515625 0.028125 0.0328125
0 0.678125 0.55625 0.0265625 0.028125
0 0.5890625 0.5265625 0.034375 0.028125
0 0.29765625 0.50546875 0.0328125 0.03125
0 0.60390625 0.503125 0.0328125 0.0265625
0 0.3234375 0.51875 0.028125 0.03125
0 0.52890625 0.315625 0.028125 0.028125
0 0.58203125 0.27109375 0.034375 0.0265625
0 0.3171875 0.5484375 0.0265625 0.0265625
0 0.56640625 0.33046875 0.05 0.046875
0 0.33984375 0.50234375 0.0265625 0.0265625
0 0.70234375 0.49609375 0.03125 0.028125
0 0.61875 0.52734375 0.028125 0.0265625
0 0.49609375 0.22734375 0.0296875 0.0328125
0 0.64921875 0.53984375 0.0390625 0.028125
0 0.71015625 0.6109375 0.0328125 0.028125
0 0.56328125 0.29453125 0.0265625 0.025
0 0.475 0.32109375 0.028125 0.0234375
0 0.70234375 0.54140625 0.025 0.0265625
0 0.45390625 0.2515625 0.0328125 0.028125
0 0.39609375 0.47421875 0.0296875 0.0359375
0 0.45859375 0.3421875 0.0328125 0.0296875
0 0.62421875 0.490625 0.03125 0.0328125
0 0.43046875 0.58828125 0.0296875 0.028125
0 0.35625 0.56953125 0.025 0.0234375
0 0.33828125 0.58671875 0.025 0.028125
0 0.36171875 0.59921875 0.025 0.028125
0 0.6421875 0.5109375 0.028125 0.0234375
0 0.49375 0.29609375 0.028125 0.0265625
0 0.64453125 0.57578125 0.0265625 0.0234375
0 0.6484375 0.60546875 0.0265625 0.028125
0 0.51328125 0.33984375 0.0296875 0.025
0 0.65078125 0.63515625 0.05 0.0453125
0 0.4171875 0.4921875 0.0328125 0.0359375
0 0.3453125 0.52890625 0.0234375 0.025
0 0.359375 0.54921875 0.0234375 0.0234375
0 0.60859375 0.54765625 0.028125 0.021875
0 0.40703125 0.52109375 0.0265625 0.028125
0 0.6125 0.6203125 0.0296875 0.03125
0 0.434375 0.509375 0.028125 0.028125
0 0.50546875 0.31796875 0.025 0.025
0 0.46484375 0.296875 0.025 0.021875
0 0.6921875 0.62578125 0.028125 0.0296875
0 0.62578125 0.59375 0.0234375 0.028125
0 0.6125 0.571875 0.028125 0.0265625
0 0.5390625 0.2578125 0.028125 0.0296875
0 0.63359375 0.55859375 0.0234375 0.028125
0 0.3859375 0.58984375 0.0265625 0.0265625
0 0.47578125 0.2734375 0.028125 0.025
0 0.47265625 0.23515625 0.028125 0.0265625
0 0.38359375 0.5625 0.0265625 0.0265625
0 0.66484375 0.51015625 0.0265625 0.021875
0 0.553125 0.27265625 0.028125 0.021875