0 0.56328125 0.8328125 0.0375 0.0453125
0 0.4203125 0.828125 0.0421875 0.0484375
0 0.8609375 0.553125 0.05 0.040625
0 0.28515625 0.18984375 0.04375 0.0453125
0 0.55078125 0.11484375 0.0359375 0.0453125
0 0.153125 0.47109375 0.0484375 0.046875
0 0.4546875 0.83125 0.0390625 0.05
0 0.5828125 0.1171875 0.0390625 0.0453125
0 0.5140625 0.1125 0.0359375 0.046875
0 0.16796875 0.3625 0.05 0.0390625
0 0.684375 0.15703125 0.0421875 0.0484375
0 0.8703125 0.44375 0.0453125 0.0421875
0 0.66796875 0.8 0.040625 0.046875
0 0.81171875 0.27578125 0.04375 0.0390625
0 0.60234375 0.82890625 0.0390625 0.046875
0 0.32109375 0.78125 0.0453125 0.046875
0 0.19453125 0.65 0.04375 0.0421875
0 0.8671875 0.515625 0.046875 0.0421875
0 0.3796875 0.8140625 0.04375 0.0484375
0 0.44453125 0.11640625 0.0390625 0.040625
0 0.6328125 0.8171875 0.040625 0.0484375
0 0.21640625 0.6796875 0.0453125 0.0421875
0 0.19609375 0.296875 0.0453125 0.0421875
0 0.52734375 0.8375 0.0375 0.046875
0 0.16015625 0.5453125 0.046875 0.04375
0 0.871875 0.4796875 0.046875 0.046875
0 0.84375 0.62109375 0.0453125 0.04375
0 0.315625 0.16796875 0.0390625 0.0421875
0 0.82734375 0.65703125 0.04375 0.0421875
0 0.2359375 0.70859375 0.0421875 0.0421875
0 0.76875 0.21875 0.04375 0.0421875
0 0.2625 0.73515625 0.0421875 0.04375
0 0.73125 0.7640625 0.04375 0.0453125
0 0.16953125 0.5796875 0.0453125 0.04375
0 0.2890625 0.759375 0.04375 0.04375
0 0.4453125 0.27421875 0.03125 0.0296875
0 0.47734375 0.1125 0.0375 0.0421875
0 0.809375 0.68671875 0.0421875 0.0453125
0 0.34375 0.15390625 0.040625 0.04375
0 0.2609375 0.2140625 0.0421875 0.0421875
0 0.8625 0.40625 0.046875 0.0453125
0 0.159375 0.40078125 0.0484375 0.040625
0 0.178125 0.33125 0.0484375 0.0390625
0 0.8546875 0.58671875 0.0484375 0.040625
0 0.78984375 0.24375 0.04375 0.040625
0 0.65078125 0.13828125 0.040625 0.04375
0 0.17890625 0.61484375 0.0484375 0.0421875
0 0.15546875 0.50859375 0.0453125 0.04375
0 0.740625 0.19140625 0.04375 0.0453125
0 0.7578125 0.7375 0.04375 0.04375
0 0.21328125 0.26875 0.0453125 0.0390625
0 0.61796875 0.128125 0.0421875 0.04375
0 0.40859375 0.125 0.040625 0.0421875
0 0.7828125 0.7125 0.0421875 0.04375
0 0.490625 0.8359375 0.0375 0.046875
0 0.31953125 0.48828125 0.0328125 0.0359375
0 0.234375 0.2375 0.0421875 0.040625
0 0.85546875 0.3703125 0.046875 0.04375
0 0.7015625 0.78203125 0.0421875 0.0453125
0 0.378125 0.13671875 0.0390625 0.04375
0 0.71796875 0.51328125 0.034375 0.0296875
0 0.84375 0.33828125 0.0453125 0.0390625
0 0.34375 0.53203125 0.025 0.028125
0 0.7296875 0.540625 0.034375 0.0328125
0 0.2890625 0.55625 0.03125 0.0328125
0 0.34140625 0.471875 0.028125 0.0359375
0 0.71015625 0.17890625 0.0421875 0.05
0 0.371875 0.52109375 0.028125 0.025
0 0.8296875 0.3046875 0.0453125 0.0421875
0 0.29609375 0.58125 0.03125 0.0296875
0 0.3671875 0.4984375 0.0265625 0.028125
0 0.1546875 0.4328125 0.0484375 0.046875
0 0.3703125 0.46875 0.0296875 0.034375
0 0.31484375 0.60234375 0.0296875 0.0328125
0 0.3484375 0.8015625 0.0390625 0.046875
0 0.33515625 0.6171875 0.03125 0.0375
0 0.68125 0.55625 0.0203125 0.028125
0 0.73203125 0.56484375 0.0328125 0.03125
0 0.7109375 0.6140625 0.0328125 0.03125
0 0.70546875 0.56484375 0.0265625 0.0265625
0 0.58359375 0.57578125 0.0328125 0.028125
0 0.446875 0.32265625 0.03125 0.028125
0 0.39609375 0.47421875 0.03125 0.040625
0 0.54453125 0.2953125 0.0203125 0.025
0 0.6765625 0.4859375 0.028125 0.03125
0 0.28984375 0.5328125 0.0328125 0.028125
0 0.725 0.59296875 0.0328125 0.03125
0 0.56796875 0.24609375 0.03125 0.0296875
0 0.478125 0.23515625 0.0296875 0.0328125
0 0.409375 0.60546875 0.03125 0.0328125
0 0.56015625 0.33125 0.0359375 0.04375
0 0.58203125 0.2703125 0.0328125 0.028125
0 0.50390625 0.31328125 0.028125 0.0390625
0 0.553125 0.2734375 0.0265625 0.0234375
0 0.69140625 0.51875 0.028125 0.0296875
0 0.58984375 0.52734375 0.0328125 0.0296875
0 0.5796875 0.55078125 0.0296875 0.03125
0 0.45859375 0.34296875 0.0328125 0.0296875
0 0.29765625 0.5046875 0.0328125 0.03125
0 0.6234375 0.48984375 0.0296875 0.034375
0 0.59609375 0.60234375 0.0328125 0.0296875
0 0.49765625 0.22578125 0.028125 0.0328125
0 0.34140625 0.5015625 0.028125 0.028125
0 0.4171875 0.4921875 0.0328125 0.0328125
0 0.5234375 0.22421875 0.03125 0.034375
0 0.3171875 0.54765625 0.028125 0.028125
0 0.64609375 0.57578125 0.025 0.025
0 0.70234375 0.49765625 0.03125 0.0296875
0 0.65625 0.54296875 0.046875 0.0375
0 0.603125 0.50234375 0.03125 0.028125
0 0.3875 0.61640625 0.0296875 0.034375
0 0.58203125 0.32109375 0.0296875 0.0296875
0 0.32265625 0.571875 0.028125 0.028125
0 0.56484375 0.2953125 0.0296875 0.0234375
0 0.45625 0.2484375 0.0296875 0.028125
0 0.51171875 0.33984375 0.025 0.025
0 0.32265625 0.51875 0.03125 0.0296875
0 0.44140625 0.29609375 0.0296875 0.0234375
0 0.61328125 0.61953125 0.0296875 0.028125
0 0.5046875 0.36953125 0.028125 0.0328125
0 0.53828125 0.3375 0.025 0.025
0 0.36953125 0.5484375 0.034375 0.028125
0 0.4390625 0.53671875 0.0328125 0.028125
0 0.4734375 0.27265625 0.028125 0.025
0 0.35859375 0.56953125 0.0265625 0.025
0 0.53203125 0.36875 0.025 0.03125
0 0.63125 0.5578125 0.0234375 0.0265625
0 0.65 0.6046875 0.028125 0.0296875
0 0.703125 0.540625 0.0234375 0.025
0 0.48046875 0.35703125 0.0265625 0.03125
0 0.5390625 0.25546875 0.028125 0.0234375
0 0.40703125 0.571875 0.021875 0.028125
0 0.6515625 0.4828125 0.028125 0.0296875
0 0.503125 0.27890625 0.03125 0.03125
0 0.61875 0.52421875 0.028125 0.028125
0 0.6578125 0.63359375 0.0421875 0.0453125
0 0.615625 0.5765625 0.025 0.0234375
0 0.36328125 0.59921875 0.028125 0.03125
0 0.43125 0.5890625 0.028125 0.03125