0 0.8609375 0.553125 0.05 0.0390625
0 0.58359375 0.11796875 0.0390625 0.046875
0 0.5140625 0.11171875 0.0359375 0.04375
0 0.15234375 0.47109375 0.046875 0.04375
0 0.16796875 0.36328125 0.05 0.0390625
0 0.55078125 0.11328125 0.0375 0.04375
0 0.56328125 0.8328125 0.0375 0.0453125
0 0.42109375 0.828125 0.0421875 0.0484375
0 0.44296875 0.11640625 0.0375 0.0421875
0 0.4546875 0.83203125 0.040625 0.0484375
0 0.384375 0.8171875 0.04375 0.046875
0 0.528125 0.83828125 0.0375 0.0484375
0 0.871875 0.4796875 0.046875 0.0453125
0 0.159375 0.40078125 0.046875 0.0390625
0 0.3203125 0.78046875 0.0453125 0.046875
0 0.2890625 0.76015625 0.0421875 0.04375
0 0.19453125 0.64921875 0.04375 0.0421875
0 0.31484375 0.1671875 0.040625 0.0421875
0 0.47734375 0.11328125 0.0375 0.04375
0 0.68203125 0.15703125 0.04375 0.0484375
0 0.66796875 0.8 0.0421875 0.0484375
0 0.63359375 0.81796875 0.0421875 0.046875
0 0.8703125 0.44375 0.0453125 0.040625
0 0.2953125 0.58046875 0.03125 0.0296875
0 0.19375 0.296875 0.04375 0.04375
0 0.26328125 0.734375 0.046875 0.0421875
0 0.84375 0.621875 0.0453125 0.04375
0 0.8671875 0.515625 0.0484375 0.0421875
0 0.1546875 0.5078125 0.046875 0.04375
0 0.21640625 0.6796875 0.0453125 0.040625
0 0.16953125 0.5796875 0.0453125 0.04375
0 0.16015625 0.54609375 0.046875 0.04375
0 0.76640625 0.2203125 0.0421875 0.040625
0 0.2859375 0.1890625 0.0453125 0.04375
0 0.73125 0.7640625 0.04375 0.04375
0 0.61796875 0.12734375 0.0421875 0.04375
0 0.8625 0.40625 0.04375 0.04375
0 0.65078125 0.13828125 0.040625 0.04375
0 0.8546875 0.58671875 0.0484375 0.0390625
0 0.603125 0.82890625 0.040625 0.046875
0 0.3671875 0.4984375 0.028125 0.028125
0 0.2359375 0.709375 0.0453125 0.0390625
0 0.49140625 0.8375 0.0390625 0.046875
0 0.259375 0.21328125 0.0421875 0.0390625
0 0.1796875 0.33203125 0.05 0.0390625
0 0.40859375 0.125 0.0390625 0.0421875
0 0.78984375 0.24375 0.04375 0.040625
0 0.5046875 0.3703125 0.0265625 0.034375
0 0.23359375 0.23828125 0.04375 0.040625
0 0.7578125 0.73828125 0.0453125 0.0421875
0 0.21328125 0.26796875 0.04375 0.0359375
0 0.8265625 0.65703125 0.046875 0.0390625
0 0.34375 0.15390625 0.0421875 0.04375
0 0.54140625 0.29453125 0.0234375 0.0234375
0 0.44609375 0.3234375 0.028125 0.028125
0 0.57890625 0.55234375 0.03125 0.028125
0 0.61875 0.528125 0.028125 0.0234375
0 0.37109375 0.52109375 0.028125 0.0234375
0 0.515625 0.340625 0.025 0.025
0 0.48046875 0.36015625 0.0296875 0.03125
0 0.32265625 0.57109375 0.028125 0.028125
0 0.18125 0.615625 0.046875 0.0390625
0 0.81171875 0.275 0.04375 0.0390625
0 0.71875 0.5140625 0.034375 0.028125
0 0.43984375 0.296875 0.028125 0.0265625
0 0.340625 0.471875 0.0296875 0.0359375
0 0.5046875 0.3109375 0.03125 0.040625
0 0.70625 0.565625 0.0234375 0.0265625
0 0.80859375 0.68671875 0.04375 0.0421875
0 0.83125 0.30390625 0.0453125 0.0390625
0 0.37734375 0.1375 0.0390625 0.04375
0 0.31640625 0.54765625 0.0265625 0.0265625
0 0.8546875 0.371875 0.046875 0.0421875
0 0.53359375 0.36953125 0.028125 0.0328125
0 0.68984375 0.51875 0.0265625 0.0265625
0 0.2890625 0.5328125 0.03125 0.028125
0 0.1546875 0.434375 0.046875 0.0421875
0 0.4453125 0.2734375 0.0328125 0.028125
0 0.7390625 0.1921875 0.0421875 0.0421875
0 0.5546875 0.321875 0.025 0.0234375
0 0.6234375 0.4890625 0.03125 0.034375
0 0.78203125 0.71328125 0.04375 0.0421875
0 0.35 0.7984375 0.0421875 0.046875
0 0.33984375 0.5015625 0.0265625 0.028125
0 0.2875 0.55625 0.03125 0.028125
0 0.7015625 0.7828125 0.040625 0.0453125
0 0.3875 0.61796875 0.03125 0.034375
0 0.334375 0.6171875 0.03125 0.0375
0 0.32265625 0.51953125 0.03125 0.0296875
0 0.60234375 0.50234375 0.03125 0.03125
0 0.709375 0.1796875 0.040625 0.0484375
0 0.68046875 0.55546875 0.0234375 0.028125
0 0.33984375 0.553125 0.0234375 0.0265625
0 0.56328125 0.2953125 0.0265625 0.0234375
0 0.65234375 0.48515625 0.0296875 0.0328125
0 0.3609375 0.62578125 0.025 0.034375
0 0.41015625 0.60546875 0.03125 0.0328125
0 0.70234375 0.496875 0.03125 0.0296875
0 0.58203125 0.57578125 0.0296875 0.028125
0 0.31328125 0.603125 0.03125 0.0328125
0 0.5890625 0.528125 0.0328125 0.028125
0 0.3703125 0.46796875 0.0296875 0.0328125
0 0.73125 0.56484375 0.03125 0.028125
0 0.84375 0.33828125 0.0453125 0.0375
0 0.6453125 0.578125 0.025 0.021875
0 0.34453125 0.53046875 0.0234375 0.025
0 0.671875 0.6046875 0.025 0.0265625
0 0.459375 0.3421875 0.03125 0.03125
0 0.5234375 0.225 0.03125 0.034375
0 0.4734375 0.23515625 0.0296875 0.0296875
0 0.35703125 0.56953125 0.0234375 0.0234375
0 0.66953125 0.5765625 0.025 0.025
0 0.6765625 0.4875 0.028125 0.034375
0 0.72890625 0.540625 0.034375 0.03125
0 0.72421875 0.59140625 0.03125 0.028125
0 0.596875 0.603125 0.03125 0.028125
0 0.4984375 0.22578125 0.03125 0.0328125
0 0.6109375 0.55 0.0265625 0.0234375
0 0.56640625 0.24921875 0.034375 0.0296875
0 0.634375 0.5578125 0.0265625 0.03125
0 0.6484375 0.60546875 0.0234375 0.0265625
0 0.540625 0.33828125 0.0234375 0.0234375
0 0.6125 0.6203125 0.03125 0.028125
0 0.47109375 0.32265625 0.0265625 0.0265625
0 0.7015625 0.540625 0.0234375 0.0265625
0 0.3390625 0.5875 0.0265625 0.0296875
0 0.29765625 0.50546875 0.0328125 0.028125
0 0.3953125 0.47421875 0.0296875 0.0390625
0 0.38984375 0.503125 0.025 0.0265625
0 0.49296875 0.3359375 0.0265625 0.021875
0 0.61171875 0.57265625 0.025 0.0265625
0 0.5390625 0.25703125 0.025 0.0234375
0 0.71015625 0.6125 0.03125 0.0296875
0 0.4390625 0.5359375 0.034375 0.028125
0 0.490625 0.25546875 0.0234375 0.0234375
0 0.3875 0.53828125 0.025 0.028125
0 0.3875 0.58984375 0.028125 0.028125
0 0.5125 0.253125 0.028125 0.0234375
0 0.646875 0.53828125 0.0234375 0.0234375
0 0.43125 0.5890625 0.028125 0.03125
0 0.38359375 0.56328125 0.025 0.0234375
0 0.31796875 0.4875 0.03125 0.034375
0 0.45625 0.2484375 0.03125 0.0296875
0 0.5546875 0.27265625 0.028125 0.021875
0 0.40703125 0.57109375 0.021875 0.028125
0 0.36484375 0.5984375 0.025 0.028125
0 0.40703125 0.5203125 0.025 0.0265625
0 0.53046875 0.31796875 0.025 0.0234375
0 0.4375 0.56171875 0.0328125 0.0296875
0 0.63828125 0.63046875 0.0265625 0.0328125
0 0.640625 0.5109375 0.0265625 0.025
0 0.465625 0.29609375 0.0265625 0.0234375
0 0.55546875 0.35703125 0.0265625 0.025
0 0.62578125 0.596875 0.0234375 0.025
0 0.52734375 0.27421875 0.0234375 0.0234375
0 0.66796875 0.54140625 0.025 0.0328125
0 0.58203125 0.27109375 0.03125 0.0234375
0 0.36484375 0.54765625 0.0234375 0.0234375
0 0.6640625 0.63671875 0.0296875 0.0390625
0 0.58203125 0.3203125 0.0328125 0.025
0 0.65625 0.55625 0.034375 0.03125
0 0.66484375 0.51015625 0.0234375 0.0234375
0 0.69609375 0.590625 0.0234375 0.0265625
0 0.50234375 0.27578125 0.028125 0.0234375
0 0.4765625 0.27265625 0.0265625 0.0234375
0 0.55 0.2296875 0.0296875 0.028125
0 0.590625 0.2921875 0.0296875 0.028125
0 0.41796875 0.49140625 0.0328125 0.034375
0 0.69140625 0.625 0.03125 0.03125
0 0.57265625 0.340625 0.03125 0.028125
0 0.4140625 0.54765625 0.025 0.0265625