0 0.8609375 0.55234375 0.05 0.0390625
0 0.16796875 0.36328125 0.05 0.0390625
0 0.54921875 0.1125 0.0359375 0.0421875
0 0.70703125 0.56484375 0.025 0.0265625
0 0.19453125 0.65 0.0453125 0.0421875
0 0.5140625 0.11171875 0.0359375 0.0453125
0 0.45546875 0.83203125 0.040625 0.0484375
0 0.47734375 0.1125 0.0375 0.0453125
0 0.56328125 0.8328125 0.0375 0.046875
0 0.61796875 0.12734375 0.040625 0.0453125
0 0.153125 0.47109375 0.0484375 0.0421875
0 0.58359375 0.11796875 0.040625 0.0453125
0 0.8125 0.27578125 0.046875 0.0390625
0 0.528125 0.83828125 0.0375 0.0484375
0 0.71875 0.51328125 0.0359375 0.028125
0 0.2953125 0.58125 0.0296875 0.03125
0 0.4109375 0.1234375 0.0390625 0.040625
0 0.68203125 0.15703125 0.04375 0.0484375
0 0.7890625 0.24375 0.04375 0.0375
0 0.8671875 0.51484375 0.0484375 0.040625
0 0.31484375 0.16796875 0.040625 0.0421875
0 0.321875 0.5703125 0.025 0.0265625
0 0.80859375 0.6859375 0.04375 0.0390625
0 0.23359375 0.23828125 0.04375 0.0421875
0 0.87265625 0.48203125 0.0453125 0.04375
0 0.86796875 0.44375 0.046875 0.0421875
0 0.1546875 0.50859375 0.046875 0.04375
0 0.66875 0.803125 0.0421875 0.046875
0 0.60234375 0.82890625 0.0390625 0.046875
0 0.15859375 0.54453125 0.0484375 0.04375
0 0.1671875 0.578125 0.046875 0.0421875
0 0.259375 0.21328125 0.0421875 0.0390625
0 0.1546875 0.43515625 0.0484375 0.0421875
0 0.76796875 0.21953125 0.0421875 0.040625
0 0.44609375 0.3234375 0.0296875 0.028125
0 0.42109375 0.828125 0.0421875 0.046875
0 0.1953125 0.29765625 0.0484375 0.0390625
0 0.8625 0.40703125 0.0453125 0.0421875
0 0.215625 0.6796875 0.0453125 0.040625
0 0.44375 0.11640625 0.0390625 0.0421875
0 0.37109375 0.52109375 0.025 0.025
0 0.284375 0.1875 0.0421875 0.0421875
0 0.496875 0.22578125 0.0296875 0.0328125
0 0.58203125 0.57578125 0.03125 0.028125
0 0.73203125 0.56484375 0.028125 0.028125
0 0.55625 0.32109375 0.0234375 0.0234375
0 0.51484375 0.340625 0.0234375 0.0265625
0 0.28828125 0.7609375 0.0421875 0.0421875
0 0.36640625 0.4984375 0.0265625 0.028125
0 0.2625 0.7359375 0.046875 0.0390625
0 0.18046875 0.61484375 0.0453125 0.0390625
0 0.6359375 0.81640625 0.0390625 0.0453125
0 0.83046875 0.30390625 0.0453125 0.0390625
0 0.43984375 0.29609375 0.0265625 0.025
0 0.37734375 0.1375 0.0390625 0.04375
0 0.7390625 0.1921875 0.0421875 0.0421875
0 0.6515625 0.1390625 0.0421875 0.0453125
0 0.34140625 0.471875 0.028125 0.0359375
0 0.34453125 0.15234375 0.0421875 0.0421875
0 0.340625 0.5546875 0.0234375 0.0265625
0 0.15859375 0.40078125 0.046875 0.040625
0 0.5046875 0.37109375 0.0265625 0.034375
0 0.3171875 0.54765625 0.0265625 0.0265625
0 0.6515625 0.484375 0.028125 0.0328125
0 0.61875 0.52734375 0.0265625 0.0265625
0 0.5328125 0.3703125 0.025 0.0359375
0 0.7578125 0.73828125 0.0453125 0.0421875
0 0.84375 0.33828125 0.0453125 0.0375
0 0.84375 0.621875 0.0453125 0.04375
0 0.3203125 0.78125 0.0453125 0.0453125
0 0.73046875 0.7640625 0.04375 0.04375
0 0.3828125 0.8171875 0.04375 0.046875
0 0.45859375 0.34375 0.0296875 0.028125
0 0.53125 0.3171875 0.025 0.0234375
0 0.72890625 0.540625 0.0328125 0.03125
0 0.703125 0.540625 0.0234375 0.0265625
0 0.4921875 0.83671875 0.0375 0.046875
0 0.5890625 0.528125 0.0328125 0.028125
0 0.646875 0.53828125 0.0203125 0.0234375
0 0.33515625 0.6171875 0.03125 0.0375
0 0.50390625 0.31796875 0.0234375 0.0234375
0 0.7234375 0.5921875 0.03125 0.0296875
0 0.578125 0.5515625 0.028125 0.0296875
0 0.6859375 0.51796875 0.021875 0.028125
0 0.7828125 0.71328125 0.04375 0.0421875
0 0.2359375 0.709375 0.0453125 0.0390625
0 0.49140625 0.25546875 0.0234375 0.0234375
0 0.21328125 0.26796875 0.0453125 0.0359375
0 0.68125 0.5546875 0.0203125 0.028125
0 0.17890625 0.33125 0.05 0.0390625
0 0.596875 0.603125 0.03125 0.0296875
0 0.85546875 0.37265625 0.046875 0.0421875
0 0.34453125 0.53046875 0.0234375 0.0265625
0 0.51328125 0.253125 0.025 0.0265625
0 0.56640625 0.24921875 0.0328125 0.0296875
0 0.62265625 0.48828125 0.0296875 0.034375
0 0.5390625 0.25625 0.025 0.025
0 0.66953125 0.57578125 0.0234375 0.025
0 0.603125 0.5015625 0.0328125 0.0296875
0 0.4796875 0.359375 0.028125 0.03125
0 0.8546875 0.58671875 0.0484375 0.0390625
0 0.31328125 0.60234375 0.0296875 0.0328125
0 0.49375 0.33671875 0.025 0.0234375
0 0.8265625 0.65703125 0.046875 0.0390625
0 0.5421875 0.29296875 0.0234375 0.0234375
0 0.6734375 0.60390625 0.0234375 0.0265625
0 0.3953125 0.475 0.0296875 0.0375
0 0.47421875 0.32109375 0.0234375 0.0234375
0 0.35 0.8015625 0.0421875 0.0453125
0 0.64609375 0.5765625 0.0234375 0.0234375
0 0.61328125 0.6203125 0.0296875 0.028125
0 0.2875 0.55546875 0.0296875 0.0296875
0 0.33984375 0.5015625 0.0265625 0.028125
0 0.70234375 0.78125 0.040625 0.04375
0 0.52734375 0.2234375 0.0296875 0.034375
0 0.3875 0.61796875 0.0296875 0.03125
0 0.31875 0.48671875 0.0296875 0.0359375
0 0.3703125 0.46796875 0.0296875 0.0328125
0 0.409375 0.60546875 0.028125 0.0296875
0 0.6125 0.57265625 0.0234375 0.025
0 0.47265625 0.23515625 0.0296875 0.028125
0 0.540625 0.3375 0.025 0.0234375
0 0.63203125 0.5578125 0.021875 0.0265625
0 0.57265625 0.340625 0.0296875 0.028125
0 0.44453125 0.27421875 0.03125 0.0265625
0 0.659375 0.55703125 0.021875 0.021875
0 0.3609375 0.625 0.0234375 0.0328125
0 0.6765625 0.4859375 0.028125 0.0328125
0 0.71328125 0.17265625 0.040625 0.040625
0 0.66328125 0.509375 0.0265625 0.0234375
0 0.56328125 0.2953125 0.025 0.0234375
0 0.47578125 0.2734375 0.028125 0.025
0 0.296875 0.50546875 0.0328125 0.0296875
0 0.465625 0.29609375 0.0234375 0.0234375
0 0.60859375 0.55 0.0265625 0.0265625
0 0.490625 0.296875 0.0203125 0.0234375
0 0.28984375 0.5328125 0.03125 0.0265625
0 0.43828125 0.5375 0.0328125 0.03125
0 0.3890625 0.50390625 0.0265625 0.028125
0 0.63515625 0.6296875 0.025 0.0328125
0 0.55625 0.35703125 0.0265625 0.028125
0 0.32265625 0.51875 0.0296875 0.0296875
0 0.5140625 0.2953125 0.0234375 0.021875
0 0.43046875 0.58828125 0.0265625 0.028125
0 0.66796875 0.53671875 0.0234375 0.025
0 0.3578125 0.56953125 0.0234375 0.0234375
0 0.5546875 0.27265625 0.0265625 0.0234375
0 0.640625 0.5109375 0.025 0.0265625
0 0.40625 0.57109375 0.021875 0.028125
0 0.58203125 0.26953125 0.03125 0.0265625
0 0.45546875 0.2484375 0.0296875 0.0265625
0 0.38359375 0.5625 0.0234375 0.025
0 0.7109375 0.6125 0.0296875 0.03125
0 0.70234375 0.49609375 0.03125 0.0296875
0 0.58359375 0.31796875 0.03125 0.025
0 0.3390625 0.5875 0.0265625 0.03125
0 0.6484375 0.6046875 0.0234375 0.0265625
0 0.40625 0.51953125 0.025 0.0265625
0 0.62578125 0.5953125 0.0234375 0.025
0 0.50234375 0.27578125 0.0234375 0.0234375
0 0.4109375 0.546875 0.0234375 0.0265625
0 0.4171875 0.4921875 0.0328125 0.0328125
0 0.3875 0.590625 0.0265625 0.0265625
0 0.3875 0.53828125 0.0234375 0.028125
0 0.43828125 0.56171875 0.03125 0.028125
0 0.52734375 0.275 0.021875 0.021875
0 0.59140625 0.29140625 0.028125 0.025
0 0.69140625 0.62578125 0.0296875 0.0296875
0 0.69609375 0.590625 0.0234375 0.0265625
0 0.55 0.2296875 0.03125 0.028125
0 0.3609375 0.59765625 0.0234375 0.0265625
0 0.36484375 0.54765625 0.0203125 0.0234375
0 0.6625 0.63203125 0.0265625 0.0328125