0 0.8609375 0.553125 0.05 0.040625
0 0.58203125 0.1171875 0.040625 0.046875
0 0.5140625 0.11171875 0.0359375 0.046875
0 0.45546875 0.8328125 0.040625 0.0484375
0 0.42109375 0.82734375 0.0421875 0.0484375
0 0.384375 0.8171875 0.04375 0.046875
0 0.56328125 0.83203125 0.0375 0.0453125
0 0.6328125 0.8171875 0.040625 0.046875
0 0.8703125 0.44375 0.046875 0.0421875
0 0.19453125 0.64921875 0.04375 0.0421875
0 0.16796875 0.36328125 0.05 0.0390625
0 0.159375 0.54609375 0.0453125 0.04375
0 0.153125 0.4703125 0.046875 0.04375
0 0.15546875 0.50859375 0.046875 0.0453125
0 0.60234375 0.82890625 0.0390625 0.046875
0 0.28515625 0.1890625 0.0453125 0.04375
0 0.315625 0.16796875 0.0421875 0.0421875
0 0.159375 0.40078125 0.046875 0.0390625
0 0.16953125 0.57890625 0.0453125 0.04375
0 0.44375 0.11640625 0.0390625 0.04375
0 0.66796875 0.803125 0.0421875 0.0453125
0 0.8125 0.27578125 0.0453125 0.0375
0 0.61796875 0.12734375 0.0421875 0.0453125
0 0.73125 0.7640625 0.04375 0.046875
0 0.3203125 0.78046875 0.0453125 0.046875
0 0.19609375 0.29765625 0.0453125 0.040625
0 0.71875 0.51328125 0.034375 0.0296875
0 0.75859375 0.7375 0.04375 0.04375
0 0.47734375 0.1125 0.0375 0.04375
0 0.18046875 0.615625 0.046875 0.040625
0 0.84375 0.621875 0.0453125 0.0453125
0 0.21640625 0.6796875 0.0453125 0.040625
0 0.78984375 0.2453125 0.0453125 0.0375
0 0.5296875 0.83828125 0.0390625 0.046875
0 0.55 0.11328125 0.0359375 0.0453125
0 0.80859375 0.68671875 0.04375 0.0390625
0 0.87109375 0.48203125 0.04375 0.0421875
0 0.78125 0.71328125 0.0453125 0.04375
0 0.34140625 0.471875 0.0296875 0.0359375
0 0.17890625 0.33125 0.05 0.0390625
0 0.2625 0.734375 0.0453125 0.0421875
0 0.28828125 0.55703125 0.0296875 0.0296875
0 0.8546875 0.58671875 0.0484375 0.040625
0 0.65078125 0.13828125 0.04375 0.04375
0 0.23359375 0.23828125 0.04375 0.0421875
0 0.7046875 0.565625 0.0265625 0.0265625
0 0.68046875 0.55625 0.0234375 0.028125
0 0.2953125 0.58203125 0.03125 0.0296875
0 0.26015625 0.21328125 0.040625 0.040625
0 0.33515625 0.6171875 0.03125 0.0390625
0 0.6796875 0.15390625 0.04375 0.046875
0 0.340625 0.5546875 0.025 0.028125
0 0.5953125 0.60390625 0.028125 0.0296875
0 0.23671875 0.709375 0.0453125 0.040625
0 0.70234375 0.78203125 0.0421875 0.046875
0 0.28984375 0.759375 0.0421875 0.04375
0 0.4921875 0.8359375 0.0375 0.04375
0 0.34453125 0.153125 0.040625 0.0421875
0 0.8703125 0.51640625 0.0484375 0.040625
0 0.21328125 0.26796875 0.0453125 0.034375
0 0.5046875 0.36953125 0.025 0.0359375
0 0.61796875 0.528125 0.028125 0.0265625
0 0.1546875 0.434375 0.0484375 0.0453125
0 0.73203125 0.56484375 0.03125 0.028125
0 0.584375 0.5765625 0.034375 0.0296875
0 0.83046875 0.30390625 0.046875 0.0390625
0 0.73984375 0.1921875 0.040625 0.04375
0 0.36640625 0.4984375 0.028125 0.028125
0 0.82734375 0.6578125 0.0484375 0.0421875
0 0.7671875 0.21875 0.0421875 0.040625
0 0.3140625 0.603125 0.0296875 0.034375
0 0.4078125 0.12421875 0.0390625 0.04375
0 0.8546875 0.37265625 0.0484375 0.04375
0 0.86171875 0.40703125 0.04375 0.0421875
0 0.4453125 0.27421875 0.0328125 0.028125
0 0.35 0.79765625 0.0421875 0.0453125
0 0.3703125 0.521875 0.0265625 0.025
0 0.37109375 0.4671875 0.028125 0.0328125
0 0.84375 0.33828125 0.0453125 0.0375
0 0.5796875 0.5515625 0.0328125 0.03125
0 0.58828125 0.52734375 0.0328125 0.0265625
0 0.31640625 0.5484375 0.0265625 0.0265625
0 0.5328125 0.36953125 0.0265625 0.0328125
0 0.6140625 0.6203125 0.03125 0.0296875
0 0.49453125 0.25625 0.0234375 0.025
0 0.44609375 0.3234375 0.0296875 0.028125
0 0.378125 0.13671875 0.0390625 0.040625
0 0.5234375 0.22578125 0.0328125 0.0375
0 0.48046875 0.3609375 0.0296875 0.03125
0 0.603125 0.503125 0.0328125 0.0296875
0 0.68984375 0.51796875 0.0265625 0.0265625
0 0.72890625 0.540625 0.0328125 0.028125
0 0.63203125 0.55859375 0.0234375 0.0328125
0 0.44140625 0.296875 0.028125 0.025
0 0.3875 0.61796875 0.03125 0.0328125
0 0.31875 0.4875 0.0296875 0.0359375
0 0.6515625 0.48359375 0.028125 0.034375
0 0.6484375 0.53828125 0.0234375 0.025
0 0.459375 0.34296875 0.0328125 0.03125
0 0.5671875 0.246875 0.034375 0.0296875
0 0.62265625 0.48984375 0.028125 0.0359375
0 0.41015625 0.60546875 0.0296875 0.03125
0 0.28984375 0.5328125 0.03125 0.028125
0 0.32265625 0.57109375 0.0265625 0.028125
0 0.72421875 0.5921875 0.0328125 0.0296875
0 0.3953125 0.47421875 0.03125 0.0390625
0 0.71328125 0.17265625 0.0390625 0.040625
0 0.29765625 0.5046875 0.0328125 0.0296875
0 0.55390625 0.27265625 0.028125 0.0234375
0 0.6765625 0.48671875 0.028125 0.0328125
0 0.70234375 0.540625 0.0234375 0.0265625
0 0.4984375 0.22578125 0.0328125 0.034375
0 0.34453125 0.53046875 0.0234375 0.0265625
0 0.6578125 0.5625 0.03125 0.04375
0 0.3390625 0.5859375 0.0265625 0.0296875
0 0.6734375 0.6046875 0.0265625 0.028125
0 0.32265625 0.51953125 0.0296875 0.0296875
0 0.3578125 0.56953125 0.0234375 0.025
0 0.33984375 0.50234375 0.0265625 0.028125
0 0.66875 0.5375 0.0234375 0.0234375
0 0.66328125 0.63671875 0.0296875 0.040625
0 0.609375 0.5515625 0.0265625 0.025
0 0.47109375 0.3203125 0.025 0.025
0 0.503125 0.31328125 0.0265625 0.0375
0 0.7109375 0.6125 0.0328125 0.03125
0 0.3609375 0.625 0.025 0.03125
0 0.465625 0.2953125 0.0234375 0.0234375
0 0.62578125 0.5953125 0.025 0.0265625
0 0.43046875 0.58359375 0.0265625 0.03125
0 0.53828125 0.25546875 0.0265625 0.0234375
0 0.45546875 0.2484375 0.0296875 0.028125
0 0.54140625 0.29453125 0.025 0.0234375
0 0.56328125 0.2953125 0.0234375 0.0234375
0 0.640625 0.51015625 0.0265625 0.025
0 0.384375 0.5625 0.0234375 0.0265625
0 0.64921875 0.60546875 0.0265625 0.028125
0 0.5546875 0.32265625 0.025 0.0265625
0 0.66484375 0.50859375 0.0234375 0.0234375
0 0.49296875 0.2953125 0.025 0.03125
0 0.471875 0.23359375 0.0265625 0.025
0 0.703125 0.49609375 0.03125 0.0296875
0 0.38984375 0.50390625 0.0265625 0.028125
0 0.40546875 0.57109375 0.021875 0.0296875
0 0.43828125 0.5375 0.0328125 0.03125
0 0.51484375 0.2546875 0.0234375 0.0265625
0 0.4765625 0.271875 0.028125 0.025
0 0.63515625 0.6296875 0.0265625 0.0328125
0 0.40625 0.5203125 0.0265625 0.028125
0 0.61328125 0.57265625 0.0234375 0.025
0 0.36484375 0.59765625 0.0265625 0.0296875
0 0.5296875 0.31484375 0.0265625 0.028125
0 0.58046875 0.271875 0.03125 0.0234375
0 0.38828125 0.5390625 0.0234375 0.0265625
0 0.52734375 0.2765625 0.025 0.0234375
0 0.5390625 0.33671875 0.028125 0.0234375
0 0.4390625 0.56171875 0.03125 0.028125
0 0.5734375 0.334375 0.0359375 0.04375
0 0.51640625 0.33984375 0.0234375 0.0265625
0 0.6875 0.62734375 0.0296875 0.0328125
0 0.365625 0.54765625 0.021875 0.0234375
0 0.50546875 0.28046875 0.03125 0.0328125
0 0.590625 0.290625 0.028125 0.0234375
0 0.3859375 0.58828125 0.021875 0.0265625
0 0.41796875 0.4921875 0.03125 0.0328125