0 0.8609375 0.553125 0.05 0.040625
0 0.55078125 0.1140625 0.0375 0.0453125
0 0.58359375 0.11796875 0.040625 0.046875
0 0.5140625 0.11171875 0.0359375 0.0453125
0 0.16796875 0.36328125 0.0484375 0.040625
0 0.153125 0.4703125 0.0484375 0.0453125
0 0.45546875 0.83203125 0.040625 0.05
0 0.5625 0.8328125 0.0390625 0.0453125
0 0.215625 0.6796875 0.0453125 0.040625
0 0.42109375 0.82734375 0.04375 0.05
0 0.384375 0.8171875 0.0421875 0.046875
0 0.52734375 0.8375 0.0375 0.0484375
0 0.15859375 0.40078125 0.0484375 0.0390625
0 0.19453125 0.64921875 0.0453125 0.0421875
0 0.60234375 0.82890625 0.0390625 0.046875
0 0.8703125 0.44375 0.0453125 0.0421875
0 0.84296875 0.6234375 0.0484375 0.046875
0 0.68125 0.15546875 0.04375 0.0484375
0 0.8625 0.40703125 0.046875 0.04375
0 0.63359375 0.8171875 0.040625 0.046875
0 0.44375 0.115625 0.0390625 0.04375
0 0.2140625 0.2671875 0.0453125 0.0375
0 0.2890625 0.76015625 0.04375 0.04375
0 0.1953125 0.29765625 0.046875 0.040625
0 0.1546875 0.5078125 0.0453125 0.04375
0 0.31484375 0.1671875 0.040625 0.040625
0 0.66796875 0.80078125 0.0421875 0.0484375
0 0.2625 0.73515625 0.0453125 0.0421875
0 0.871875 0.48203125 0.04375 0.04375
0 0.28515625 0.1890625 0.0453125 0.04375
0 0.16015625 0.54609375 0.046875 0.04375
0 0.26015625 0.2140625 0.04375 0.040625
0 0.8546875 0.371875 0.0484375 0.0421875
0 0.47734375 0.1125 0.0375 0.04375
0 0.16953125 0.5796875 0.0453125 0.04375
0 0.57890625 0.55234375 0.03125 0.0296875
0 0.34140625 0.471875 0.0296875 0.034375
0 0.5828125 0.5765625 0.0328125 0.028125
0 0.2953125 0.58203125 0.03125 0.03125
0 0.32109375 0.78046875 0.0453125 0.046875
0 0.18125 0.61484375 0.046875 0.0390625
0 0.65078125 0.13828125 0.0421875 0.04375
0 0.49140625 0.8375 0.0390625 0.0453125
0 0.70546875 0.56484375 0.0265625 0.0265625
0 0.80859375 0.6859375 0.04375 0.0421875
0 0.8125 0.27578125 0.046875 0.0375
0 0.23359375 0.23828125 0.0421875 0.040625
0 0.18046875 0.33203125 0.053125 0.040625
0 0.2359375 0.70859375 0.0453125 0.0390625
0 0.73046875 0.7640625 0.04375 0.04375
0 0.34375 0.153125 0.0421875 0.04375
0 0.8671875 0.51484375 0.0484375 0.040625
0 0.37109375 0.46796875 0.028125 0.034375
0 0.76875 0.21875 0.04375 0.0421875
0 0.61796875 0.1265625 0.0421875 0.04375
0 0.61796875 0.528125 0.0265625 0.0265625
0 0.85390625 0.58671875 0.0484375 0.0390625
0 0.73828125 0.19296875 0.0421875 0.040625
0 0.378125 0.1375 0.0390625 0.0453125
0 0.7578125 0.73828125 0.0453125 0.04375
0 0.78203125 0.71328125 0.04375 0.0421875
0 0.71875 0.51328125 0.034375 0.0296875
0 0.5890625 0.528125 0.0328125 0.028125
0 0.84375 0.33828125 0.046875 0.0359375
0 0.4109375 0.1234375 0.0390625 0.04375
0 0.1546875 0.43359375 0.0484375 0.04375
0 0.334375 0.61640625 0.03125 0.0375
0 0.62421875 0.4890625 0.03125 0.034375
0 0.7890625 0.24375 0.0453125 0.0375
0 0.8265625 0.65703125 0.046875 0.0390625
0 0.28828125 0.55625 0.03125 0.028125
0 0.5421875 0.29453125 0.0234375 0.025
0 0.36640625 0.4984375 0.0265625 0.028125
0 0.7015625 0.78203125 0.040625 0.0453125
0 0.73203125 0.56484375 0.03125 0.028125
0 0.28984375 0.53359375 0.03125 0.028125
0 0.4453125 0.275 0.034375 0.0296875
0 0.3703125 0.5203125 0.0265625 0.025
0 0.321875 0.57109375 0.028125 0.028125
0 0.596875 0.60234375 0.03125 0.03125
0 0.60234375 0.50234375 0.034375 0.0296875
0 0.41015625 0.60546875 0.03125 0.0328125
0 0.4578125 0.34375 0.0296875 0.0296875
0 0.64609375 0.53828125 0.0234375 0.025
0 0.68046875 0.55546875 0.021875 0.028125
0 0.83046875 0.30390625 0.046875 0.0390625
0 0.671875 0.6046875 0.025 0.0265625
0 0.31796875 0.54765625 0.0265625 0.028125
0 0.3875 0.61796875 0.0296875 0.034375
0 0.72421875 0.59296875 0.0328125 0.03125
0 0.728125 0.540625 0.0328125 0.0296875
0 0.34453125 0.53125 0.0234375 0.0265625
0 0.5328125 0.36875 0.025 0.034375
0 0.5234375 0.225 0.03125 0.0359375
0 0.70859375 0.1796875 0.040625 0.046875
0 0.3578125 0.56953125 0.025 0.0265625
0 0.340625 0.50234375 0.0265625 0.028125
0 0.6890625 0.5203125 0.0265625 0.028125
0 0.446875 0.32421875 0.028125 0.028125
0 0.61328125 0.571875 0.0234375 0.0234375
0 0.55625 0.321875 0.025 0.0234375
0 0.340625 0.5546875 0.0234375 0.0265625
0 0.3609375 0.625 0.025 0.0328125
0 0.5046875 0.3703125 0.0265625 0.03125
0 0.35 0.80078125 0.040625 0.04375
0 0.64453125 0.57734375 0.025 0.0234375
0 0.3140625 0.603125 0.0296875 0.0328125
0 0.47265625 0.32109375 0.0234375 0.0234375
0 0.5671875 0.24921875 0.034375 0.03125
0 0.4765625 0.27265625 0.0296875 0.025
0 0.4921875 0.2984375 0.0234375 0.0234375
0 0.65390625 0.48515625 0.028125 0.0296875
0 0.31875 0.4875 0.03125 0.034375
0 0.49765625 0.22734375 0.034375 0.0359375
0 0.3953125 0.47421875 0.0296875 0.0375
0 0.5640625 0.2953125 0.0265625 0.025
0 0.703125 0.53984375 0.0234375 0.0265625
0 0.29765625 0.50546875 0.0328125 0.0296875
0 0.3890625 0.503125 0.0265625 0.028125
0 0.6765625 0.48671875 0.028125 0.0328125
0 0.70234375 0.496875 0.03125 0.0296875
0 0.609375 0.55 0.0265625 0.0234375
0 0.45546875 0.2484375 0.0296875 0.028125
0 0.47421875 0.23515625 0.03125 0.0296875
0 0.6125 0.6203125 0.03125 0.0296875
0 0.58359375 0.31953125 0.03125 0.0296875
0 0.41640625 0.4921875 0.034375 0.034375
0 0.62578125 0.59609375 0.0234375 0.0265625
0 0.3234375 0.51875 0.0296875 0.03125
0 0.6671875 0.5375 0.0234375 0.025
0 0.3390625 0.58671875 0.0265625 0.0296875
0 0.7109375 0.6125 0.0328125 0.03125
0 0.6640625 0.6359375 0.028125 0.0375
0 0.51484375 0.340625 0.0234375 0.0265625
0 0.48046875 0.359375 0.0296875 0.0328125
0 0.515625 0.2984375 0.025 0.0265625
0 0.49296875 0.33515625 0.028125 0.028125
0 0.53828125 0.259375 0.0265625 0.03125
0 0.63828125 0.6296875 0.028125 0.034375
0 0.43828125 0.5375 0.0328125 0.03125
0 0.440625 0.29765625 0.028125 0.025
0 0.66953125 0.57578125 0.025 0.0265625
0 0.6640625 0.509375 0.0234375 0.025
0 0.38359375 0.56171875 0.0234375 0.0234375
0 0.5140625 0.25390625 0.0265625 0.025
0 0.5046875 0.31640625 0.0265625 0.0265625
0 0.46484375 0.29609375 0.025 0.0234375
0 0.53046875 0.31796875 0.0265625 0.025
0 0.38671875 0.590625 0.0265625 0.028125
0 0.6484375 0.60390625 0.0234375 0.0265625
0 0.640625 0.51015625 0.025 0.0265625
0 0.5265625 0.275 0.025 0.0234375
0 0.40703125 0.52109375 0.0265625 0.028125
0 0.690625 0.62578125 0.03125 0.03125
0 0.5 0.27578125 0.021875 0.0234375
0 0.43125 0.584375 0.0265625 0.028125
0 0.54140625 0.3375 0.025 0.021875
0 0.490625 0.25390625 0.0265625 0.021875
0 0.58203125 0.2703125 0.0328125 0.028125
0 0.40625 0.5703125 0.0234375 0.0296875
0 0.659375 0.5578125 0.0265625 0.028125
0 0.55390625 0.2734375 0.0265625 0.0234375
0 0.6328125 0.5578125 0.025 0.028125
0 0.43828125 0.56171875 0.0328125 0.028125
0 0.41484375 0.5484375 0.025 0.0265625
0 0.3640625 0.596875 0.0265625 0.028125
0 0.571875 0.34140625 0.028125 0.025
0 0.696875 0.590625 0.025 0.0265625