0 0.384375 0.81640625 0.04375 0.05
0 0.5140625 0.1125 0.0359375 0.046875
0 0.565625 0.83359375 0.0390625 0.0484375
0 0.421875 0.82734375 0.0421875 0.0515625
0 0.5828125 0.11796875 0.0390625 0.0484375
0 0.66875 0.8 0.0421875 0.046875
0 0.4546875 0.8328125 0.040625 0.0484375
0 0.86171875 0.553125 0.0484375 0.040625
0 0.29609375 0.58203125 0.0328125 0.0296875
0 0.68125 0.15703125 0.04375 0.0484375
0 0.1515625 0.4703125 0.046875 0.046875
0 0.52734375 0.8375 0.0390625 0.046875
0 0.6328125 0.8171875 0.0421875 0.046875
0 0.3203125 0.78046875 0.04375 0.046875
0 0.55 0.1140625 0.0359375 0.046875
0 0.1953125 0.64921875 0.04375 0.0421875
0 0.28515625 0.1890625 0.04375 0.04375
0 0.16875 0.36328125 0.0484375 0.040625
0 0.19296875 0.29609375 0.0453125 0.04375
0 0.73125 0.7640625 0.04375 0.0453125
0 0.87109375 0.44296875 0.0453125 0.040625
0 0.60234375 0.82890625 0.0390625 0.046875
0 0.73984375 0.1921875 0.0421875 0.0453125
0 0.21640625 0.68046875 0.0453125 0.0421875
0 0.8265625 0.65703125 0.0453125 0.0421875
0 0.47734375 0.1140625 0.0375 0.04375
0 0.871875 0.47890625 0.046875 0.046875
0 0.81328125 0.27421875 0.0453125 0.04375
0 0.31484375 0.16875 0.040625 0.046875
0 0.234375 0.23828125 0.0421875 0.04375
0 0.8671875 0.515625 0.0484375 0.040625
0 0.7578125 0.73828125 0.0453125 0.04375
0 0.34453125 0.15390625 0.0421875 0.0453125
0 0.6515625 0.1390625 0.04375 0.0453125
0 0.8625 0.40625 0.04375 0.04375
0 0.44296875 0.115625 0.0375 0.040625
0 0.35 0.7984375 0.0421875 0.046875
0 0.16015625 0.54609375 0.0453125 0.04375
0 0.16953125 0.5796875 0.0453125 0.04375
0 0.49140625 0.8375 0.0375 0.04375
0 0.26328125 0.734375 0.046875 0.0421875
0 0.6171875 0.128125 0.040625 0.0453125
0 0.7828125 0.71328125 0.0421875 0.04375
0 0.28984375 0.76015625 0.04375 0.04375
0 0.378125 0.1375 0.0390625 0.04375
0 0.15390625 0.5078125 0.046875 0.0453125
0 0.80859375 0.68671875 0.0421875 0.04375
0 0.70234375 0.78203125 0.04375 0.046875
0 0.21328125 0.26796875 0.0453125 0.040625
0 0.18125 0.61484375 0.046875 0.040625
0 0.8546875 0.58671875 0.046875 0.0421875
0 0.159375 0.40078125 0.046875 0.040625
0 0.84375 0.621875 0.0453125 0.04375
0 0.409375 0.125 0.0390625 0.040625
0 0.7671875 0.21953125 0.04375 0.040625
0 0.23671875 0.70859375 0.04375 0.0421875
0 0.8546875 0.371875 0.0484375 0.040625
0 0.4453125 0.275 0.0328125 0.0296875
0 0.83046875 0.30390625 0.0453125 0.040625
0 0.84453125 0.33828125 0.04375 0.0390625
0 0.18046875 0.33125 0.0484375 0.0390625
0 0.259375 0.21328125 0.0421875 0.040625
0 0.3671875 0.49921875 0.025 0.028125
0 0.71328125 0.17265625 0.0390625 0.0421875
0 0.496875 0.22734375 0.03125 0.0359375
0 0.728125 0.540625 0.0328125 0.0296875
0 0.36953125 0.46796875 0.03125 0.0328125
0 0.28984375 0.55390625 0.0328125 0.0359375
0 0.31328125 0.60234375 0.03125 0.03125
0 0.503125 0.36875 0.028125 0.0390625
0 0.71796875 0.51328125 0.034375 0.0296875
0 0.70234375 0.496875 0.03125 0.0296875
0 0.37109375 0.52265625 0.028125 0.025
0 0.52421875 0.225 0.0296875 0.034375
0 0.31875 0.48671875 0.0328125 0.034375
0 0.73125 0.56484375 0.03125 0.03125
0 0.340625 0.47109375 0.0265625 0.03125
0 0.15546875 0.43515625 0.0484375 0.04375
0 0.53984375 0.25546875 0.0265625 0.025
0 0.446875 0.32265625 0.0328125 0.028125
0 0.78984375 0.24296875 0.0421875 0.0390625
0 0.4171875 0.49140625 0.034375 0.034375
0 0.70546875 0.565625 0.0265625 0.0265625
0 0.6765625 0.48671875 0.028125 0.0328125
0 0.54140625 0.29296875 0.0234375 0.025
0 0.440625 0.29609375 0.028125 0.025
0 0.53203125 0.36875 0.0265625 0.0328125
0 0.3953125 0.475 0.03125 0.0375
0 0.55 0.2296875 0.03125 0.028125
0 0.5671875 0.25 0.03125 0.03125
0 0.3359375 0.6171875 0.0296875 0.0359375
0 0.38828125 0.6171875 0.03125 0.034375
0 0.66796875 0.55 0.040625 0.0484375
0 0.68984375 0.5171875 0.025 0.0265625
0 0.3421875 0.5015625 0.0296875 0.0296875
0 0.71171875 0.6125 0.0296875 0.03125
0 0.596875 0.60390625 0.034375 0.0328125
0 0.31875 0.5484375 0.0265625 0.0265625
0 0.4796875 0.35859375 0.028125 0.0328125
0 0.6234375 0.490625 0.0296875 0.0359375
0 0.61875 0.5265625 0.028125 0.028125
0 0.63203125 0.55859375 0.0265625 0.0328125
0 0.51796875 0.30625 0.040625 0.0421875
0 0.3609375 0.62421875 0.028125 0.03125
0 0.41015625 0.6046875 0.0328125 0.0359375
0 0.58515625 0.29296875 0.0328125 0.0328125
0 0.3375 0.5859375 0.028125 0.03125
0 0.6390625 0.63203125 0.028125 0.034375
0 0.5625 0.29765625 0.0234375 0.0265625
0 0.34453125 0.53125 0.0265625 0.0265625
0 0.64765625 0.60546875 0.028125 0.028125
0 0.5828125 0.26875 0.03125 0.0234375
0 0.29765625 0.50546875 0.034375 0.0296875
0 0.459375 0.34296875 0.0328125 0.0296875
0 0.346875 0.553125 0.034375 0.028125
0 0.32265625 0.571875 0.021875 0.03125
0 0.65234375 0.48359375 0.028125 0.0328125
0 0.7234375 0.59296875 0.03125 0.028125
0 0.55078125 0.2734375 0.0296875 0.0234375
0 0.32265625 0.51953125 0.0296875 0.0328125
0 0.5828125 0.57578125 0.028125 0.028125
0 0.7015625 0.540625 0.0265625 0.028125
0 0.5546875 0.321875 0.0234375 0.0234375
0 0.47109375 0.3203125 0.0296875 0.025
0 0.69140625 0.62421875 0.0296875 0.034375
0 0.47265625 0.23515625 0.0296875 0.0265625
0 0.61328125 0.61875 0.0296875 0.03125
0 0.4875 0.25703125 0.025 0.0296875
0 0.66484375 0.509375 0.0265625 0.0265625
0 0.45625 0.25234375 0.0359375 0.03125
0 0.6078125 0.55078125 0.028125 0.025
0 0.59140625 0.52421875 0.03125 0.028125
0 0.3578125 0.56953125 0.0265625 0.025
0 0.603125 0.50234375 0.03125 0.0265625
0 0.4703125 0.26875 0.034375 0.03125
0 0.3890625 0.5046875 0.0265625 0.0265625