0 0.55 0.11328125 0.0359375 0.0453125
0 0.4203125 0.828125 0.0421875 0.0484375
0 0.45546875 0.8328125 0.040625 0.0484375
0 0.16796875 0.36328125 0.0484375 0.040625
0 0.5828125 0.11796875 0.040625 0.046875
0 0.56328125 0.8328125 0.0390625 0.046875
0 0.86171875 0.553125 0.05 0.0390625
0 0.19453125 0.64921875 0.04375 0.040625
0 0.159375 0.4 0.0453125 0.0390625
0 0.5140625 0.11171875 0.0359375 0.0453125
0 0.38359375 0.81796875 0.04375 0.046875
0 0.66796875 0.8 0.0421875 0.046875
0 0.153125 0.47109375 0.0453125 0.0421875
0 0.8703125 0.44296875 0.0453125 0.040625
0 0.603125 0.82890625 0.040625 0.0453125
0 0.63359375 0.81796875 0.040625 0.046875
0 0.68203125 0.15703125 0.04375 0.0484375
0 0.65078125 0.1390625 0.040625 0.04375
0 0.871875 0.47890625 0.0484375 0.04375
0 0.16015625 0.54609375 0.046875 0.04375
0 0.3203125 0.78046875 0.0453125 0.04375
0 0.79140625 0.24296875 0.04375 0.0421875
0 0.44375 0.11640625 0.0390625 0.0421875
0 0.2640625 0.734375 0.046875 0.04375
0 0.478125 0.1125 0.0375 0.04375
0 0.8125 0.27578125 0.0453125 0.0375
0 0.290625 0.76015625 0.0453125 0.04375
0 0.16953125 0.5796875 0.0453125 0.04375
0 0.84296875 0.62265625 0.0484375 0.046875
0 0.4921875 0.83515625 0.0375 0.04375
0 0.19296875 0.29765625 0.046875 0.04375
0 0.23671875 0.70859375 0.0453125 0.040625
0 0.26015625 0.21328125 0.04375 0.0421875
0 0.8703125 0.51796875 0.0484375 0.04375
0 0.55625 0.32265625 0.028125 0.025
0 0.52734375 0.83828125 0.0375 0.046875
0 0.1546875 0.5078125 0.0453125 0.04375
0 0.76796875 0.21875 0.0453125 0.040625
0 0.18203125 0.615625 0.046875 0.0390625
0 0.215625 0.68046875 0.0453125 0.040625
0 0.284375 0.1890625 0.04375 0.0453125
0 0.1796875 0.33125 0.0484375 0.0390625
0 0.40859375 0.1265625 0.040625 0.040625
0 0.80859375 0.6875 0.04375 0.0421875
0 0.73125 0.7640625 0.0421875 0.0453125
0 0.5890625 0.52734375 0.0328125 0.0296875
0 0.29765625 0.58203125 0.034375 0.0328125
0 0.61875 0.12734375 0.040625 0.04375
0 0.73984375 0.1921875 0.0421875 0.0421875
0 0.28984375 0.534375 0.0328125 0.0328125
0 0.84375 0.33828125 0.0453125 0.0390625
0 0.3671875 0.4984375 0.028125 0.028125
0 0.8625 0.40625 0.0453125 0.0453125
0 0.2140625 0.26796875 0.0453125 0.0375
0 0.58046875 0.55234375 0.0328125 0.028125
0 0.8546875 0.58671875 0.0484375 0.040625
0 0.75859375 0.7375 0.04375 0.04375
0 0.50390625 0.371875 0.0296875 0.0375
0 0.23515625 0.2390625 0.0453125 0.04375
0 0.31484375 0.16875 0.040625 0.0453125
0 0.7828125 0.7140625 0.04375 0.04375
0 0.34375 0.153125 0.0421875 0.040625
0 0.709375 0.18046875 0.040625 0.046875
0 0.378125 0.13828125 0.0390625 0.04375
0 0.1546875 0.43359375 0.046875 0.04375
0 0.46015625 0.34453125 0.034375 0.0359375
0 0.71796875 0.51328125 0.0359375 0.0296875
0 0.53359375 0.36875 0.0265625 0.0359375
0 0.5828125 0.5765625 0.03125 0.0296875
0 0.35 0.7984375 0.0421875 0.046875
0 0.8546875 0.371875 0.046875 0.0421875
0 0.70234375 0.78203125 0.0390625 0.04375
0 0.83125 0.3046875 0.046875 0.040625
0 0.44609375 0.275 0.034375 0.03125
0 0.3875 0.61796875 0.03125 0.0359375
0 0.36953125 0.4671875 0.03125 0.03125
0 0.446875 0.32421875 0.03125 0.0296875
0 0.8265625 0.6578125 0.046875 0.040625
0 0.3703125 0.521875 0.0296875 0.025
0 0.65859375 0.5453125 0.0484375 0.0421875
0 0.565625 0.24609375 0.0328125 0.0296875
0 0.4390625 0.53671875 0.034375 0.03125
0 0.515625 0.34140625 0.0265625 0.0234375
0 0.36015625 0.62421875 0.028125 0.03125
0 0.409375 0.60625 0.0328125 0.034375
0 0.334375 0.61640625 0.03125 0.0390625
0 0.72890625 0.53984375 0.034375 0.0296875
0 0.35625 0.56953125 0.028125 0.0234375
0 0.3140625 0.60234375 0.03125 0.0328125
0 0.6125 0.62109375 0.03125 0.0296875
0 0.340625 0.55390625 0.021875 0.025
0 0.596875 0.60234375 0.0328125 0.028125
0 0.32421875 0.57265625 0.03125 0.028125
0 0.39609375 0.47421875 0.0296875 0.0375
0 0.63125 0.55859375 0.0234375 0.03125
0 0.72421875 0.59296875 0.0328125 0.0296875
0 0.603125 0.50234375 0.0328125 0.0296875
0 0.340625 0.471875 0.028125 0.03125
0 0.34140625 0.5015625 0.0265625 0.028125
0 0.6765625 0.4859375 0.028125 0.03125
0 0.29765625 0.5046875 0.0328125 0.0296875
0 0.7046875 0.565625 0.025 0.025
0 0.31875 0.48671875 0.03125 0.034375
0 0.3890625 0.503125 0.025 0.0265625
0 0.5546875 0.35625 0.028125 0.028125
0 0.609375 0.5515625 0.0265625 0.0234375
0 0.53046875 0.31796875 0.028125 0.025
0 0.496875 0.228125 0.03125 0.0390625
0 0.3171875 0.5484375 0.028125 0.028125
0 0.678125 0.55625 0.025 0.0328125
0 0.64765625 0.57578125 0.025 0.025
0 0.6890625 0.51875 0.025 0.028125
0 0.34453125 0.53125 0.0234375 0.0265625
0 0.73125 0.56484375 0.03125 0.028125
0 0.61796875 0.528125 0.028125 0.0265625
0 0.3234375 0.51875 0.03125 0.0328125
0 0.4421875 0.296875 0.03125 0.0265625
0 0.7015625 0.54140625 0.028125 0.028125
0 0.65078125 0.4859375 0.03125 0.034375
0 0.58203125 0.27109375 0.0328125 0.025
0 0.4171875 0.4921875 0.0328125 0.0328125
0 0.58359375 0.31796875 0.028125 0.0234375
0 0.70078125 0.49609375 0.034375 0.028125
0 0.5625 0.29609375 0.028125 0.0234375
0 0.71015625 0.6125 0.03125 0.03125
0 0.52734375 0.225 0.03125 0.034375
0 0.621875 0.49140625 0.028125 0.0359375
0 0.571875 0.3390625 0.0328125 0.03125
0 0.51015625 0.29609375 0.03125 0.0296875
0 0.45703125 0.24921875 0.034375 0.0296875
0 0.5390625 0.2546875 0.025 0.025
0 0.50546875 0.31875 0.0296875 0.028125
0 0.54375 0.3375 0.0265625 0.021875
0 0.659375 0.6375 0.0359375 0.0390625
0 0.61328125 0.575 0.0234375 0.025
0 0.40625 0.51953125 0.0265625 0.0265625
0 0.4921875 0.25390625 0.03125 0.0234375
0 0.2890625 0.55625 0.0328125 0.028125
0 0.4796875 0.35859375 0.028125 0.03125
0 0.3390625 0.5859375 0.028125 0.03125
0 0.43828125 0.5625 0.0328125 0.028125
0 0.43125 0.58515625 0.0265625 0.028125
0 0.67421875 0.60390625 0.0265625 0.0265625
0 0.471875 0.2734375 0.0328125 0.028125
0 0.6390625 0.63046875 0.0265625 0.0328125
0 0.3703125 0.55234375 0.0375 0.0375
0 0.55234375 0.2734375 0.0296875 0.0203125
0 0.36015625 0.59921875 0.0234375 0.0265625
0 0.3875 0.53828125 0.028125 0.028125
0 0.62578125 0.5953125 0.0265625 0.028125
0 0.41328125 0.54765625 0.0234375 0.028125