0 0.8609375 0.553125 0.05 0.040625
0 0.58359375 0.11796875 0.040625 0.0453125
0 0.16796875 0.36328125 0.05 0.0390625
0 0.42109375 0.82734375 0.0421875 0.0484375
0 0.55078125 0.11484375 0.0359375 0.04375
0 0.38359375 0.8171875 0.04375 0.046875
0 0.15390625 0.4703125 0.0484375 0.0421875
0 0.528125 0.83828125 0.0375 0.0484375
0 0.5140625 0.11171875 0.0359375 0.04375
0 0.16015625 0.54609375 0.046875 0.04375
0 0.6328125 0.81796875 0.0421875 0.046875
0 0.56328125 0.83359375 0.0375 0.0453125
0 0.4546875 0.8328125 0.040625 0.0484375
0 0.15859375 0.4 0.046875 0.0390625
0 0.84296875 0.62265625 0.0484375 0.0453125
0 0.44375 0.11640625 0.0390625 0.0421875
0 0.19609375 0.29765625 0.046875 0.0390625
0 0.1953125 0.64921875 0.0453125 0.0390625
0 0.66875 0.80078125 0.0421875 0.046875
0 0.81171875 0.27421875 0.04375 0.0390625
0 0.3203125 0.78046875 0.0453125 0.046875
0 0.87109375 0.44140625 0.046875 0.0421875
0 0.61796875 0.12734375 0.040625 0.0453125
0 0.68203125 0.15703125 0.0421875 0.0484375
0 0.2953125 0.58125 0.03125 0.03125
0 0.47734375 0.1125 0.0359375 0.04375
0 0.2625 0.734375 0.046875 0.040625
0 0.5328125 0.36953125 0.025 0.0328125
0 0.80859375 0.68671875 0.04375 0.040625
0 0.21640625 0.6796875 0.0453125 0.040625
0 0.2859375 0.1890625 0.0453125 0.0421875
0 0.23515625 0.23828125 0.046875 0.0390625
0 0.315625 0.16796875 0.0421875 0.040625
0 0.70546875 0.565625 0.0265625 0.0265625
0 0.1546875 0.5078125 0.046875 0.0421875
0 0.49140625 0.83671875 0.0359375 0.0453125
0 0.2890625 0.76015625 0.04375 0.04375
0 0.86171875 0.40625 0.0453125 0.0453125
0 0.26015625 0.21328125 0.0421875 0.0375
0 0.7578125 0.73828125 0.0453125 0.0421875
0 0.65078125 0.13828125 0.0421875 0.04375
0 0.7671875 0.2203125 0.040625 0.0390625
0 0.6015625 0.8296875 0.0375 0.0453125
0 0.16953125 0.57890625 0.046875 0.0421875
0 0.78125 0.71328125 0.0453125 0.0421875
0 0.3421875 0.153125 0.040625 0.040625
0 0.18046875 0.615625 0.0484375 0.040625
0 0.70234375 0.78203125 0.0390625 0.04375
0 0.78828125 0.24453125 0.04375 0.0390625
0 0.32109375 0.57109375 0.0265625 0.0265625
0 0.57890625 0.55234375 0.03125 0.028125
0 0.21328125 0.26875 0.0453125 0.0359375
0 0.7390625 0.19296875 0.0421875 0.040625
0 0.37734375 0.13515625 0.0375 0.04375
0 0.446875 0.32421875 0.03125 0.0296875
0 0.871875 0.48125 0.0453125 0.040625
0 0.5828125 0.5765625 0.0328125 0.028125
0 0.86953125 0.515625 0.0453125 0.040625
0 0.83125 0.30390625 0.046875 0.0390625
0 0.50390625 0.3703125 0.0296875 0.034375
0 0.4109375 0.12265625 0.0375 0.040625
0 0.72890625 0.54140625 0.0328125 0.03125
0 0.1796875 0.33125 0.05 0.0390625
0 0.84375 0.33828125 0.0453125 0.0375
0 0.23515625 0.70859375 0.0453125 0.0390625
0 0.440625 0.29609375 0.028125 0.0265625
0 0.71875 0.5140625 0.0359375 0.028125
0 0.49765625 0.225 0.0296875 0.0328125
0 0.6234375 0.48984375 0.03125 0.034375
0 0.73046875 0.7640625 0.04375 0.0453125
0 0.33515625 0.6171875 0.03125 0.0359375
0 0.5890625 0.52890625 0.034375 0.028125
0 0.8265625 0.65703125 0.046875 0.0390625
0 0.61875 0.52734375 0.028125 0.025
0 0.28828125 0.55703125 0.0296875 0.028125
0 0.15546875 0.434375 0.0484375 0.0421875
0 0.340625 0.471875 0.028125 0.034375
0 0.8546875 0.5859375 0.0484375 0.0390625
0 0.36640625 0.4984375 0.0265625 0.028125
0 0.603125 0.50234375 0.0328125 0.03125
0 0.61328125 0.62109375 0.0296875 0.03125
0 0.703125 0.54140625 0.0234375 0.028125
0 0.35703125 0.5703125 0.0265625 0.025
0 0.6515625 0.48515625 0.028125 0.0328125
0 0.3703125 0.46875 0.0296875 0.03125
0 0.73125 0.56484375 0.03125 0.0265625
0 0.28984375 0.5328125 0.03125 0.028125
0 0.33984375 0.55390625 0.0234375 0.0265625
0 0.34921875 0.80078125 0.040625 0.04375
0 0.8546875 0.37109375 0.0484375 0.040625
0 0.54140625 0.29453125 0.0234375 0.0234375
0 0.56328125 0.2953125 0.0265625 0.0234375
0 0.3703125 0.521875 0.028125 0.025
0 0.41015625 0.60625 0.03125 0.03125
0 0.71328125 0.17421875 0.0421875 0.040625
0 0.3171875 0.54765625 0.0265625 0.0265625
0 0.52421875 0.22578125 0.03125 0.034375
0 0.4734375 0.3234375 0.025 0.028125
0 0.6734375 0.6046875 0.0265625 0.0265625
0 0.3875 0.61796875 0.0296875 0.034375
0 0.596875 0.60390625 0.03125 0.028125
0 0.3140625 0.603125 0.0296875 0.0328125
0 0.36171875 0.625 0.0234375 0.0328125
0 0.3234375 0.51875 0.0296875 0.028125
0 0.55625 0.321875 0.0265625 0.0234375
0 0.53125 0.31796875 0.025 0.0234375
0 0.71015625 0.6125 0.03125 0.03125
0 0.33828125 0.5875 0.028125 0.03125
0 0.4453125 0.27421875 0.03125 0.028125
0 0.72421875 0.5921875 0.0328125 0.028125
0 0.6484375 0.6046875 0.0265625 0.028125
0 0.31875 0.4875 0.03125 0.034375
0 0.58203125 0.26953125 0.03125 0.028125
0 0.49140625 0.33828125 0.028125 0.0234375
0 0.34375 0.53203125 0.0234375 0.025
0 0.63828125 0.63125 0.0265625 0.034375
0 0.58359375 0.31875 0.0296875 0.025
0 0.66484375 0.6375 0.0296875 0.0390625
0 0.6765625 0.48671875 0.028125 0.034375
0 0.56640625 0.24609375 0.0328125 0.0265625
0 0.55625 0.3578125 0.0265625 0.0265625
0 0.70234375 0.49765625 0.034375 0.03125
0 0.50390625 0.3109375 0.0296875 0.0390625
0 0.67890625 0.55546875 0.0234375 0.03125
0 0.340625 0.50234375 0.0265625 0.028125
0 0.609375 0.55078125 0.028125 0.025
0 0.5390625 0.25625 0.0265625 0.025
0 0.6125 0.57265625 0.0265625 0.0265625
0 0.5546875 0.2734375 0.028125 0.0234375
0 0.4578125 0.34375 0.028125 0.028125
0 0.51328125 0.340625 0.0234375 0.0234375
0 0.4765625 0.2734375 0.0296875 0.025
0 0.43046875 0.5890625 0.028125 0.028125
0 0.4390625 0.53671875 0.034375 0.0328125
0 0.296875 0.5046875 0.0328125 0.028125
0 0.6640625 0.51015625 0.0296875 0.025
0 0.4796875 0.36015625 0.0265625 0.0296875
0 0.6859375 0.51953125 0.0234375 0.0296875
0 0.41796875 0.4921875 0.0328125 0.0328125
0 0.51328125 0.25390625 0.0265625 0.025
0 0.3875 0.50390625 0.0265625 0.028125
0 0.69140625 0.625 0.03125 0.03125
0 0.53984375 0.33671875 0.0296875 0.0234375
0 0.47734375 0.23515625 0.03125 0.034375
0 0.36484375 0.5984375 0.025 0.028125
0 0.49140625 0.25625 0.025 0.0234375
0 0.58984375 0.2921875 0.0296875 0.0265625
0 0.45625 0.24921875 0.03125 0.028125
0 0.465625 0.296875 0.025 0.0234375
0 0.43828125 0.56171875 0.0328125 0.028125
0 0.40625 0.571875 0.0234375 0.028125
0 0.52578125 0.2765625 0.0265625 0.0234375
0 0.40625 0.5203125 0.0265625 0.028125
0 0.6546875 0.53984375 0.0390625 0.028125
0 0.5734375 0.340625 0.028125 0.028125
0 0.640625 0.5109375 0.0234375 0.025
0 0.634375 0.56015625 0.028125 0.034375
0 0.625 0.59609375 0.025 0.0265625
0 0.38515625 0.56328125 0.0234375 0.0265625
0 0.3953125 0.475 0.0296875 0.0359375
0 0.3875 0.59140625 0.0265625 0.025
0 0.35859375 0.5484375 0.025 0.0234375
0 0.41015625 0.5484375 0.025 0.0265625
0 0.55234375 0.2296875 0.0265625 0.0265625
0 0.696875 0.58984375 0.025 0.0265625