0 0.8609375 0.553125 0.0484375 0.0390625
0 0.16875 0.3640625 0.0484375 0.0390625
0 0.5140625 0.11171875 0.0359375 0.0453125
0 0.4546875 0.83203125 0.040625 0.0484375
0 0.5828125 0.11875 0.0390625 0.0453125
0 0.55078125 0.1140625 0.0359375 0.04375
0 0.61796875 0.12734375 0.0390625 0.04375
0 0.56484375 0.83359375 0.0375 0.046875
0 0.31484375 0.16796875 0.040625 0.0421875
0 0.8125 0.27578125 0.0453125 0.0390625
0 0.47734375 0.1125 0.0375 0.04375
0 0.196875 0.2984375 0.046875 0.0390625
0 0.42109375 0.82734375 0.0421875 0.0484375
0 0.15234375 0.47109375 0.0484375 0.0421875
0 0.32109375 0.78125 0.04375 0.046875
0 0.70546875 0.565625 0.0265625 0.0265625
0 0.71875 0.5140625 0.034375 0.028125
0 0.44375 0.11640625 0.0375 0.0421875
0 0.6015625 0.82890625 0.0390625 0.046875
0 0.75859375 0.7390625 0.04375 0.0421875
0 0.23359375 0.23828125 0.0421875 0.040625
0 0.29453125 0.58125 0.0296875 0.0296875
0 0.38359375 0.8171875 0.04375 0.046875
0 0.19453125 0.64921875 0.0453125 0.04375
0 0.159375 0.40078125 0.0484375 0.0390625
0 0.28515625 0.18828125 0.0453125 0.0421875
0 0.215625 0.6796875 0.04375 0.0390625
0 0.4109375 0.1234375 0.0375 0.04375
0 0.8703125 0.44375 0.0453125 0.040625
0 0.1546875 0.50859375 0.0453125 0.04375
0 0.159375 0.54375 0.0484375 0.04375
0 0.515625 0.340625 0.025 0.0265625
0 0.61796875 0.52890625 0.0265625 0.0265625
0 0.76640625 0.2203125 0.040625 0.0390625
0 0.68125 0.15703125 0.04375 0.046875
0 0.66875 0.80390625 0.0421875 0.0453125
0 0.52734375 0.8375 0.0375 0.046875
0 0.37734375 0.1375 0.0390625 0.0453125
0 0.80703125 0.684375 0.0453125 0.0390625
0 0.18046875 0.61484375 0.046875 0.0390625
0 0.84375 0.62265625 0.0453125 0.04375
0 0.6359375 0.81640625 0.0390625 0.04375
0 0.57890625 0.55234375 0.0296875 0.028125
0 0.2609375 0.2140625 0.0453125 0.0390625
0 0.58359375 0.5765625 0.0328125 0.028125
0 0.871875 0.48203125 0.046875 0.0421875
0 0.86640625 0.515625 0.0484375 0.040625
0 0.73125 0.56484375 0.03125 0.028125
0 0.16796875 0.578125 0.0484375 0.0421875
0 0.7390625 0.19296875 0.0421875 0.040625
0 0.84375 0.33828125 0.0453125 0.0375
0 0.53359375 0.36953125 0.0265625 0.0328125
0 0.86171875 0.40703125 0.04375 0.0421875
0 0.26171875 0.734375 0.0421875 0.0421875
0 0.28828125 0.55625 0.03125 0.028125
0 0.446875 0.3234375 0.03125 0.028125
0 0.34296875 0.153125 0.040625 0.040625
0 0.7234375 0.59296875 0.03125 0.03125
0 0.82578125 0.65703125 0.0453125 0.0390625
0 0.58984375 0.528125 0.0328125 0.028125
0 0.50390625 0.3703125 0.0265625 0.034375
0 0.65078125 0.13828125 0.040625 0.04375
0 0.340625 0.55390625 0.0234375 0.028125
0 0.78125 0.71328125 0.0453125 0.0421875
0 0.73125 0.7640625 0.04375 0.04375
0 0.2359375 0.7078125 0.0453125 0.0390625
0 0.17890625 0.33125 0.0484375 0.0390625
0 0.7890625 0.24453125 0.04375 0.0375
0 0.31796875 0.54765625 0.025 0.0265625
0 0.340625 0.471875 0.0296875 0.034375
0 0.28828125 0.76015625 0.040625 0.0421875
0 0.49140625 0.8359375 0.0359375 0.04375
0 0.32109375 0.57109375 0.0265625 0.0265625
0 0.36640625 0.4984375 0.0265625 0.028125
0 0.8546875 0.5859375 0.0484375 0.0390625
0 0.3703125 0.52109375 0.028125 0.025
0 0.21328125 0.26796875 0.0453125 0.0359375
0 0.72890625 0.540625 0.0328125 0.028125
0 0.60390625 0.503125 0.0328125 0.028125
0 0.1546875 0.434375 0.046875 0.0421875
0 0.68125 0.55546875 0.0234375 0.028125
0 0.8546875 0.37265625 0.0484375 0.040625
0 0.59609375 0.603125 0.03125 0.0296875
0 0.56640625 0.24921875 0.034375 0.03125
0 0.28984375 0.53203125 0.03125 0.0265625
0 0.70078125 0.78203125 0.040625 0.0421875
0 0.334375 0.6171875 0.03125 0.0375
0 0.4984375 0.22578125 0.0328125 0.034375
0 0.70234375 0.54140625 0.0234375 0.0265625
0 0.3703125 0.46796875 0.0296875 0.0328125
0 0.6453125 0.5390625 0.0234375 0.025
0 0.36015625 0.62421875 0.0234375 0.03125
0 0.34453125 0.53125 0.0234375 0.0265625
0 0.71015625 0.61328125 0.03125 0.03125
0 0.61328125 0.62109375 0.0296875 0.0296875
0 0.35078125 0.7984375 0.0421875 0.046875
0 0.6234375 0.4890625 0.03125 0.034375
0 0.55546875 0.32109375 0.0265625 0.0234375
0 0.440625 0.29609375 0.028125 0.025
0 0.65234375 0.48515625 0.028125 0.03125
0 0.41015625 0.60625 0.0296875 0.03125
0 0.54140625 0.29453125 0.0234375 0.0234375
0 0.6484375 0.60546875 0.0265625 0.0265625
0 0.50625 0.31171875 0.0296875 0.0359375
0 0.5640625 0.29609375 0.025 0.025
0 0.321875 0.51796875 0.028125 0.028125
0 0.3875 0.61796875 0.0296875 0.0328125
0 0.52734375 0.22578125 0.03125 0.0328125
0 0.6328125 0.56015625 0.025 0.03125
0 0.6765625 0.4875 0.028125 0.034375
0 0.83046875 0.30390625 0.046875 0.0375
0 0.4453125 0.27421875 0.03125 0.028125
0 0.6734375 0.6046875 0.0234375 0.0265625
0 0.49296875 0.3359375 0.028125 0.028125
0 0.646875 0.575 0.028125 0.028125
0 0.47109375 0.32421875 0.0234375 0.028125
0 0.29765625 0.50546875 0.03125 0.0296875
0 0.459375 0.34296875 0.0296875 0.03125
0 0.340625 0.50234375 0.0265625 0.028125
0 0.55390625 0.27265625 0.028125 0.0234375
0 0.71328125 0.1734375 0.040625 0.040625
0 0.48046875 0.359375 0.028125 0.03125
0 0.38828125 0.50390625 0.025 0.028125
0 0.60859375 0.5515625 0.028125 0.025
0 0.6859375 0.51875 0.0234375 0.028125
0 0.31875 0.48828125 0.0296875 0.034375
0 0.31484375 0.603125 0.0296875 0.0328125
0 0.39453125 0.47421875 0.03125 0.0375
0 0.4390625 0.5375 0.034375 0.03125
0 0.4546875 0.25234375 0.03125 0.028125
0 0.33828125 0.58671875 0.025 0.03125
0 0.3578125 0.56953125 0.025 0.0265625
0 0.61328125 0.57421875 0.0234375 0.025
0 0.4734375 0.2359375 0.0296875 0.0296875
0 0.6671875 0.53828125 0.025 0.0265625
0 0.49140625 0.3 0.0234375 0.028125
0 0.40546875 0.571875 0.0234375 0.028125
0 0.59140625 0.2921875 0.028125 0.028125
0 0.5828125 0.31953125 0.028125 0.0265625
0 0.6390625 0.63125 0.0265625 0.0328125
0 0.43203125 0.58828125 0.025 0.03125
0 0.53828125 0.25546875 0.0234375 0.025
0 0.4921875 0.25625 0.025 0.0234375
0 0.465625 0.29609375 0.021875 0.0234375
0 0.70234375 0.49765625 0.03125 0.03125
0 0.66875 0.575 0.0265625 0.028125
0 0.54140625 0.3375 0.0265625 0.0234375
0 0.6640625 0.6359375 0.028125 0.0390625
0 0.43828125 0.5625 0.0328125 0.03125
0 0.69140625 0.62578125 0.0296875 0.028125
0 0.36171875 0.59921875 0.025 0.028125
0 0.41796875 0.4921875 0.0328125 0.0328125
0 0.6640625 0.51015625 0.0265625 0.0234375
0 0.47578125 0.2734375 0.028125 0.025
0 0.3875 0.590625 0.0265625 0.028125
0 0.640625 0.5125 0.025 0.0234375
0 0.62578125 0.59609375 0.0234375 0.028125
0 0.40703125 0.51953125 0.0234375 0.028125
0 0.659375 0.5609375 0.0265625 0.03125
0 0.53125 0.3171875 0.028125 0.028125
0 0.38828125 0.5375 0.025 0.028125
0 0.55 0.2296875 0.0296875 0.0296875
0 0.69609375 0.58984375 0.0265625 0.028125
0 0.41015625 0.54765625 0.0234375 0.025
0 0.5828125 0.27109375 0.03125 0.025
0 0.5015625 0.27578125 0.0234375 0.0234375
0 0.571875 0.3390625 0.028125 0.0296875
0 0.5125 0.253125 0.025 0.0234375
0 0.43515625 0.51015625 0.0296875 0.028125
0 0.55625 0.35625 0.025 0.028125
0 0.52578125 0.275 0.0265625 0.0234375
0 0.365625 0.5484375 0.0234375 0.0265625
0 0.384375 0.5609375 0.0234375 0.0265625