0 0.86171875 0.553125 0.05 0.0390625
0 0.5828125 0.1171875 0.040625 0.046875
0 0.528125 0.8375 0.0375 0.046875
0 0.42109375 0.828125 0.0421875 0.0484375
0 0.16875 0.36328125 0.0484375 0.0390625
0 0.5140625 0.1125 0.0375 0.0453125
0 0.384375 0.8171875 0.04375 0.046875
0 0.56484375 0.83359375 0.0375 0.0453125
0 0.66796875 0.8 0.0421875 0.046875
0 0.19453125 0.64921875 0.04375 0.0390625
0 0.8125 0.27578125 0.046875 0.0359375
0 0.44375 0.11640625 0.0390625 0.0421875
0 0.19609375 0.29765625 0.046875 0.040625
0 0.1546875 0.5078125 0.046875 0.04375
0 0.45546875 0.8328125 0.040625 0.0484375
0 0.315625 0.16796875 0.0390625 0.0421875
0 0.153125 0.47109375 0.0484375 0.04375
0 0.8671875 0.515625 0.05 0.0390625
0 0.159375 0.4 0.0484375 0.0375
0 0.7578125 0.7390625 0.0453125 0.0421875
0 0.60234375 0.82890625 0.0390625 0.0453125
0 0.8703125 0.44375 0.0453125 0.040625
0 0.6328125 0.8171875 0.040625 0.0453125
0 0.2859375 0.1890625 0.0453125 0.04375
0 0.18046875 0.61484375 0.0484375 0.0375
0 0.871875 0.4796875 0.0484375 0.04375
0 0.2953125 0.58125 0.03125 0.0296875
0 0.7671875 0.21953125 0.04375 0.0390625
0 0.47734375 0.11328125 0.0375 0.0453125
0 0.26015625 0.21328125 0.0421875 0.0375
0 0.68125 0.15703125 0.04375 0.0484375
0 0.61796875 0.12734375 0.0421875 0.0453125
0 0.16015625 0.5453125 0.046875 0.0421875
0 0.84453125 0.621875 0.0453125 0.04375
0 0.65078125 0.13828125 0.040625 0.0421875
0 0.8546875 0.371875 0.0484375 0.0421875
0 0.215625 0.6796875 0.0453125 0.0390625
0 0.5796875 0.55234375 0.0328125 0.03125
0 0.3203125 0.78046875 0.0453125 0.04375
0 0.49140625 0.8375 0.0375 0.0453125
0 0.8265625 0.65703125 0.046875 0.0390625
0 0.23359375 0.23828125 0.04375 0.0390625
0 0.78203125 0.71328125 0.04375 0.0421875
0 0.26328125 0.734375 0.046875 0.0390625
0 0.41171875 0.1234375 0.0375 0.0390625
0 0.84375 0.3390625 0.0453125 0.0375
0 0.16953125 0.57890625 0.046875 0.0421875
0 0.8625 0.40625 0.0453125 0.0421875
0 0.73125 0.7640625 0.04375 0.04375
0 0.70234375 0.78203125 0.0390625 0.04375
0 0.54921875 0.11328125 0.034375 0.0421875
0 0.2359375 0.71015625 0.0453125 0.0390625
0 0.72890625 0.54140625 0.034375 0.03125
0 0.44765625 0.32421875 0.0328125 0.0296875
0 0.34453125 0.15234375 0.0390625 0.0421875
0 0.36640625 0.49921875 0.0265625 0.028125
0 0.5046875 0.3703125 0.0265625 0.034375
0 0.7046875 0.56484375 0.0265625 0.0265625
0 0.32265625 0.57109375 0.0265625 0.0265625
0 0.2890625 0.7609375 0.0421875 0.040625
0 0.534375 0.36953125 0.028125 0.0328125
0 0.78984375 0.24453125 0.04375 0.0390625
0 0.34140625 0.471875 0.0296875 0.034375
0 0.3390625 0.55390625 0.0234375 0.0265625
0 0.5828125 0.57734375 0.0328125 0.028125
0 0.80859375 0.68671875 0.04375 0.0421875
0 0.8546875 0.5859375 0.0484375 0.0390625
0 0.33515625 0.6171875 0.03125 0.0359375
0 0.71796875 0.51328125 0.0359375 0.028125
0 0.1546875 0.434375 0.0484375 0.0421875
0 0.37734375 0.13515625 0.0375 0.0421875
0 0.18046875 0.33203125 0.0515625 0.0390625
0 0.38828125 0.61796875 0.03125 0.034375
0 0.6234375 0.48984375 0.03125 0.0359375
0 0.73125 0.56484375 0.03125 0.028125
0 0.61796875 0.528125 0.0265625 0.0265625
0 0.49765625 0.22578125 0.0296875 0.0328125
0 0.7390625 0.19296875 0.0421875 0.0390625
0 0.21328125 0.2671875 0.0453125 0.0359375
0 0.37109375 0.46875 0.028125 0.03125
0 0.5390625 0.29453125 0.0265625 0.0234375
0 0.36953125 0.52109375 0.0265625 0.0234375
0 0.58828125 0.52734375 0.034375 0.0265625
0 0.35 0.8015625 0.04375 0.0453125
0 0.83046875 0.3046875 0.046875 0.0390625
0 0.28984375 0.5328125 0.03125 0.028125
0 0.56640625 0.246875 0.034375 0.028125
0 0.3140625 0.603125 0.03125 0.034375
0 0.709375 0.1796875 0.040625 0.0484375
0 0.3171875 0.54765625 0.0265625 0.0265625
0 0.68984375 0.51875 0.0265625 0.0265625
0 0.36171875 0.625 0.025 0.034375
0 0.33984375 0.5015625 0.028125 0.028125
0 0.48046875 0.3609375 0.0296875 0.03125
0 0.440625 0.296875 0.0296875 0.028125
0 0.28828125 0.55703125 0.03125 0.0265625
0 0.60234375 0.50234375 0.034375 0.0296875
0 0.34453125 0.53046875 0.0234375 0.0265625
0 0.55390625 0.2734375 0.028125 0.0234375
0 0.41015625 0.60546875 0.03125 0.03125
0 0.5640625 0.2953125 0.028125 0.025
0 0.35703125 0.56953125 0.025 0.0234375
0 0.31875 0.4875 0.03125 0.034375
0 0.33828125 0.5875 0.0265625 0.028125
0 0.5234375 0.22578125 0.0328125 0.0359375
0 0.65234375 0.48515625 0.03125 0.0328125
0 0.6125 0.6203125 0.03125 0.0296875
0 0.4453125 0.27421875 0.0328125 0.028125
0 0.70234375 0.540625 0.0234375 0.0265625
0 0.64921875 0.60546875 0.0265625 0.028125
0 0.32265625 0.51875 0.03125 0.0296875
0 0.43828125 0.53671875 0.034375 0.03125
0 0.59453125 0.6015625 0.028125 0.028125
0 0.5546875 0.321875 0.0265625 0.021875
0 0.72421875 0.59140625 0.034375 0.028125
0 0.64609375 0.5765625 0.028125 0.0265625
0 0.6484375 0.54375 0.0296875 0.0359375
0 0.68046875 0.55546875 0.0234375 0.028125
0 0.70234375 0.49609375 0.03125 0.0296875
0 0.45859375 0.34296875 0.0328125 0.03125
0 0.6640625 0.6359375 0.0296875 0.0390625
0 0.63828125 0.63125 0.028125 0.0328125
0 0.6765625 0.4875 0.028125 0.034375
0 0.3890625 0.50390625 0.0265625 0.028125
0 0.29765625 0.50546875 0.03125 0.028125
0 0.67265625 0.6046875 0.0234375 0.0265625
0 0.36484375 0.5984375 0.028125 0.028125
0 0.4171875 0.4921875 0.0328125 0.0328125
0 0.71171875 0.61328125 0.03125 0.03125
0 0.690625 0.62578125 0.03125 0.03125
0 0.5078125 0.31015625 0.0375 0.0421875
0 0.490625 0.33671875 0.028125 0.0234375
0 0.3953125 0.47421875 0.03125 0.0375
0 0.58125 0.2703125 0.028125 0.0265625
0 0.46640625 0.296875 0.025 0.0234375
0 0.43828125 0.56171875 0.0328125 0.0296875
0 0.43046875 0.5890625 0.0296875 0.028125
0 0.67109375 0.57734375 0.0265625 0.0234375
0 0.61015625 0.5515625 0.028125 0.025
0 0.38828125 0.590625 0.025 0.0265625
0 0.35859375 0.54765625 0.0265625 0.0234375
0 0.54375 0.33828125 0.025 0.021875
0 0.61328125 0.57421875 0.0265625 0.0265625
0 0.634375 0.56015625 0.028125 0.0328125
0 0.6640625 0.50859375 0.0265625 0.0234375
0 0.51640625 0.33984375 0.028125 0.0234375
0 0.40546875 0.571875 0.0234375 0.028125
0 0.696875 0.590625 0.025 0.028125
0 0.66640625 0.5375 0.028125 0.025
0 0.52890625 0.27578125 0.0234375 0.021875
0 0.4765625 0.27265625 0.028125 0.0234375
0 0.57265625 0.3390625 0.03125 0.0265625
0 0.47890625 0.23515625 0.034375 0.034375
0 0.62421875 0.5953125 0.025 0.0265625
0 0.38671875 0.5375 0.028125 0.028125
0 0.45625 0.2484375 0.0296875 0.0265625
0 0.55546875 0.35625 0.0265625 0.0265625
0 0.38515625 0.5625 0.0234375 0.025
0 0.5515625 0.22890625 0.03125 0.028125
0 0.5140625 0.2546875 0.0296875 0.0265625
0 0.53828125 0.2546875 0.025 0.025
0 0.58359375 0.31640625 0.03125 0.028125
0 0.4140625 0.5484375 0.025 0.028125
0 0.64140625 0.51015625 0.0234375 0.025
0 0.48046875 0.32265625 0.028125 0.025