0 0.55 0.11328125 0.0359375 0.0453125
0 0.16796875 0.36328125 0.05 0.0390625
0 0.15234375 0.47109375 0.046875 0.0453125
0 0.86171875 0.55390625 0.05 0.0421875
0 0.6328125 0.81796875 0.040625 0.046875
0 0.38359375 0.8171875 0.04375 0.0484375
0 0.5828125 0.1171875 0.0390625 0.046875
0 0.66796875 0.8 0.040625 0.046875
0 0.42109375 0.828125 0.04375 0.0484375
0 0.5140625 0.1125 0.0359375 0.0453125
0 0.19453125 0.64921875 0.04375 0.0421875
0 0.56328125 0.8328125 0.0375 0.0453125
0 0.159375 0.40078125 0.046875 0.040625
0 0.44453125 0.1171875 0.040625 0.0453125
0 0.65078125 0.13828125 0.0421875 0.04375
0 0.45546875 0.83125 0.040625 0.0484375
0 0.234375 0.2390625 0.0453125 0.0453125
0 0.2859375 0.18984375 0.04375 0.0453125
0 0.1578125 0.54375 0.0484375 0.0453125
0 0.26328125 0.7359375 0.04375 0.040625
0 0.61796875 0.12734375 0.0421875 0.0453125
0 0.60234375 0.828125 0.0390625 0.0453125
0 0.52734375 0.8375 0.0375 0.046875
0 0.8703125 0.44375 0.04375 0.0421875
0 0.1796875 0.3328125 0.05 0.0421875
0 0.84296875 0.62265625 0.0484375 0.046875
0 0.68203125 0.15703125 0.0421875 0.0484375
0 0.19375 0.2953125 0.04375 0.0453125
0 0.86640625 0.51484375 0.0484375 0.040625
0 0.73125 0.7640625 0.0421875 0.046875
0 0.740625 0.1921875 0.0421875 0.046875
0 0.871875 0.4796875 0.046875 0.0453125
0 0.31484375 0.16796875 0.040625 0.0453125
0 0.81328125 0.275 0.0453125 0.0390625
0 0.7578125 0.73828125 0.04375 0.0453125
0 0.15546875 0.5078125 0.0453125 0.0453125
0 0.478125 0.11328125 0.0375 0.04375
0 0.809375 0.6875 0.0421875 0.0421875
0 0.2890625 0.76015625 0.0421875 0.04375
0 0.21640625 0.6796875 0.0453125 0.040625
0 0.1703125 0.57890625 0.0453125 0.04375
0 0.26015625 0.2140625 0.0421875 0.0421875
0 0.18125 0.61484375 0.046875 0.0390625
0 0.34453125 0.1546875 0.0421875 0.0453125
0 0.4109375 0.1234375 0.0375 0.0421875
0 0.23671875 0.709375 0.0453125 0.0390625
0 0.3203125 0.78125 0.0453125 0.046875
0 0.8546875 0.37109375 0.0484375 0.04375
0 0.78828125 0.246875 0.0421875 0.040625
0 0.28984375 0.5328125 0.0328125 0.0296875
0 0.21328125 0.26796875 0.046875 0.0375
0 0.8546875 0.5859375 0.046875 0.0390625
0 0.84453125 0.33828125 0.0453125 0.0375
0 0.7015625 0.78359375 0.0421875 0.046875
0 0.8625 0.40703125 0.0453125 0.0453125
0 0.8265625 0.65703125 0.0453125 0.0390625
0 0.76796875 0.21796875 0.0421875 0.0421875
0 0.35078125 0.7984375 0.0421875 0.046875
0 0.37734375 0.134375 0.0375 0.04375
0 0.34140625 0.471875 0.0296875 0.034375
0 0.83046875 0.3046875 0.0453125 0.0421875
0 0.78203125 0.71328125 0.04375 0.04375
0 0.49140625 0.8359375 0.0375 0.04375
0 0.71015625 0.17890625 0.0390625 0.05
0 0.31953125 0.4875 0.03125 0.0359375
0 0.7171875 0.51328125 0.0359375 0.0296875
0 0.31484375 0.60234375 0.0296875 0.034375
0 0.29609375 0.58125 0.03125 0.0296875
0 0.6453125 0.57734375 0.025 0.0234375
0 0.36796875 0.4984375 0.0265625 0.028125
0 0.4453125 0.27421875 0.0328125 0.0296875
0 0.1546875 0.43359375 0.046875 0.0421875
0 0.34453125 0.53125 0.025 0.028125
0 0.33515625 0.6171875 0.03125 0.0375
0 0.72890625 0.54140625 0.034375 0.03125
0 0.321875 0.57109375 0.025 0.028125
0 0.3234375 0.51875 0.03125 0.034375
0 0.31796875 0.54765625 0.0234375 0.0234375
0 0.4109375 0.60625 0.03125 0.03125
0 0.3875 0.6171875 0.03125 0.0359375
0 0.49296875 0.25703125 0.028125 0.025
0 0.70625 0.56484375 0.025 0.025
0 0.28828125 0.55703125 0.03125 0.028125
0 0.71015625 0.61328125 0.0328125 0.034375
0 0.45546875 0.24765625 0.0296875 0.0296875
0 0.37109375 0.46875 0.028125 0.0328125
0 0.62421875 0.4890625 0.028125 0.034375
0 0.5234375 0.2265625 0.034375 0.0375
0 0.67734375 0.4859375 0.0265625 0.03125
0 0.73125 0.56484375 0.03125 0.028125
0 0.34140625 0.50234375 0.028125 0.028125
0 0.39609375 0.4734375 0.03125 0.0375
0 0.56640625 0.246875 0.0328125 0.0296875
0 0.37265625 0.5234375 0.0296875 0.028125
0 0.7234375 0.59296875 0.0328125 0.03125
0 0.5359375 0.29375 0.0328125 0.034375
0 0.44140625 0.29609375 0.0296875 0.0265625
0 0.29765625 0.50546875 0.0328125 0.028125
0 0.4375 0.546875 0.0375 0.0546875
0 0.584375 0.5765625 0.034375 0.03125
0 0.55546875 0.32109375 0.025 0.0234375
0 0.61796875 0.52734375 0.028125 0.0265625
0 0.44765625 0.32421875 0.0328125 0.03125
0 0.4984375 0.2265625 0.03125 0.0375
0 0.59375 0.60234375 0.0296875 0.028125
0 0.5046875 0.37109375 0.0296875 0.03125
0 0.671875 0.60390625 0.0265625 0.025
0 0.6484375 0.54375 0.034375 0.0390625
0 0.61171875 0.6203125 0.0296875 0.028125
0 0.7015625 0.49609375 0.0328125 0.0265625
0 0.3609375 0.62421875 0.0265625 0.03125
0 0.41640625 0.49140625 0.0328125 0.0328125
0 0.5796875 0.55078125 0.0328125 0.0328125
0 0.3578125 0.56953125 0.0234375 0.0265625
0 0.33984375 0.55546875 0.0234375 0.0265625
0 0.53359375 0.36953125 0.0265625 0.0328125
0 0.60390625 0.50234375 0.0328125 0.028125
0 0.58203125 0.31953125 0.03125 0.025
0 0.3390625 0.58671875 0.0265625 0.03125
0 0.58828125 0.52734375 0.034375 0.0296875
0 0.68984375 0.51640625 0.021875 0.025
0 0.64921875 0.63046875 0.0546875 0.0515625
0 0.57109375 0.29453125 0.0375 0.028125
0 0.62421875 0.59453125 0.0265625 0.0296875
0 0.58125 0.26953125 0.0296875 0.028125
0 0.653125 0.48359375 0.028125 0.0328125
0 0.5296875 0.315625 0.025 0.0265625
0 0.53828125 0.25546875 0.0265625 0.025
0 0.47265625 0.27265625 0.0265625 0.025
0 0.66875 0.5765625 0.025 0.025
0 0.70234375 0.54140625 0.025 0.0265625
0 0.3875 0.58984375 0.028125 0.0296875
0 0.65 0.60703125 0.0265625 0.028125
0 0.40703125 0.571875 0.028125 0.03125
0 0.47265625 0.234375 0.028125 0.0265625
0 0.3640625 0.59765625 0.028125 0.0296875