0 0.86015625 0.553125 0.0484375 0.040625
0 0.58359375 0.1171875 0.0390625 0.046875
0 0.5140625 0.1109375 0.0359375 0.0453125
0 0.42109375 0.82734375 0.0421875 0.0484375
0 0.55078125 0.1140625 0.0359375 0.0453125
0 0.45546875 0.83203125 0.040625 0.0484375
0 0.15390625 0.50859375 0.0453125 0.04375
0 0.66796875 0.8 0.040625 0.046875
0 0.8125 0.27578125 0.0453125 0.0390625
0 0.16796875 0.36328125 0.05 0.0390625
0 0.15234375 0.4703125 0.046875 0.0453125
0 0.29453125 0.58125 0.0296875 0.0296875
0 0.56328125 0.8328125 0.0359375 0.0453125
0 0.2859375 0.1890625 0.0453125 0.04375
0 0.6328125 0.8171875 0.040625 0.046875
0 0.19453125 0.64921875 0.0453125 0.0421875
0 0.87109375 0.44375 0.0453125 0.040625
0 0.68203125 0.15625 0.04375 0.0484375
0 0.7578125 0.73828125 0.0453125 0.04375
0 0.76640625 0.2203125 0.04375 0.040625
0 0.159375 0.40078125 0.046875 0.040625
0 0.84375 0.621875 0.0453125 0.0453125
0 0.32109375 0.78046875 0.0453125 0.046875
0 0.19609375 0.29765625 0.0453125 0.0390625
0 0.215625 0.6796875 0.04375 0.0390625
0 0.159375 0.54375 0.046875 0.04375
0 0.16953125 0.57890625 0.0453125 0.0421875
0 0.26328125 0.7359375 0.04375 0.040625
0 0.80703125 0.68359375 0.0453125 0.0390625
0 0.60234375 0.828125 0.0390625 0.0453125
0 0.73046875 0.7640625 0.04375 0.0453125
0 0.44375 0.11640625 0.0390625 0.0421875
0 0.38046875 0.81484375 0.040625 0.0484375
0 0.234375 0.23828125 0.0453125 0.0421875
0 0.61796875 0.1265625 0.0390625 0.04375
0 0.17890625 0.33125 0.046875 0.0375
0 0.31484375 0.16796875 0.0390625 0.040625
0 0.34140625 0.471875 0.0296875 0.034375
0 0.70546875 0.565625 0.025 0.0265625
0 0.4109375 0.12421875 0.0390625 0.04375
0 0.4453125 0.32421875 0.0296875 0.0296875
0 0.18046875 0.61484375 0.046875 0.0390625
0 0.23671875 0.709375 0.0453125 0.040625
0 0.49140625 0.8375 0.0390625 0.0453125
0 0.65078125 0.13828125 0.0421875 0.04375
0 0.82578125 0.65625 0.046875 0.0390625
0 0.34453125 0.15390625 0.040625 0.04375
0 0.871875 0.47890625 0.0484375 0.04375
0 0.7390625 0.19296875 0.040625 0.040625
0 0.47734375 0.1125 0.0375 0.04375
0 0.57890625 0.5515625 0.03125 0.0296875
0 0.8625 0.40703125 0.04375 0.04375
0 0.61875 0.528125 0.028125 0.0265625
0 0.28828125 0.759375 0.040625 0.04375
0 0.3765625 0.134375 0.0359375 0.04375
0 0.1546875 0.43515625 0.046875 0.04375
0 0.528125 0.8375 0.0359375 0.0453125
0 0.84296875 0.33828125 0.0453125 0.0375
0 0.86640625 0.51484375 0.0484375 0.0390625
0 0.71796875 0.5140625 0.0359375 0.028125
0 0.78828125 0.246875 0.04375 0.0390625
0 0.78046875 0.7125 0.04375 0.04375
0 0.2875 0.55625 0.0296875 0.028125
0 0.50390625 0.36953125 0.0265625 0.0328125
0 0.26015625 0.2140625 0.0421875 0.0390625
0 0.36640625 0.4984375 0.0265625 0.028125
0 0.8546875 0.371875 0.046875 0.0421875
0 0.8546875 0.5859375 0.0484375 0.0390625
0 0.5328125 0.36953125 0.028125 0.0328125
0 0.21328125 0.26796875 0.0453125 0.0359375
0 0.73203125 0.56484375 0.0296875 0.028125
0 0.48046875 0.359375 0.028125 0.0328125
0 0.5890625 0.52734375 0.0328125 0.028125
0 0.44453125 0.27421875 0.03125 0.0265625
0 0.28984375 0.5328125 0.03125 0.028125
0 0.45625 0.24921875 0.03125 0.0296875
0 0.70078125 0.78203125 0.040625 0.0453125
0 0.58203125 0.5765625 0.03125 0.028125
0 0.83046875 0.30390625 0.0453125 0.0390625
0 0.728125 0.540625 0.0328125 0.03125
0 0.3171875 0.5484375 0.028125 0.028125
0 0.5953125 0.60390625 0.0296875 0.03125
0 0.3703125 0.521875 0.028125 0.025
0 0.340625 0.50234375 0.0265625 0.028125
0 0.41015625 0.60625 0.0296875 0.03125
0 0.35078125 0.7984375 0.0421875 0.0453125
0 0.4984375 0.225 0.03125 0.034375
0 0.4578125 0.3421875 0.028125 0.0296875
0 0.3703125 0.4671875 0.028125 0.0328125
0 0.31484375 0.603125 0.0296875 0.0328125
0 0.3953125 0.475 0.03125 0.0390625
0 0.62265625 0.48984375 0.03125 0.0359375
0 0.32265625 0.57109375 0.028125 0.028125
0 0.51484375 0.33984375 0.0234375 0.028125
0 0.7234375 0.5921875 0.03125 0.03125
0 0.3875 0.61796875 0.0296875 0.03125
0 0.52421875 0.22578125 0.03125 0.0375
0 0.68046875 0.55546875 0.0234375 0.028125
0 0.4734375 0.32265625 0.0265625 0.028125
0 0.709375 0.1796875 0.040625 0.0484375
0 0.70234375 0.54140625 0.0234375 0.0265625
0 0.38984375 0.50390625 0.0265625 0.0265625
0 0.3609375 0.62578125 0.025 0.03125
0 0.60390625 0.50234375 0.03125 0.028125
0 0.334375 0.6171875 0.03125 0.0359375
0 0.32265625 0.51875 0.0296875 0.028125
0 0.65234375 0.484375 0.03125 0.03125
0 0.29765625 0.5046875 0.03125 0.028125
0 0.646875 0.53828125 0.0234375 0.0234375
0 0.31875 0.48828125 0.0296875 0.034375
0 0.3578125 0.56953125 0.028125 0.0265625
0 0.58125 0.32109375 0.03125 0.0296875
0 0.6484375 0.60546875 0.025 0.028125
0 0.609375 0.55078125 0.0265625 0.025
0 0.34375 0.53203125 0.0234375 0.028125
0 0.49140625 0.33671875 0.0296875 0.0265625
0 0.6328125 0.55859375 0.0265625 0.0328125
0 0.33984375 0.553125 0.0234375 0.0265625
0 0.71171875 0.6140625 0.03125 0.03125
0 0.43984375 0.296875 0.0265625 0.025
0 0.6625 0.6328125 0.028125 0.0359375
0 0.53828125 0.25546875 0.028125 0.025
0 0.6890625 0.5203125 0.025 0.028125
0 0.4765625 0.271875 0.03125 0.0265625
0 0.49375 0.25625 0.0234375 0.025
0 0.465625 0.29609375 0.025 0.0234375
0 0.503125 0.31015625 0.0296875 0.040625
0 0.5546875 0.27421875 0.0296875 0.025
0 0.671875 0.6046875 0.0234375 0.0265625
0 0.61328125 0.61953125 0.0296875 0.03125
0 0.55625 0.32109375 0.028125 0.028125
0 0.540625 0.29453125 0.025 0.025
0 0.6640625 0.509375 0.0265625 0.0234375
0 0.540625 0.33671875 0.0265625 0.028125
0 0.70234375 0.496875 0.03125 0.03125
0 0.47890625 0.2359375 0.0328125 0.0328125
0 0.6765625 0.48671875 0.028125 0.0328125
0 0.6671875 0.53984375 0.025 0.0296875
0 0.69140625 0.62421875 0.028125 0.03125
0 0.640625 0.5109375 0.0265625 0.021875
0 0.3609375 0.59921875 0.025 0.028125
0 0.64765625 0.57578125 0.0265625 0.03125
0 0.5296875 0.315625 0.028125 0.0265625
0 0.6375 0.63046875 0.0265625 0.0328125
0 0.43828125 0.5375 0.034375 0.03125
0 0.5671875 0.24609375 0.03125 0.0296875
0 0.5125 0.25390625 0.025 0.025
0 0.69609375 0.590625 0.025 0.028125
0 0.625 0.59453125 0.025 0.028125
0 0.4046875 0.5703125 0.0234375 0.028125
0 0.33828125 0.5859375 0.0265625 0.0328125
0 0.56328125 0.29609375 0.0265625 0.0234375
0 0.61796875 0.57890625 0.0234375 0.028125
0 0.65859375 0.5609375 0.028125 0.034375
0 0.43828125 0.56171875 0.0328125 0.03125
0 0.38828125 0.590625 0.0265625 0.0265625
0 0.67109375 0.5765625 0.0234375 0.0265625
0 0.40625 0.5203125 0.025 0.0265625
0 0.43125 0.584375 0.0265625 0.028125
0 0.38359375 0.56171875 0.0234375 0.028125
0 0.55703125 0.35703125 0.0265625 0.0296875
0 0.58203125 0.26953125 0.0296875 0.028125