0 0.86015625 0.553125 0.0484375 0.0390625
0 0.5140625 0.1125 0.0359375 0.046875
0 0.42109375 0.82734375 0.0421875 0.0484375
0 0.5828125 0.11796875 0.0390625 0.046875
0 0.15234375 0.4703125 0.046875 0.046875
0 0.16796875 0.36328125 0.05 0.0375
0 0.56328125 0.8328125 0.0390625 0.0453125
0 0.384375 0.8171875 0.0453125 0.046875
0 0.31484375 0.16796875 0.0390625 0.0421875
0 0.55078125 0.1140625 0.0359375 0.0453125
0 0.4546875 0.83203125 0.040625 0.0484375
0 0.23515625 0.2390625 0.0453125 0.0421875
0 0.65078125 0.1390625 0.0421875 0.04375
0 0.6328125 0.8171875 0.040625 0.046875
0 0.16015625 0.546875 0.046875 0.0453125
0 0.1546875 0.50859375 0.0453125 0.0453125
0 0.8703125 0.44375 0.0453125 0.0421875
0 0.19453125 0.64921875 0.04375 0.0421875
0 0.66796875 0.8 0.0421875 0.046875
0 0.58125 0.5765625 0.0296875 0.0296875
0 0.871875 0.4796875 0.046875 0.0453125
0 0.44375 0.11640625 0.0390625 0.04375
0 0.19609375 0.29765625 0.0453125 0.040625
0 0.68203125 0.15703125 0.0421875 0.0484375
0 0.70546875 0.56484375 0.0265625 0.0265625
0 0.47734375 0.11328125 0.0375 0.0453125
0 0.2859375 0.18984375 0.0453125 0.0453125
0 0.528125 0.8375 0.0375 0.046875
0 0.32109375 0.78046875 0.0453125 0.046875
0 0.84453125 0.621875 0.0453125 0.04375
0 0.6015625 0.82890625 0.0375 0.0453125
0 0.16953125 0.57890625 0.0453125 0.04375
0 0.159375 0.40078125 0.046875 0.040625
0 0.76796875 0.21953125 0.04375 0.040625
0 0.18125 0.615625 0.046875 0.0390625
0 0.73828125 0.1921875 0.0421875 0.040625
0 0.50390625 0.3703125 0.028125 0.0359375
0 0.215625 0.6796875 0.0453125 0.040625
0 0.61796875 0.528125 0.0265625 0.0265625
0 0.2625 0.734375 0.0421875 0.04375
0 0.8671875 0.515625 0.05 0.0421875
0 0.81171875 0.275 0.04375 0.040625
0 0.8265625 0.6578125 0.046875 0.040625
0 0.2953125 0.58046875 0.03125 0.028125
0 0.7578125 0.73828125 0.0453125 0.04375
0 0.23671875 0.709375 0.0453125 0.040625
0 0.61796875 0.12734375 0.0421875 0.0453125
0 0.71875 0.5140625 0.0359375 0.028125
0 0.37734375 0.1375 0.0390625 0.0453125
0 0.53359375 0.36953125 0.0265625 0.0359375
0 0.2125 0.26796875 0.0453125 0.0375
0 0.34140625 0.471875 0.0296875 0.034375
0 0.7890625 0.24375 0.0421875 0.0390625
0 0.2890625 0.76015625 0.04375 0.0453125
0 0.86171875 0.40703125 0.0453125 0.0453125
0 0.1796875 0.33203125 0.05 0.040625
0 0.578125 0.5515625 0.03125 0.03125
0 0.8546875 0.58671875 0.0484375 0.0390625
0 0.596875 0.60390625 0.034375 0.0296875
0 0.26015625 0.2140625 0.04375 0.040625
0 0.72421875 0.59296875 0.034375 0.03125
0 0.8078125 0.68671875 0.04375 0.0421875
0 0.49140625 0.83671875 0.0375 0.0453125
0 0.73046875 0.7640625 0.04375 0.0484375
0 0.4109375 0.12421875 0.0390625 0.04375
0 0.28828125 0.55625 0.03125 0.03125
0 0.37109375 0.52109375 0.028125 0.0265625
0 0.3671875 0.4984375 0.0265625 0.028125
0 0.34375 0.15390625 0.040625 0.0453125
0 0.1546875 0.43359375 0.046875 0.04375
0 0.33984375 0.55390625 0.025 0.028125
0 0.84375 0.33828125 0.0453125 0.0375
0 0.3875 0.61796875 0.0296875 0.034375
0 0.3140625 0.603125 0.03125 0.0328125
0 0.32265625 0.57109375 0.0265625 0.0265625
0 0.78125 0.71328125 0.0453125 0.04375
0 0.49765625 0.225 0.0328125 0.034375
0 0.44609375 0.325 0.028125 0.0296875
0 0.60859375 0.54921875 0.0265625 0.0265625
0 0.5421875 0.29453125 0.0234375 0.0234375
0 0.8546875 0.37109375 0.0484375 0.04375
0 0.334375 0.6171875 0.03125 0.0359375
0 0.31796875 0.546875 0.025 0.0265625
0 0.603125 0.50234375 0.03125 0.028125
0 0.48046875 0.36015625 0.0265625 0.03125
0 0.70234375 0.7828125 0.0421875 0.0453125
0 0.340625 0.5015625 0.028125 0.028125
0 0.4453125 0.275 0.03125 0.028125
0 0.646875 0.5390625 0.025 0.025
0 0.73203125 0.56484375 0.03125 0.028125
0 0.41015625 0.60625 0.03125 0.03125
0 0.6515625 0.48515625 0.0296875 0.0328125
0 0.37109375 0.46796875 0.0296875 0.0328125
0 0.34453125 0.53046875 0.0234375 0.025
0 0.83125 0.30390625 0.046875 0.0390625
0 0.3609375 0.62578125 0.025 0.034375
0 0.7125 0.1734375 0.0390625 0.0421875
0 0.28984375 0.5328125 0.03125 0.028125
0 0.490625 0.25546875 0.0234375 0.0234375
0 0.72890625 0.540625 0.0328125 0.03125
0 0.62265625 0.4890625 0.03125 0.0328125
0 0.3578125 0.56953125 0.025 0.0265625
0 0.31875 0.4875 0.0296875 0.0359375
0 0.70234375 0.496875 0.0328125 0.03125
0 0.6765625 0.48671875 0.028125 0.0328125
0 0.5390625 0.25546875 0.0265625 0.025
0 0.64609375 0.57734375 0.0265625 0.0234375
0 0.4734375 0.321875 0.028125 0.025
0 0.5125 0.25390625 0.0265625 0.0265625
0 0.63359375 0.5578125 0.0265625 0.03125
0 0.58828125 0.52734375 0.0328125 0.0265625
0 0.440625 0.29765625 0.028125 0.0265625
0 0.71015625 0.61328125 0.03125 0.03125
0 0.6796875 0.55546875 0.0234375 0.028125
0 0.67265625 0.6046875 0.0234375 0.0265625
0 0.6125 0.62109375 0.03125 0.03125
0 0.64921875 0.6046875 0.025 0.0265625
0 0.5671875 0.24609375 0.0328125 0.03125
0 0.5640625 0.2953125 0.0265625 0.0234375
0 0.68984375 0.5203125 0.025 0.028125
0 0.35 0.7984375 0.0421875 0.0484375
0 0.640625 0.5109375 0.025 0.025
0 0.55546875 0.32109375 0.0265625 0.0234375
0 0.38984375 0.50390625 0.025 0.028125
0 0.32265625 0.51875 0.0296875 0.028125
0 0.3390625 0.5875 0.0265625 0.03125
0 0.39609375 0.475 0.03125 0.0390625
0 0.49375 0.33671875 0.028125 0.025
0 0.459375 0.34296875 0.03125 0.03125
0 0.52890625 0.3171875 0.028125 0.025
0 0.51328125 0.303125 0.028125 0.0390625
0 0.6640625 0.51015625 0.028125 0.0234375
0 0.5234375 0.225 0.03125 0.034375
0 0.6640625 0.6359375 0.028125 0.0390625
0 0.515625 0.340625 0.025 0.025
0 0.4546875 0.2484375 0.0296875 0.0296875
0 0.46484375 0.29609375 0.025 0.0234375
0 0.625 0.59453125 0.025 0.0265625
0 0.29765625 0.5046875 0.0328125 0.028125
0 0.4921875 0.29765625 0.0234375 0.025
0 0.6109375 0.575 0.0234375 0.0265625
0 0.38359375 0.5625 0.0234375 0.025
0 0.6671875 0.53671875 0.0234375 0.0234375
0 0.66953125 0.57578125 0.0265625 0.0265625
0 0.5828125 0.31953125 0.03125 0.0296875
0 0.41640625 0.4921875 0.0328125 0.034375
0 0.703125 0.540625 0.0234375 0.0265625
0 0.4390625 0.5421875 0.034375 0.04375
0 0.6390625 0.63046875 0.028125 0.0328125
0 0.40546875 0.57109375 0.0234375 0.0265625
0 0.55390625 0.27265625 0.028125 0.0234375
0 0.47265625 0.23515625 0.028125 0.028125
0 0.69140625 0.625 0.03125 0.0328125
0 0.540625 0.33671875 0.0265625 0.0265625
0 0.55703125 0.35703125 0.0265625 0.025
0 0.47578125 0.27265625 0.028125 0.0234375
0 0.43046875 0.5890625 0.0296875 0.0296875
0 0.65703125 0.5546875 0.0328125 0.034375
0 0.50234375 0.2765625 0.025 0.021875
0 0.38828125 0.5375 0.0234375 0.0296875
0 0.36484375 0.54765625 0.0234375 0.0234375
0 0.3640625 0.5984375 0.0265625 0.028125
0 0.3875 0.590625 0.0265625 0.028125
0 0.40703125 0.5203125 0.0234375 0.0265625
0 0.5828125 0.2703125 0.034375 0.0265625
0 0.69609375 0.590625 0.0234375 0.028125
0 0.571875 0.3359375 0.0328125 0.0375
0 0.41328125 0.5484375 0.025 0.028125