0 0.58359375 0.11796875 0.0390625 0.046875
0 0.86015625 0.553125 0.05 0.0390625
0 0.55078125 0.1140625 0.0375 0.0453125
0 0.51328125 0.11171875 0.0359375 0.0453125
0 0.16796875 0.36328125 0.0484375 0.0375
0 0.384375 0.8171875 0.04375 0.0484375
0 0.56484375 0.83359375 0.0390625 0.046875
0 0.29453125 0.58125 0.028125 0.0296875
0 0.19453125 0.64921875 0.0453125 0.0421875
0 0.45546875 0.8328125 0.040625 0.0484375
0 0.153125 0.47109375 0.0484375 0.0421875
0 0.58125 0.5765625 0.0296875 0.0296875
0 0.47734375 0.1125 0.0375 0.04375
0 0.215625 0.6796875 0.0453125 0.040625
0 0.8125 0.2765625 0.0453125 0.0375
0 0.32109375 0.78046875 0.0453125 0.046875
0 0.42109375 0.828125 0.0421875 0.0484375
0 0.52734375 0.8375 0.0375 0.046875
0 0.6015625 0.82890625 0.0390625 0.046875
0 0.1546875 0.50859375 0.046875 0.04375
0 0.80859375 0.68671875 0.04375 0.0421875
0 0.66796875 0.80078125 0.0421875 0.046875
0 0.4109375 0.12421875 0.0390625 0.04375
0 0.16796875 0.578125 0.046875 0.0421875
0 0.75859375 0.73828125 0.04375 0.0421875
0 0.17890625 0.615625 0.046875 0.0390625
0 0.44296875 0.11640625 0.0375 0.0421875
0 0.76640625 0.2203125 0.040625 0.040625
0 0.871875 0.48203125 0.046875 0.0421875
0 0.8703125 0.44453125 0.046875 0.0421875
0 0.26015625 0.21328125 0.04375 0.0390625
0 0.28515625 0.18828125 0.0421875 0.040625
0 0.3765625 0.134375 0.0375 0.04375
0 0.196875 0.2984375 0.046875 0.0390625
0 0.84453125 0.621875 0.0453125 0.0453125
0 0.15859375 0.54375 0.0484375 0.04375
0 0.6328125 0.8171875 0.0421875 0.046875
0 0.70546875 0.565625 0.0265625 0.0265625
0 0.31484375 0.16796875 0.040625 0.040625
0 0.58984375 0.52890625 0.034375 0.028125
0 0.44609375 0.32421875 0.0296875 0.0296875
0 0.8671875 0.51484375 0.0484375 0.0390625
0 0.23359375 0.23828125 0.04375 0.040625
0 0.68203125 0.15703125 0.0421875 0.046875
0 0.61796875 0.128125 0.040625 0.0453125
0 0.71875 0.5140625 0.034375 0.028125
0 0.159375 0.40078125 0.0484375 0.0390625
0 0.34140625 0.471875 0.0296875 0.0359375
0 0.73046875 0.7640625 0.04375 0.0453125
0 0.50390625 0.36953125 0.0265625 0.0328125
0 0.34296875 0.153125 0.040625 0.04375
0 0.49140625 0.8359375 0.0375 0.04375
0 0.78828125 0.24453125 0.04375 0.0359375
0 0.86171875 0.40703125 0.04375 0.04375
0 0.2359375 0.709375 0.0453125 0.040625
0 0.49765625 0.22578125 0.03125 0.034375
0 0.340625 0.503125 0.0265625 0.028125
0 0.84296875 0.33828125 0.0453125 0.0375
0 0.2625 0.7359375 0.0453125 0.0390625
0 0.7015625 0.7828125 0.040625 0.04375
0 0.65078125 0.1390625 0.040625 0.0453125
0 0.78125 0.71328125 0.0453125 0.04375
0 0.28828125 0.7609375 0.04375 0.040625
0 0.61875 0.528125 0.0265625 0.025
0 0.73203125 0.56484375 0.0296875 0.0265625
0 0.57890625 0.5515625 0.0296875 0.028125
0 0.36640625 0.4984375 0.0265625 0.028125
0 0.5328125 0.36953125 0.025 0.0328125
0 0.6515625 0.48515625 0.0296875 0.0328125
0 0.8546875 0.5859375 0.0484375 0.0390625
0 0.1796875 0.33125 0.05 0.0390625
0 0.5421875 0.29375 0.0234375 0.025
0 0.55546875 0.3203125 0.0234375 0.0234375
0 0.321875 0.5703125 0.025 0.0265625
0 0.8546875 0.371875 0.0484375 0.0421875
0 0.33515625 0.6171875 0.03125 0.0375
0 0.72890625 0.54140625 0.0328125 0.0296875
0 0.8265625 0.65703125 0.0453125 0.0390625
0 0.3609375 0.625 0.0234375 0.0328125
0 0.62265625 0.4890625 0.0296875 0.0328125
0 0.21328125 0.26796875 0.0453125 0.0359375
0 0.1546875 0.43515625 0.046875 0.0421875
0 0.2875 0.55703125 0.03125 0.028125
0 0.3140625 0.603125 0.0296875 0.034375
0 0.603125 0.503125 0.0328125 0.028125
0 0.73828125 0.19375 0.0421875 0.040625
0 0.51484375 0.34140625 0.0234375 0.025
0 0.53125 0.31796875 0.0265625 0.0234375
0 0.83125 0.3046875 0.046875 0.0390625
0 0.31796875 0.54765625 0.025 0.028125
0 0.7234375 0.5921875 0.03125 0.0296875
0 0.36953125 0.521875 0.028125 0.025
0 0.4453125 0.27421875 0.03125 0.028125
0 0.33984375 0.5546875 0.0234375 0.0265625
0 0.409375 0.60625 0.028125 0.0296875
0 0.43984375 0.296875 0.0265625 0.0265625
0 0.5234375 0.225 0.03125 0.0359375
0 0.296875 0.50546875 0.0328125 0.028125
0 0.28984375 0.5328125 0.03125 0.028125
0 0.6328125 0.55859375 0.025 0.03125
0 0.3875 0.61796875 0.028125 0.03125
0 0.6890625 0.5203125 0.0265625 0.028125
0 0.46015625 0.34375 0.0296875 0.03125
0 0.37109375 0.46875 0.0265625 0.0328125
0 0.5828125 0.31875 0.0296875 0.025
0 0.6484375 0.60546875 0.025 0.028125
0 0.6734375 0.6046875 0.0234375 0.0265625
0 0.35 0.8015625 0.0421875 0.0453125
0 0.34375 0.53125 0.0234375 0.0265625
0 0.48046875 0.359375 0.0265625 0.03125
0 0.64765625 0.53984375 0.0234375 0.0265625
0 0.3953125 0.47578125 0.03125 0.0390625
0 0.45546875 0.24921875 0.0296875 0.0296875
0 0.70234375 0.54140625 0.0234375 0.0265625
0 0.49453125 0.3359375 0.028125 0.028125
0 0.32265625 0.51796875 0.028125 0.028125
0 0.5640625 0.29609375 0.0234375 0.0234375
0 0.6796875 0.55546875 0.0234375 0.0296875
0 0.31875 0.48828125 0.0296875 0.034375
0 0.4921875 0.25625 0.0234375 0.025
0 0.5953125 0.603125 0.028125 0.028125
0 0.70859375 0.1796875 0.040625 0.046875
0 0.6765625 0.48671875 0.028125 0.0328125
0 0.540625 0.3375 0.0265625 0.025
0 0.61171875 0.5734375 0.025 0.025
0 0.4390625 0.5375 0.0328125 0.0328125
0 0.53828125 0.25703125 0.028125 0.0265625
0 0.64609375 0.575 0.0265625 0.0296875
0 0.35703125 0.56953125 0.025 0.025
0 0.40703125 0.571875 0.021875 0.028125
0 0.47265625 0.32265625 0.025 0.0265625
0 0.640625 0.5109375 0.025 0.0234375
0 0.6640625 0.63671875 0.028125 0.0390625
0 0.6140625 0.61953125 0.028125 0.03125
0 0.43125 0.5890625 0.0265625 0.03125
0 0.5546875 0.2734375 0.0265625 0.021875
0 0.51328125 0.25390625 0.025 0.0265625
0 0.3390625 0.58671875 0.0265625 0.03125
0 0.55546875 0.35625 0.0265625 0.028125
0 0.46484375 0.296875 0.0234375 0.0234375
0 0.6390625 0.63671875 0.028125 0.0375
0 0.7109375 0.61328125 0.03125 0.03125
0 0.565625 0.25078125 0.03125 0.0296875
0 0.4734375 0.23515625 0.0296875 0.028125
0 0.59140625 0.29296875 0.028125 0.028125
0 0.61015625 0.5515625 0.0265625 0.0234375
0 0.69609375 0.59140625 0.025 0.028125
0 0.4921875 0.29921875 0.0234375 0.0265625
0 0.50546875 0.3125 0.028125 0.0359375
0 0.70234375 0.496875 0.03125 0.03125
0 0.36484375 0.5984375 0.0265625 0.028125
0 0.4765625 0.27265625 0.0265625 0.0265625
0 0.40703125 0.5203125 0.025 0.028125
0 0.43828125 0.56171875 0.03125 0.028125
0 0.3890625 0.5046875 0.025 0.028125
0 0.571875 0.340625 0.028125 0.028125
0 0.62578125 0.5953125 0.0234375 0.0265625
0 0.69140625 0.62578125 0.03125 0.03125
0 0.6640625 0.509375 0.025 0.025
0 0.528125 0.275 0.0234375 0.0234375
0 0.6703125 0.57578125 0.025 0.028125
0 0.503125 0.2765625 0.0265625 0.0265625
0 0.5828125 0.26953125 0.03125 0.028125
0 0.65859375 0.55625 0.034375 0.04375
0 0.38828125 0.5375 0.025 0.0296875
0 0.3875 0.590625 0.025 0.0265625
0 0.38515625 0.56328125 0.0234375 0.0265625
0 0.365625 0.5484375 0.0234375 0.025
0 0.41015625 0.54765625 0.0234375 0.025
0 0.6671875 0.53828125 0.025 0.0234375
0 0.4140625 0.4921875 0.0328125 0.034375