0 0.6328125 0.81796875 0.040625 0.0484375
0 0.51328125 0.1125 0.0359375 0.0453125
0 0.55 0.1140625 0.0359375 0.0453125
0 0.16796875 0.3625 0.05 0.040625
0 0.5828125 0.1171875 0.0390625 0.046875
0 0.8609375 0.55390625 0.0484375 0.0390625
0 0.15390625 0.47109375 0.046875 0.04375
0 0.68203125 0.15703125 0.0421875 0.05
0 0.384375 0.8171875 0.0421875 0.0484375
0 0.5625 0.8328125 0.0375 0.046875
0 0.1953125 0.65 0.0453125 0.0421875
0 0.6015625 0.82890625 0.0390625 0.0453125
0 0.6671875 0.79921875 0.0390625 0.046875
0 0.4546875 0.83203125 0.0390625 0.05
0 0.52734375 0.83828125 0.0375 0.0484375
0 0.42109375 0.828125 0.0421875 0.0484375
0 0.61796875 0.12734375 0.04375 0.0453125
0 0.44453125 0.11640625 0.040625 0.04375
0 0.84296875 0.621875 0.0484375 0.0453125
0 0.159375 0.40078125 0.0484375 0.040625
0 0.8703125 0.44375 0.0453125 0.0421875
0 0.871875 0.4796875 0.0484375 0.0453125
0 0.31484375 0.1671875 0.0390625 0.040625
0 0.3203125 0.7796875 0.0453125 0.04375
0 0.2625 0.73515625 0.04375 0.0421875
0 0.21484375 0.67890625 0.0421875 0.040625
0 0.23671875 0.70859375 0.0453125 0.040625
0 0.8703125 0.5171875 0.0484375 0.0421875
0 0.1546875 0.5078125 0.046875 0.0453125
0 0.16015625 0.54609375 0.046875 0.0453125
0 0.26015625 0.2140625 0.0421875 0.0421875
0 0.73125 0.7640625 0.0421875 0.04375
0 0.80859375 0.68671875 0.04375 0.0421875
0 0.65078125 0.1390625 0.0421875 0.0453125
0 0.28515625 0.1890625 0.04375 0.0453125
0 0.8125 0.27578125 0.0453125 0.0375
0 0.19296875 0.2953125 0.0453125 0.040625
0 0.234375 0.2390625 0.04375 0.0421875
0 0.16796875 0.578125 0.046875 0.04375
0 0.7890625 0.24375 0.04375 0.040625
0 0.7390625 0.1921875 0.0421875 0.0421875
0 0.18125 0.61484375 0.046875 0.040625
0 0.1796875 0.33125 0.0484375 0.0375
0 0.28828125 0.75859375 0.04375 0.04375
0 0.478125 0.1125 0.0375 0.0453125
0 0.36640625 0.4984375 0.0265625 0.028125
0 0.8546875 0.371875 0.0484375 0.0421875
0 0.7578125 0.7375 0.0453125 0.04375
0 0.3796875 0.13671875 0.0390625 0.046875
0 0.7671875 0.2171875 0.04375 0.0390625
0 0.8546875 0.58671875 0.0484375 0.040625
0 0.84296875 0.33828125 0.046875 0.0375
0 0.49140625 0.8375 0.0390625 0.046875
0 0.71875 0.51328125 0.0375 0.0296875
0 0.83046875 0.30390625 0.046875 0.0421875
0 0.21328125 0.26875 0.046875 0.0375
0 0.40859375 0.125 0.0390625 0.0390625
0 0.37109375 0.521875 0.028125 0.025
0 0.34375 0.153125 0.040625 0.0421875
0 0.82734375 0.65859375 0.0484375 0.0421875
0 0.86328125 0.40625 0.0453125 0.04375
0 0.7125 0.1734375 0.0390625 0.04375
0 0.67890625 0.55625 0.0265625 0.028125
0 0.703125 0.7828125 0.04375 0.046875
0 0.3703125 0.46875 0.03125 0.03125
0 0.35 0.7984375 0.0421875 0.04375
0 0.44765625 0.32421875 0.03125 0.028125
0 0.5234375 0.2265625 0.0328125 0.0359375
0 0.5890625 0.52734375 0.0328125 0.028125
0 0.44609375 0.275 0.0328125 0.0296875
0 0.72890625 0.540625 0.034375 0.0296875
0 0.70546875 0.56484375 0.0265625 0.0265625
0 0.2953125 0.58125 0.0296875 0.0296875
0 0.3203125 0.4875 0.0328125 0.0375
0 0.15546875 0.43359375 0.046875 0.0453125
0 0.73125 0.56484375 0.03125 0.028125
0 0.55546875 0.3203125 0.025 0.025
0 0.78203125 0.7125 0.04375 0.0421875
0 0.2890625 0.53359375 0.03125 0.028125
0 0.596875 0.60234375 0.0359375 0.03125
0 0.33515625 0.6171875 0.03125 0.0359375
0 0.58046875 0.55078125 0.03125 0.03125
0 0.409375 0.60625 0.0296875 0.03125
0 0.503125 0.36953125 0.028125 0.0359375
0 0.5 0.2265625 0.03125 0.03125
0 0.6171875 0.52734375 0.028125 0.0265625
0 0.31484375 0.60234375 0.0296875 0.0328125
0 0.71015625 0.6140625 0.0328125 0.034375
0 0.5328125 0.3703125 0.028125 0.034375
0 0.340625 0.47109375 0.0265625 0.0296875
0 0.38828125 0.6171875 0.0296875 0.0328125
0 0.58125 0.27109375 0.0296875 0.025
0 0.47734375 0.23515625 0.03125 0.0359375
0 0.28828125 0.55625 0.0296875 0.028125
0 0.3890625 0.50234375 0.0265625 0.0265625
0 0.70078125 0.49609375 0.034375 0.028125
0 0.36171875 0.625 0.028125 0.0328125
0 0.55390625 0.27421875 0.028125 0.0234375
0 0.34453125 0.5296875 0.0234375 0.0265625
0 0.3171875 0.54765625 0.028125 0.0265625
0 0.53984375 0.2546875 0.0265625 0.0234375
0 0.65 0.53671875 0.028125 0.0234375
0 0.32421875 0.571875 0.0328125 0.028125
0 0.5390625 0.296875 0.0265625 0.028125
0 0.56875 0.24609375 0.034375 0.025
0 0.6453125 0.5765625 0.0234375 0.021875
0 0.32265625 0.51953125 0.03125 0.03125
0 0.725 0.5921875 0.03125 0.0296875
0 0.3953125 0.4734375 0.028125 0.0359375
0 0.43828125 0.5375 0.0328125 0.03125
0 0.3578125 0.5703125 0.025 0.0265625
0 0.48046875 0.359375 0.0296875 0.034375
0 0.70078125 0.53984375 0.028125 0.0265625
0 0.4546875 0.2515625 0.0328125 0.028125
0 0.4765625 0.2734375 0.0296875 0.025
0 0.44140625 0.29765625 0.028125 0.025
0 0.5828125 0.575 0.0296875 0.028125
0 0.6046875 0.50234375 0.03125 0.0265625
0 0.29765625 0.50546875 0.034375 0.0296875
0 0.61171875 0.62109375 0.0296875 0.028125
0 0.49140625 0.25625 0.0265625 0.021875
0 0.6765625 0.48515625 0.0265625 0.028125
0 0.67265625 0.6046875 0.0265625 0.028125
0 0.4171875 0.490625 0.0328125 0.0328125
0 0.52890625 0.3171875 0.03125 0.0265625
0 0.6265625 0.5953125 0.025 0.025
0 0.63203125 0.55546875 0.0265625 0.0265625
0 0.51328125 0.30390625 0.03125 0.04375
0 0.5515625 0.22890625 0.028125 0.025
0 0.609375 0.55234375 0.0265625 0.0265625
0 0.65859375 0.63515625 0.0359375 0.040625
0 0.45859375 0.34140625 0.03125 0.0328125
0 0.6640625 0.509375 0.0265625 0.025
0 0.66953125 0.57578125 0.028125 0.0234375
0 0.5625 0.2953125 0.025 0.0234375
0 0.640625 0.51015625 0.028125 0.028125
0 0.51328125 0.2546875 0.0265625 0.025
0 0.6234375 0.4890625 0.0296875 0.0328125
0 0.471875 0.32421875 0.0296875 0.0328125
0 0.59140625 0.290625 0.028125 0.0234375
0 0.40703125 0.51953125 0.0234375 0.0296875
0 0.3390625 0.5015625 0.0265625 0.0265625
0 0.3390625 0.55390625 0.0234375 0.0265625
0 0.49140625 0.29609375 0.025 0.0234375
0 0.65234375 0.484375 0.0296875 0.0296875
0 0.4375 0.5625 0.034375 0.0296875
0 0.58203125 0.31796875 0.03125 0.0234375
0 0.3875 0.58984375 0.0296875 0.028125
0 0.36171875 0.60078125 0.0265625 0.03125
0 0.33828125 0.58671875 0.0265625 0.0328125
0 0.68984375 0.52109375 0.0265625 0.028125
0 0.5015625 0.27421875 0.025 0.021875
0 0.3671875 0.55390625 0.03125 0.0390625