0 0.86171875 0.553125 0.05 0.040625
0 0.58203125 0.11796875 0.040625 0.0453125
0 0.16796875 0.36328125 0.05 0.0390625
0 0.44375 0.11640625 0.0390625 0.0421875
0 0.4546875 0.83203125 0.040625 0.046875
0 0.15390625 0.4703125 0.046875 0.0421875
0 0.42109375 0.828125 0.0421875 0.046875
0 0.55078125 0.11328125 0.0359375 0.04375
0 0.38359375 0.8171875 0.04375 0.046875
0 0.60234375 0.82890625 0.0390625 0.0453125
0 0.56484375 0.83359375 0.0375 0.0453125
0 0.5140625 0.1125 0.0359375 0.04375
0 0.86953125 0.44375 0.0453125 0.040625
0 0.31484375 0.16875 0.040625 0.0453125
0 0.63359375 0.8171875 0.0390625 0.046875
0 0.528125 0.83828125 0.0390625 0.0453125
0 0.2859375 0.1890625 0.0453125 0.0421875
0 0.66796875 0.79921875 0.040625 0.04375
0 0.6171875 0.12734375 0.040625 0.04375
0 0.15859375 0.54375 0.0484375 0.04375
0 0.19453125 0.64921875 0.04375 0.0390625
0 0.47734375 0.1140625 0.0375 0.0453125
0 0.6828125 0.1578125 0.0421875 0.0484375
0 0.18046875 0.615625 0.0453125 0.0390625
0 0.29609375 0.58125 0.03125 0.028125
0 0.790625 0.24375 0.0421875 0.0421875
0 0.75859375 0.7390625 0.04375 0.0421875
0 0.159375 0.4 0.046875 0.0390625
0 0.32109375 0.78046875 0.0453125 0.0453125
0 0.76796875 0.21953125 0.04375 0.040625
0 0.8125 0.27578125 0.046875 0.0359375
0 0.8546875 0.371875 0.046875 0.0421875
0 0.2140625 0.26875 0.0453125 0.0390625
0 0.26015625 0.2140625 0.0453125 0.040625
0 0.1953125 0.29765625 0.046875 0.040625
0 0.2640625 0.734375 0.0453125 0.04375
0 0.65234375 0.1390625 0.04375 0.04375
0 0.8671875 0.515625 0.0484375 0.040625
0 0.871875 0.4796875 0.0484375 0.04375
0 0.84375 0.62265625 0.046875 0.0421875
0 0.86796875 0.40703125 0.0484375 0.0421875
0 0.34375 0.15390625 0.0421875 0.0421875
0 0.16953125 0.58125 0.046875 0.04375
0 0.21640625 0.68046875 0.0453125 0.040625
0 0.28984375 0.76015625 0.04375 0.04375
0 0.8296875 0.3046875 0.046875 0.040625
0 0.18046875 0.33125 0.05 0.0390625
0 0.36640625 0.4984375 0.028125 0.028125
0 0.73125 0.7640625 0.04375 0.0421875
0 0.80859375 0.6859375 0.04375 0.040625
0 0.49140625 0.8375 0.0375 0.0421875
0 0.4109375 0.12421875 0.0375 0.0421875
0 0.1546875 0.5078125 0.0453125 0.04375
0 0.703125 0.78359375 0.04375 0.046875
0 0.8546875 0.58671875 0.0484375 0.0390625
0 0.84375 0.33828125 0.0453125 0.0375
0 0.4796875 0.36015625 0.028125 0.03125
0 0.37734375 0.1375 0.0390625 0.04375
0 0.7390625 0.1921875 0.0421875 0.040625
0 0.5828125 0.5765625 0.0328125 0.0296875
0 0.234375 0.23828125 0.0453125 0.040625
0 0.534375 0.3703125 0.028125 0.03125
0 0.4453125 0.275 0.03125 0.03125
0 0.61796875 0.5296875 0.0265625 0.025
0 0.37109375 0.52109375 0.028125 0.0234375
0 0.28984375 0.5328125 0.03125 0.028125
0 0.35 0.8015625 0.040625 0.04375
0 0.23671875 0.7109375 0.0453125 0.0390625
0 0.70234375 0.54140625 0.0234375 0.0265625
0 0.38828125 0.6171875 0.0296875 0.034375
0 0.63203125 0.55703125 0.025 0.0296875
0 0.70546875 0.565625 0.025 0.0234375
0 0.32265625 0.571875 0.0296875 0.028125
0 0.15546875 0.43671875 0.046875 0.0421875
0 0.5890625 0.528125 0.0328125 0.028125
0 0.5796875 0.55234375 0.03125 0.0296875
0 0.728125 0.540625 0.0328125 0.0296875
0 0.50390625 0.3703125 0.028125 0.034375
0 0.82734375 0.65703125 0.0453125 0.0390625
0 0.32265625 0.51875 0.0296875 0.0296875
0 0.3703125 0.46796875 0.0296875 0.03125
0 0.78046875 0.71328125 0.04375 0.0421875
0 0.33515625 0.615625 0.0296875 0.034375
0 0.6453125 0.578125 0.025 0.021875
0 0.3171875 0.5484375 0.028125 0.0265625
0 0.6890625 0.51875 0.025 0.0265625
0 0.45859375 0.34375 0.0296875 0.0265625
0 0.71015625 0.1796875 0.0421875 0.0484375
0 0.4984375 0.2265625 0.034375 0.034375
0 0.73046875 0.56484375 0.0328125 0.028125
0 0.34140625 0.471875 0.028125 0.0328125
0 0.34453125 0.53046875 0.0234375 0.0265625
0 0.72421875 0.59296875 0.0328125 0.03125
0 0.51171875 0.30546875 0.0390625 0.0453125
0 0.52421875 0.225 0.03125 0.0328125
0 0.31328125 0.60234375 0.03125 0.03125
0 0.6125 0.621875 0.03125 0.0296875
0 0.54140625 0.2953125 0.025 0.0234375
0 0.43828125 0.5375 0.0328125 0.028125
0 0.41015625 0.60703125 0.03125 0.03125
0 0.28828125 0.55703125 0.0296875 0.028125
0 0.31953125 0.4875 0.03125 0.0359375
0 0.446875 0.3234375 0.028125 0.028125
0 0.68046875 0.55625 0.0234375 0.028125
0 0.36171875 0.625 0.028125 0.034375
0 0.34140625 0.553125 0.0234375 0.025
0 0.7015625 0.49609375 0.034375 0.028125
0 0.56640625 0.24609375 0.0328125 0.028125
0 0.3890625 0.503125 0.0265625 0.028125
0 0.71875 0.5140625 0.0375 0.028125
0 0.6234375 0.490625 0.03125 0.0359375
0 0.59921875 0.60234375 0.0375 0.03125
0 0.66875 0.57734375 0.0234375 0.021875
0 0.58203125 0.2703125 0.0328125 0.0265625
0 0.5546875 0.32265625 0.025 0.0234375
0 0.47890625 0.23671875 0.0328125 0.034375
0 0.29765625 0.50390625 0.034375 0.0296875
0 0.603125 0.50234375 0.0328125 0.028125
0 0.6671875 0.5375 0.0234375 0.025
0 0.3390625 0.58671875 0.0265625 0.028125
0 0.49140625 0.25546875 0.0265625 0.021875
0 0.6390625 0.63046875 0.025 0.03125
0 0.66328125 0.6375 0.03125 0.0390625
0 0.67578125 0.4859375 0.0296875 0.034375
0 0.51796875 0.34140625 0.025 0.0234375
0 0.3953125 0.47421875 0.028125 0.0375
0 0.49296875 0.33828125 0.03125 0.021875
0 0.56328125 0.29609375 0.0234375 0.0234375
0 0.709375 0.61171875 0.0328125 0.028125
0 0.6640625 0.509375 0.028125 0.025
0 0.36171875 0.5984375 0.025 0.028125
0 0.60859375 0.55 0.0265625 0.0234375
0 0.5375 0.25625 0.028125 0.025
0 0.3578125 0.5703125 0.0234375 0.021875
0 0.6265625 0.5953125 0.025 0.0265625
0 0.33984375 0.5015625 0.0265625 0.0265625
0 0.553125 0.27421875 0.028125 0.021875
0 0.43125 0.58828125 0.0265625 0.0296875
0 0.45546875 0.2515625 0.03125 0.028125
0 0.4421875 0.296875 0.03125 0.025
0 0.65234375 0.48359375 0.0296875 0.0328125
0 0.58203125 0.3203125 0.0296875 0.021875
0 0.47578125 0.2734375 0.0296875 0.0265625
0 0.67421875 0.6046875 0.025 0.028125
0 0.471875 0.32109375 0.0265625 0.0234375
0 0.409375 0.54765625 0.0265625 0.0265625
0 0.41328125 0.49140625 0.034375 0.034375
0 0.40703125 0.51953125 0.0265625 0.0265625
0 0.57265625 0.33984375 0.03125 0.0265625
0 0.4375 0.5625 0.0328125 0.0296875
0 0.3875 0.5890625 0.028125 0.028125
0 0.6484375 0.53671875 0.025 0.0203125
0 0.65 0.60546875 0.0265625 0.028125
0 0.69140625 0.625 0.0296875 0.0296875
0 0.3671875 0.54765625 0.028125 0.0265625
0 0.696875 0.58984375 0.0234375 0.0265625
0 0.6125 0.571875 0.0234375 0.021875
0 0.65859375 0.55625 0.028125 0.028125
0 0.384375 0.56171875 0.025 0.0234375
0 0.64140625 0.51015625 0.025 0.0265625
0 0.40625 0.571875 0.021875 0.028125
0 0.55546875 0.35625 0.0265625 0.0265625
0 0.50390625 0.27578125 0.03125 0.0234375
0 0.58515625 0.29453125 0.0296875 0.025
0 0.434375 0.509375 0.03125 0.028125
0 0.46484375 0.29765625 0.028125 0.0234375
0 0.55078125 0.2296875 0.0265625 0.025
0 0.53046875 0.31796875 0.028125 0.025
0 0.51796875 0.2546875 0.028125 0.025