0 0.86171875 0.55390625 0.0515625 0.0390625
0 0.5828125 0.1171875 0.0390625 0.0453125
0 0.4203125 0.82734375 0.040625 0.0453125
0 0.384375 0.8171875 0.04375 0.046875
0 0.15859375 0.54375 0.046875 0.0421875
0 0.19453125 0.6484375 0.04375 0.0390625
0 0.1796875 0.615625 0.0453125 0.0359375
0 0.16875 0.36328125 0.0484375 0.0390625
0 0.66796875 0.79921875 0.0421875 0.0453125
0 0.159375 0.4 0.046875 0.0375
0 0.55078125 0.1140625 0.034375 0.0421875
0 0.53046875 0.83828125 0.0375 0.0453125
0 0.26328125 0.73515625 0.046875 0.040625
0 0.6328125 0.8171875 0.040625 0.04375
0 0.15390625 0.47109375 0.046875 0.0421875
0 0.4546875 0.8328125 0.0390625 0.0453125
0 0.565625 0.8328125 0.0359375 0.0453125
0 0.2859375 0.1890625 0.04375 0.04375
0 0.8703125 0.5171875 0.0484375 0.0390625
0 0.87109375 0.47890625 0.046875 0.0421875
0 0.65078125 0.13828125 0.0421875 0.0421875
0 0.259375 0.2140625 0.0421875 0.040625
0 0.44375 0.115625 0.0375 0.040625
0 0.61796875 0.1265625 0.0390625 0.040625
0 0.603125 0.8296875 0.040625 0.04375
0 0.7890625 0.24609375 0.04375 0.0390625
0 0.21640625 0.6796875 0.0484375 0.0390625
0 0.68203125 0.1578125 0.0421875 0.0484375
0 0.84296875 0.62265625 0.0484375 0.04375
0 0.76953125 0.21875 0.04375 0.0390625
0 0.87109375 0.44375 0.0453125 0.0390625
0 0.84375 0.33828125 0.0453125 0.0359375
0 0.49140625 0.8375 0.0375 0.04375
0 0.36640625 0.49765625 0.028125 0.028125
0 0.740625 0.19296875 0.04375 0.0453125
0 0.8125 0.275 0.0453125 0.0359375
0 0.15546875 0.5078125 0.0453125 0.0421875
0 0.1953125 0.29765625 0.0453125 0.0390625
0 0.85390625 0.5859375 0.05 0.0375
0 0.73046875 0.76484375 0.0421875 0.04375
0 0.80859375 0.68671875 0.04375 0.0390625
0 0.5140625 0.11328125 0.0359375 0.0453125
0 0.35 0.7984375 0.040625 0.04375
0 0.31953125 0.7796875 0.04375 0.040625
0 0.34296875 0.15390625 0.0390625 0.0421875
0 0.1703125 0.58125 0.046875 0.0421875
0 0.759375 0.7390625 0.04375 0.04375
0 0.2890625 0.76015625 0.040625 0.040625
0 0.31484375 0.1671875 0.0390625 0.040625
0 0.78125 0.7125 0.04375 0.040625
0 0.48046875 0.36015625 0.0296875 0.03125
0 0.8625 0.40703125 0.04375 0.040625
0 0.32265625 0.57265625 0.0296875 0.0265625
0 0.1796875 0.33125 0.0484375 0.0359375
0 0.36953125 0.46796875 0.03125 0.0296875
0 0.40859375 0.125 0.0390625 0.0390625
0 0.478125 0.1125 0.0375 0.0421875
0 0.6125 0.621875 0.03125 0.0265625
0 0.215625 0.26796875 0.0453125 0.0375
0 0.23515625 0.2390625 0.0453125 0.040625
0 0.29453125 0.58203125 0.0296875 0.028125
0 0.33515625 0.61640625 0.0296875 0.0359375
0 0.703125 0.78359375 0.0421875 0.04375
0 0.73125 0.565625 0.0328125 0.028125
0 0.32265625 0.51875 0.028125 0.028125
0 0.5890625 0.52890625 0.03125 0.0265625
0 0.8546875 0.371875 0.0484375 0.0390625
0 0.3734375 0.5265625 0.03125 0.025
0 0.72890625 0.540625 0.034375 0.0328125
0 0.5640625 0.29609375 0.025 0.021875
0 0.83125 0.3046875 0.0453125 0.0390625
0 0.2375 0.709375 0.0453125 0.0421875
0 0.7125 0.17265625 0.0390625 0.040625
0 0.15546875 0.434375 0.046875 0.040625
0 0.34453125 0.53046875 0.0234375 0.0265625
0 0.4578125 0.34375 0.03125 0.025
0 0.31953125 0.4875 0.034375 0.034375
0 0.3125 0.603125 0.0296875 0.03125
0 0.49765625 0.22734375 0.0328125 0.034375
0 0.59765625 0.6015625 0.034375 0.0265625
0 0.44609375 0.3234375 0.0265625 0.0265625
0 0.440625 0.29609375 0.028125 0.025
0 0.70390625 0.565625 0.0265625 0.0234375
0 0.828125 0.65625 0.04375 0.0375
0 0.378125 0.13515625 0.0375 0.040625
0 0.71796875 0.51328125 0.0359375 0.028125
0 0.3890625 0.50390625 0.028125 0.0265625
0 0.54375 0.29375 0.0203125 0.0234375
0 0.50546875 0.37109375 0.0265625 0.028125
0 0.31875 0.54765625 0.0265625 0.0265625
0 0.36171875 0.62578125 0.025 0.028125
0 0.5234375 0.2234375 0.028125 0.028125
0 0.58203125 0.5765625 0.03125 0.028125
0 0.71015625 0.61171875 0.03125 0.028125
0 0.68046875 0.55546875 0.0234375 0.0234375
0 0.3890625 0.61796875 0.028125 0.0296875
0 0.28828125 0.55703125 0.03125 0.028125
0 0.28984375 0.5328125 0.0328125 0.0265625
0 0.6515625 0.48359375 0.03125 0.0328125
0 0.6734375 0.6046875 0.028125 0.028125
0 0.56796875 0.2453125 0.0328125 0.0265625
0 0.446875 0.27421875 0.03125 0.028125
0 0.63515625 0.63046875 0.0265625 0.0328125
0 0.5796875 0.5515625 0.03125 0.028125
0 0.7015625 0.496875 0.0328125 0.0265625
0 0.43828125 0.53671875 0.0328125 0.0265625
0 0.53359375 0.36953125 0.0265625 0.03125
0 0.33828125 0.5875 0.025 0.028125
0 0.4078125 0.52109375 0.025 0.025
0 0.603125 0.50234375 0.034375 0.028125
0 0.69140625 0.6265625 0.0296875 0.028125
0 0.36171875 0.59921875 0.025 0.0265625
0 0.48046875 0.321875 0.0265625 0.0203125
0 0.29765625 0.50625 0.0328125 0.0265625
0 0.58125 0.271875 0.028125 0.0234375
0 0.41015625 0.60703125 0.0328125 0.03125
0 0.340625 0.475 0.025 0.03125
0 0.553125 0.32265625 0.0265625 0.021875
0 0.4328125 0.58828125 0.0234375 0.0265625
0 0.703125 0.540625 0.0234375 0.0265625
0 0.62265625 0.48984375 0.0296875 0.03125
0 0.49375 0.33671875 0.0265625 0.0203125
0 0.6765625 0.4859375 0.028125 0.0296875
0 0.6859375 0.515625 0.0234375 0.0234375
0 0.62578125 0.59609375 0.0265625 0.0265625
0 0.64296875 0.57734375 0.0234375 0.0203125
0 0.66328125 0.63125 0.028125 0.0328125
0 0.365625 0.54765625 0.0265625 0.0203125
0 0.61640625 0.5265625 0.025 0.025
0 0.3390625 0.5015625 0.025 0.025
0 0.64921875 0.60546875 0.0234375 0.025
0 0.4765625 0.27421875 0.025 0.0234375
0 0.67109375 0.53515625 0.021875 0.021875
0 0.52265625 0.29921875 0.0359375 0.0296875
0 0.609375 0.55 0.0296875 0.0234375
0 0.51171875 0.33984375 0.028125 0.025
0 0.39609375 0.47421875 0.03125 0.034375
0 0.72421875 0.5921875 0.03125 0.0265625
0 0.3578125 0.5703125 0.025 0.025
0 0.55390625 0.27265625 0.028125 0.021875
0 0.6484375 0.53828125 0.0296875 0.0234375
0 0.41875 0.490625 0.03125 0.0328125
0 0.4140625 0.54921875 0.025 0.028125
0 0.58046875 0.31796875 0.0296875 0.0203125
0 0.3390625 0.55625 0.0203125 0.0234375
0 0.61171875 0.57265625 0.0265625 0.0203125
0 0.6390625 0.51171875 0.028125 0.0234375
0 0.503125 0.3171875 0.0234375 0.021875
0 0.6640625 0.51015625 0.0265625 0.021875
0 0.54296875 0.25546875 0.0203125 0.0203125
0 0.3875 0.5890625 0.0265625 0.028125
0 0.49296875 0.25859375 0.0296875 0.0234375
0 0.52890625 0.31875 0.0296875 0.021875
0 0.4578125 0.253125 0.034375 0.0265625
0 0.47578125 0.2328125 0.0296875 0.0265625
0 0.4328125 0.509375 0.03125 0.025
0 0.525 0.275 0.0265625 0.0203125
0 0.49140625 0.296875 0.025 0.021875
0 0.5703125 0.3421875 0.0328125 0.0265625
0 0.43828125 0.5609375 0.0296875 0.025
0 0.40859375 0.57421875 0.028125 0.025
0 0.58359375 0.2953125 0.0265625 0.021875
0 0.38359375 0.5625 0.0265625 0.0234375
0 0.3875 0.5359375 0.025 0.03125