0 0.5828125 0.11796875 0.0390625 0.046875
0 0.8609375 0.55234375 0.05 0.0390625
0 0.42109375 0.828125 0.0421875 0.0484375
0 0.5140625 0.11171875 0.0359375 0.0453125
0 0.16796875 0.36328125 0.05 0.0390625
0 0.153125 0.4703125 0.0484375 0.0453125
0 0.52734375 0.8375 0.0375 0.046875
0 0.63359375 0.8171875 0.0390625 0.0484375
0 0.1546875 0.5078125 0.0453125 0.0421875
0 0.6015625 0.828125 0.0390625 0.046875
0 0.19453125 0.6484375 0.0453125 0.040625
0 0.45546875 0.83203125 0.040625 0.0484375
0 0.38359375 0.8171875 0.04375 0.046875
0 0.56484375 0.8328125 0.0390625 0.0453125
0 0.578125 0.55234375 0.0296875 0.028125
0 0.55078125 0.1140625 0.0359375 0.0453125
0 0.80859375 0.6859375 0.04375 0.0421875
0 0.8125 0.27578125 0.0453125 0.0375
0 0.66875 0.803125 0.040625 0.0453125
0 0.44375 0.11640625 0.040625 0.04375
0 0.32109375 0.78046875 0.0453125 0.046875
0 0.2625 0.73515625 0.0453125 0.040625
0 0.215625 0.6796875 0.0453125 0.040625
0 0.871875 0.4796875 0.0484375 0.0453125
0 0.61796875 0.12734375 0.040625 0.0453125
0 0.15859375 0.4 0.0484375 0.0390625
0 0.19609375 0.29765625 0.046875 0.040625
0 0.2953125 0.58046875 0.0296875 0.028125
0 0.16953125 0.57890625 0.046875 0.0421875
0 0.86640625 0.515625 0.0484375 0.040625
0 0.73125 0.7640625 0.04375 0.04375
0 0.315625 0.16796875 0.0421875 0.0421875
0 0.84375 0.621875 0.0453125 0.04375
0 0.4109375 0.12421875 0.0390625 0.04375
0 0.8703125 0.44375 0.0453125 0.040625
0 0.8625 0.40703125 0.04375 0.04375
0 0.65078125 0.13828125 0.0421875 0.04375
0 0.8546875 0.37265625 0.046875 0.0421875
0 0.68203125 0.15625 0.04375 0.046875
0 0.23359375 0.23828125 0.04375 0.040625
0 0.4921875 0.83515625 0.0359375 0.04375
0 0.70546875 0.565625 0.025 0.0265625
0 0.71875 0.51328125 0.0359375 0.028125
0 0.18046875 0.61484375 0.046875 0.0390625
0 0.7578125 0.73828125 0.0453125 0.04375
0 0.7828125 0.71328125 0.04375 0.04375
0 0.159375 0.54296875 0.0484375 0.0453125
0 0.58203125 0.5765625 0.0328125 0.028125
0 0.48046875 0.11328125 0.0359375 0.0421875
0 0.37734375 0.1375 0.0390625 0.0453125
0 0.7890625 0.24453125 0.04375 0.0375
0 0.7390625 0.19375 0.040625 0.040625
0 0.284375 0.18828125 0.0421875 0.0421875
0 0.5890625 0.528125 0.034375 0.028125
0 0.61796875 0.528125 0.0265625 0.0265625
0 0.28828125 0.76015625 0.040625 0.04375
0 0.2125 0.26796875 0.0453125 0.0375
0 0.26015625 0.21328125 0.040625 0.040625
0 0.23671875 0.709375 0.0453125 0.0375
0 0.36640625 0.4984375 0.0265625 0.028125
0 0.53359375 0.36953125 0.028125 0.034375
0 0.3421875 0.153125 0.040625 0.0421875
0 0.84375 0.33828125 0.0453125 0.0375
0 0.76796875 0.2203125 0.0421875 0.0390625
0 0.73125 0.56484375 0.03125 0.028125
0 0.85390625 0.5859375 0.0484375 0.0390625
0 0.340625 0.47109375 0.028125 0.034375
0 0.446875 0.3234375 0.03125 0.028125
0 0.83125 0.30390625 0.0453125 0.0390625
0 0.17890625 0.33125 0.05 0.0390625
0 0.5046875 0.36953125 0.028125 0.0328125
0 0.3703125 0.521875 0.028125 0.025
0 0.440625 0.29609375 0.028125 0.0234375
0 0.70078125 0.78203125 0.040625 0.04375
0 0.1546875 0.43359375 0.046875 0.0421875
0 0.72890625 0.540625 0.034375 0.0296875
0 0.8265625 0.65703125 0.046875 0.0390625
0 0.28828125 0.55703125 0.03125 0.028125
0 0.38671875 0.61796875 0.0296875 0.034375
0 0.59453125 0.603125 0.028125 0.028125
0 0.33515625 0.6171875 0.03125 0.0359375
0 0.540625 0.29375 0.021875 0.0234375
0 0.4578125 0.34296875 0.028125 0.028125
0 0.6234375 0.4890625 0.03125 0.034375
0 0.28984375 0.5328125 0.03125 0.028125
0 0.496875 0.22578125 0.0328125 0.034375
0 0.603125 0.50234375 0.034375 0.028125
0 0.72421875 0.59296875 0.0328125 0.03125
0 0.5546875 0.32109375 0.025 0.0234375
0 0.44453125 0.27421875 0.0328125 0.028125
0 0.3171875 0.5484375 0.0265625 0.0265625
0 0.68984375 0.51953125 0.025 0.028125
0 0.34453125 0.53125 0.0234375 0.028125
0 0.5640625 0.2953125 0.0265625 0.0234375
0 0.7109375 0.6125 0.0296875 0.03125
0 0.31328125 0.603125 0.0296875 0.0328125
0 0.65234375 0.484375 0.0296875 0.0328125
0 0.33984375 0.5546875 0.0234375 0.0265625
0 0.35703125 0.56875 0.025 0.0265625
0 0.35078125 0.7984375 0.0421875 0.0453125
0 0.33984375 0.5015625 0.0265625 0.028125
0 0.3703125 0.46796875 0.0296875 0.0328125
0 0.321875 0.57109375 0.025 0.0265625
0 0.6328125 0.559375 0.0265625 0.0328125
0 0.31875 0.4875 0.0296875 0.034375
0 0.45546875 0.24921875 0.03125 0.0296875
0 0.6125 0.6203125 0.0296875 0.0296875
0 0.52421875 0.22578125 0.03125 0.0359375
0 0.646875 0.53828125 0.0234375 0.0234375
0 0.3609375 0.625 0.0234375 0.0328125
0 0.671875 0.6046875 0.025 0.0265625
0 0.51328125 0.303125 0.0296875 0.0390625
0 0.48046875 0.359375 0.0265625 0.03125
0 0.70859375 0.1796875 0.040625 0.046875
0 0.3953125 0.475 0.03125 0.0390625
0 0.409375 0.60546875 0.0296875 0.0328125
0 0.29765625 0.50546875 0.03125 0.0296875
0 0.5828125 0.31953125 0.03125 0.0265625
0 0.4921875 0.33515625 0.03125 0.0296875
0 0.5671875 0.24609375 0.03125 0.028125
0 0.51640625 0.33984375 0.025 0.028125
0 0.32265625 0.51875 0.0296875 0.0296875
0 0.60859375 0.55078125 0.028125 0.025
0 0.48984375 0.25546875 0.025 0.025
0 0.53828125 0.25546875 0.0265625 0.025
0 0.6765625 0.48671875 0.028125 0.0328125
0 0.47265625 0.32109375 0.0265625 0.0234375
0 0.6640625 0.6359375 0.0296875 0.0390625
0 0.40625 0.5203125 0.0265625 0.028125
0 0.634375 0.62890625 0.025 0.0328125
0 0.68046875 0.55546875 0.0234375 0.028125
0 0.703125 0.54140625 0.0234375 0.0265625
0 0.43828125 0.5375 0.034375 0.03125
0 0.64609375 0.575 0.0265625 0.028125
0 0.6671875 0.5375 0.025 0.025
0 0.70234375 0.49609375 0.03125 0.0296875
0 0.3890625 0.50390625 0.0265625 0.028125
0 0.40546875 0.57109375 0.021875 0.028125
0 0.33828125 0.58671875 0.025 0.03125
0 0.6640625 0.51015625 0.0265625 0.025
0 0.6484375 0.60546875 0.0234375 0.028125
0 0.66875 0.575 0.0265625 0.0265625
0 0.55390625 0.27265625 0.0265625 0.0234375
0 0.62578125 0.59609375 0.025 0.028125
0 0.69140625 0.625 0.0296875 0.03125
0 0.5125 0.25390625 0.025 0.025
0 0.465625 0.29609375 0.025 0.0234375
0 0.58203125 0.26953125 0.0328125 0.0296875
0 0.3875 0.590625 0.028125 0.0265625