0 0.8609375 0.553125 0.0484375 0.0390625
0 0.15234375 0.4703125 0.046875 0.0453125
0 0.42109375 0.828125 0.04375 0.0484375
0 0.5140625 0.1125 0.0359375 0.046875
0 0.5828125 0.1171875 0.040625 0.046875
0 0.6328125 0.8171875 0.040625 0.0453125
0 0.55078125 0.1140625 0.0359375 0.0453125
0 0.31484375 0.1671875 0.040625 0.04375
0 0.16796875 0.36328125 0.05 0.0390625
0 0.4546875 0.83203125 0.0390625 0.0484375
0 0.66875 0.8015625 0.0390625 0.0453125
0 0.56328125 0.8328125 0.0390625 0.0453125
0 0.1546875 0.5078125 0.0453125 0.04375
0 0.19453125 0.64921875 0.04375 0.0421875
0 0.2625 0.734375 0.0453125 0.040625
0 0.384375 0.8171875 0.04375 0.046875
0 0.8125 0.27578125 0.046875 0.0390625
0 0.44375 0.11640625 0.0390625 0.04375
0 0.5828125 0.5765625 0.0328125 0.028125
0 0.84375 0.62265625 0.0484375 0.046875
0 0.75859375 0.73828125 0.04375 0.04375
0 0.6515625 0.13828125 0.0421875 0.0421875
0 0.73125 0.7640625 0.0421875 0.0453125
0 0.47734375 0.11328125 0.0375 0.04375
0 0.52734375 0.83828125 0.0375 0.0484375
0 0.87265625 0.48125 0.0453125 0.04375
0 0.3203125 0.7796875 0.0453125 0.0453125
0 0.7046875 0.565625 0.0265625 0.028125
0 0.60234375 0.82890625 0.0390625 0.046875
0 0.19296875 0.29765625 0.046875 0.04375
0 0.76796875 0.21875 0.04375 0.040625
0 0.8671875 0.51484375 0.05 0.0390625
0 0.15859375 0.40078125 0.0484375 0.040625
0 0.50390625 0.36953125 0.0265625 0.0359375
0 0.16953125 0.57890625 0.0453125 0.0421875
0 0.61875 0.1265625 0.040625 0.0453125
0 0.26015625 0.2125 0.0421875 0.040625
0 0.8703125 0.44375 0.0453125 0.040625
0 0.8265625 0.6578125 0.046875 0.040625
0 0.215625 0.6796875 0.0453125 0.040625
0 0.28515625 0.1890625 0.04375 0.0421875
0 0.80859375 0.68671875 0.04375 0.0421875
0 0.29375 0.58125 0.028125 0.028125
0 0.18046875 0.61484375 0.0453125 0.0390625
0 0.68125 0.15703125 0.04375 0.0484375
0 0.21328125 0.26875 0.0453125 0.0375
0 0.23359375 0.23828125 0.04375 0.040625
0 0.34140625 0.471875 0.0296875 0.0359375
0 0.78125 0.71328125 0.0453125 0.04375
0 0.1796875 0.33203125 0.05 0.040625
0 0.7390625 0.19375 0.0421875 0.040625
0 0.34453125 0.15234375 0.0390625 0.0421875
0 0.84375 0.33828125 0.0453125 0.0375
0 0.78828125 0.24609375 0.04375 0.0390625
0 0.49140625 0.8359375 0.0359375 0.0453125
0 0.8546875 0.58671875 0.046875 0.0390625
0 0.378125 0.1375 0.0390625 0.0453125
0 0.8546875 0.37265625 0.046875 0.040625
0 0.86171875 0.40625 0.0453125 0.04375
0 0.5328125 0.36953125 0.0265625 0.034375
0 0.40859375 0.12578125 0.0390625 0.0421875
0 0.57890625 0.5515625 0.03125 0.028125
0 0.603125 0.50234375 0.0328125 0.0296875
0 0.73125 0.56484375 0.03125 0.028125
0 0.61875 0.528125 0.0265625 0.025
0 0.2890625 0.76015625 0.0421875 0.04375
0 0.49921875 0.225 0.03125 0.034375
0 0.2359375 0.7078125 0.046875 0.0390625
0 0.15859375 0.54296875 0.05 0.0453125
0 0.71953125 0.5140625 0.0359375 0.028125
0 0.37109375 0.46796875 0.028125 0.0328125
0 0.64453125 0.5765625 0.0265625 0.0234375
0 0.28828125 0.55703125 0.03125 0.0296875
0 0.1546875 0.43359375 0.0453125 0.04375
0 0.36640625 0.4984375 0.0265625 0.028125
0 0.3703125 0.52109375 0.0265625 0.025
0 0.6234375 0.4890625 0.0296875 0.034375
0 0.5890625 0.52734375 0.034375 0.0296875
0 0.4453125 0.275 0.0328125 0.028125
0 0.446875 0.3234375 0.0296875 0.0265625
0 0.83046875 0.30390625 0.046875 0.0390625
0 0.48046875 0.359375 0.028125 0.0328125
0 0.7015625 0.78203125 0.040625 0.0453125
0 0.6515625 0.484375 0.0296875 0.0328125
0 0.38671875 0.61796875 0.03125 0.034375
0 0.36015625 0.62578125 0.0265625 0.03125
0 0.7234375 0.59296875 0.034375 0.03125
0 0.5671875 0.2453125 0.0328125 0.028125
0 0.409375 0.60625 0.03125 0.0328125
0 0.59453125 0.603125 0.028125 0.028125
0 0.3890625 0.50390625 0.0265625 0.0296875
0 0.6328125 0.559375 0.0265625 0.03125
0 0.28984375 0.5328125 0.03125 0.028125
0 0.71015625 0.6125 0.03125 0.03125
0 0.35078125 0.7984375 0.0421875 0.04375
0 0.728125 0.540625 0.0328125 0.028125
0 0.70234375 0.496875 0.03125 0.03125
0 0.334375 0.6171875 0.03125 0.0375
0 0.7125 0.1734375 0.040625 0.0421875
0 0.3171875 0.54765625 0.028125 0.0265625
0 0.5421875 0.29453125 0.0234375 0.025
0 0.3140625 0.60234375 0.0296875 0.0328125
0 0.45546875 0.2484375 0.03125 0.028125
0 0.39453125 0.47421875 0.0296875 0.0375
0 0.45859375 0.34296875 0.03125 0.0296875
0 0.646875 0.5375 0.021875 0.021875
0 0.321875 0.57109375 0.028125 0.028125
0 0.31875 0.4875 0.0296875 0.0359375
0 0.6765625 0.48671875 0.028125 0.034375
0 0.6125 0.57265625 0.0234375 0.0234375
0 0.6640625 0.6359375 0.028125 0.0390625
0 0.6125 0.6203125 0.03125 0.03125
0 0.68984375 0.51953125 0.0265625 0.0265625
0 0.50390625 0.3125 0.028125 0.040625
0 0.609375 0.5515625 0.028125 0.0265625
0 0.34140625 0.5015625 0.0265625 0.028125
0 0.525 0.22578125 0.03125 0.034375
0 0.51484375 0.340625 0.0234375 0.0265625
0 0.34453125 0.53046875 0.0234375 0.0265625
0 0.33984375 0.553125 0.025 0.0265625
0 0.4734375 0.2359375 0.0296875 0.0296875
0 0.665625 0.546875 0.0328125 0.04375
0 0.5546875 0.35625 0.025 0.0296875
0 0.6734375 0.6046875 0.0234375 0.0265625
0 0.640625 0.5109375 0.0265625 0.0265625
0 0.35703125 0.56875 0.0265625 0.0265625
0 0.63515625 0.62890625 0.0265625 0.0328125
0 0.5546875 0.3234375 0.025 0.0265625
0 0.66484375 0.509375 0.025 0.025
0 0.47578125 0.27265625 0.028125 0.0265625
0 0.7015625 0.540625 0.025 0.0265625
0 0.32265625 0.51796875 0.0296875 0.03125
0 0.49296875 0.25546875 0.0265625 0.0234375
0 0.4171875 0.4921875 0.0328125 0.0328125
0 0.64921875 0.6046875 0.025 0.028125
0 0.4375 0.5375 0.0359375 0.03125
0 0.29765625 0.50546875 0.03125 0.028125
0 0.43984375 0.296875 0.0265625 0.0265625
0 0.58203125 0.2703125 0.03125 0.028125
0 0.58125 0.3203125 0.03125 0.028125
0 0.5296875 0.31640625 0.028125 0.0265625
0 0.62578125 0.59609375 0.0234375 0.0265625
0 0.471875 0.3203125 0.025 0.0265625
0 0.33828125 0.5859375 0.028125 0.03125
0 0.4640625 0.296875 0.025 0.0234375
0 0.3609375 0.59921875 0.025 0.028125
0 0.53984375 0.33671875 0.025 0.0234375
0 0.69140625 0.625 0.0296875 0.03125
0 0.43125 0.58828125 0.0265625 0.03125
0 0.53828125 0.25546875 0.0265625 0.025
0 0.5546875 0.2734375 0.028125 0.0234375
0 0.6703125 0.57578125 0.0265625 0.0265625
0 0.5640625 0.29609375 0.0265625 0.0234375
0 0.384375 0.5625 0.0234375 0.025
0 0.38671875 0.5890625 0.0265625 0.028125
0 0.41015625 0.54765625 0.025 0.0265625
0 0.571875 0.34140625 0.0296875 0.0296875
0 0.40625 0.57109375 0.0234375 0.028125
0 0.4890625 0.33125 0.025 0.03125
0 0.5140625 0.25390625 0.0234375 0.025
0 0.69609375 0.590625 0.0234375 0.0265625
0 0.3859375 0.53828125 0.025 0.028125
0 0.50078125 0.27578125 0.0265625 0.0234375
0 0.5265625 0.275 0.025 0.021875