0 0.42109375 0.828125 0.0421875 0.046875
0 0.5140625 0.11171875 0.0359375 0.0484375
0 0.5828125 0.11796875 0.040625 0.0484375
0 0.153125 0.47109375 0.0453125 0.0453125
0 0.55 0.1125 0.0359375 0.0453125
0 0.16796875 0.36328125 0.05 0.040625
0 0.66875 0.80234375 0.0390625 0.04375
0 0.56328125 0.8328125 0.0375 0.046875
0 0.45546875 0.83125 0.0390625 0.0484375
0 0.8625 0.55390625 0.0515625 0.0421875
0 0.6328125 0.8171875 0.0421875 0.0484375
0 0.68203125 0.15703125 0.04375 0.0484375
0 0.384375 0.8171875 0.0421875 0.0484375
0 0.2625 0.734375 0.0453125 0.040625
0 0.8671875 0.515625 0.0484375 0.040625
0 0.32109375 0.7796875 0.0453125 0.0453125
0 0.19453125 0.64921875 0.04375 0.040625
0 0.528125 0.8375 0.0390625 0.0453125
0 0.60234375 0.82890625 0.0390625 0.046875
0 0.15859375 0.40078125 0.046875 0.040625
0 0.2140625 0.2671875 0.04375 0.0359375
0 0.8703125 0.44375 0.0453125 0.040625
0 0.44296875 0.11640625 0.0375 0.0421875
0 0.47734375 0.1140625 0.0390625 0.0453125
0 0.8265625 0.65703125 0.046875 0.0421875
0 0.1921875 0.296875 0.0453125 0.0453125
0 0.73125 0.7640625 0.04375 0.04375
0 0.871875 0.47890625 0.0453125 0.04375
0 0.61796875 0.128125 0.040625 0.0453125
0 0.26015625 0.21328125 0.040625 0.040625
0 0.28984375 0.759375 0.04375 0.0453125
0 0.8546875 0.371875 0.0484375 0.04375
0 0.84453125 0.621875 0.0453125 0.046875
0 0.16796875 0.578125 0.046875 0.0421875
0 0.8125 0.275 0.0453125 0.0390625
0 0.65 0.1390625 0.0421875 0.0453125
0 0.21640625 0.6796875 0.046875 0.040625
0 0.159375 0.5421875 0.046875 0.04375
0 0.17890625 0.33125 0.0484375 0.0390625
0 0.78984375 0.24296875 0.0453125 0.0390625
0 0.23359375 0.23828125 0.04375 0.040625
0 0.78203125 0.7140625 0.04375 0.04375
0 0.75859375 0.7390625 0.04375 0.046875
0 0.2375 0.709375 0.0453125 0.04375
0 0.86328125 0.40625 0.0453125 0.0453125
0 0.34375 0.1546875 0.0421875 0.0453125
0 0.31484375 0.16796875 0.0390625 0.0421875
0 0.4921875 0.83671875 0.0375 0.0453125
0 0.340625 0.47109375 0.028125 0.0328125
0 0.76640625 0.21796875 0.046875 0.0421875
0 0.40859375 0.12578125 0.040625 0.04375
0 0.28515625 0.1890625 0.04375 0.04375
0 0.2890625 0.55703125 0.034375 0.03125
0 0.378125 0.1375 0.0390625 0.04375
0 0.15390625 0.50859375 0.0453125 0.04375
0 0.709375 0.17890625 0.0421875 0.05
0 0.70234375 0.78046875 0.0421875 0.046875
0 0.540625 0.2953125 0.0265625 0.0234375
0 0.31953125 0.4875 0.03125 0.034375
0 0.73984375 0.19375 0.040625 0.040625
0 0.80859375 0.68671875 0.04375 0.04375
0 0.70546875 0.56640625 0.025 0.0265625
0 0.8546875 0.58671875 0.0484375 0.0390625
0 0.3484375 0.79765625 0.040625 0.04375
0 0.18125 0.61484375 0.046875 0.040625
0 0.28984375 0.534375 0.0328125 0.028125
0 0.58984375 0.5265625 0.0328125 0.028125
0 0.15546875 0.4328125 0.0453125 0.04375
0 0.5796875 0.5515625 0.0328125 0.03125
0 0.37109375 0.46875 0.028125 0.03125
0 0.29609375 0.58125 0.03125 0.028125
0 0.70234375 0.496875 0.0328125 0.0296875
0 0.33515625 0.61640625 0.03125 0.0375
0 0.83125 0.3046875 0.0453125 0.040625
0 0.73125 0.56484375 0.03125 0.0296875
0 0.36640625 0.4984375 0.0234375 0.028125
0 0.521875 0.22578125 0.0359375 0.0359375
0 0.84375 0.33828125 0.0453125 0.0375
0 0.71796875 0.5140625 0.034375 0.028125
0 0.6765625 0.48671875 0.0265625 0.03125
0 0.5671875 0.24609375 0.03125 0.028125
0 0.4984375 0.2265625 0.028125 0.034375
0 0.3140625 0.603125 0.0296875 0.0328125
0 0.58125 0.575 0.0296875 0.0296875
0 0.728125 0.53984375 0.03125 0.0296875
0 0.4453125 0.27421875 0.0328125 0.0296875
0 0.72421875 0.59296875 0.03125 0.028125
0 0.3953125 0.4734375 0.0296875 0.0375
0 0.38828125 0.6171875 0.03125 0.0359375
0 0.50390625 0.371875 0.028125 0.034375
0 0.440625 0.296875 0.0265625 0.0265625
0 0.53203125 0.36953125 0.028125 0.0359375
0 0.58125 0.26953125 0.03125 0.0265625
0 0.6515625 0.48515625 0.0296875 0.034375
0 0.68046875 0.55703125 0.0234375 0.028125
0 0.4171875 0.49140625 0.0328125 0.0328125
0 0.55390625 0.27265625 0.028125 0.0234375
0 0.340625 0.55390625 0.0234375 0.028125
0 0.509375 0.3 0.034375 0.034375
0 0.340625 0.5015625 0.0296875 0.0296875
0 0.38828125 0.503125 0.0265625 0.028125
0 0.3609375 0.625 0.025 0.0328125
0 0.61015625 0.54921875 0.028125 0.025
0 0.45703125 0.25 0.034375 0.0296875
0 0.61796875 0.5265625 0.0265625 0.025
0 0.3234375 0.51953125 0.03125 0.03125
0 0.56171875 0.296875 0.025 0.0265625
0 0.29765625 0.5046875 0.034375 0.03125
0 0.6671875 0.53671875 0.028125 0.025
0 0.6234375 0.4890625 0.028125 0.0328125
0 0.53046875 0.2765625 0.025 0.0234375
0 0.37109375 0.5234375 0.0296875 0.0265625
0 0.53046875 0.31953125 0.028125 0.0234375
0 0.31796875 0.5484375 0.025 0.028125
0 0.32578125 0.57421875 0.0328125 0.0328125
0 0.71015625 0.6125 0.03125 0.0296875
0 0.4375 0.53671875 0.0328125 0.03125
0 0.5828125 0.3203125 0.028125 0.025
0 0.69140625 0.52109375 0.0265625 0.028125
0 0.5984375 0.60390625 0.03125 0.0328125
0 0.58515625 0.29296875 0.03125 0.028125
0 0.3609375 0.6 0.025 0.028125
0 0.60390625 0.503125 0.0328125 0.0265625
0 0.44765625 0.32421875 0.0296875 0.0296875
0 0.43203125 0.58515625 0.0265625 0.0296875
0 0.4109375 0.60546875 0.03125 0.0328125
0 0.53984375 0.2546875 0.0265625 0.025
0 0.54921875 0.2296875 0.0328125 0.028125
0 0.7015625 0.540625 0.028125 0.028125
0 0.65 0.60546875 0.0265625 0.0328125
0 0.478125 0.2359375 0.03125 0.0328125
0 0.615625 0.57578125 0.028125 0.028125
0 0.40625 0.51953125 0.0265625 0.028125
0 0.65625 0.634375 0.04375 0.0421875
0 0.5546875 0.32109375 0.0265625 0.0234375
0 0.359375 0.57109375 0.025 0.0234375