0 0.8609375 0.553125 0.05 0.040625
0 0.16796875 0.36328125 0.05 0.0390625
0 0.45546875 0.83203125 0.040625 0.0484375
0 0.19453125 0.64921875 0.04375 0.040625
0 0.5828125 0.11796875 0.0390625 0.0453125
0 0.5140625 0.11171875 0.0375 0.0453125
0 0.42109375 0.828125 0.0421875 0.046875
0 0.153125 0.4703125 0.046875 0.04375
0 0.565625 0.83359375 0.0375 0.0453125
0 0.66796875 0.8 0.0421875 0.0453125
0 0.384375 0.8171875 0.04375 0.046875
0 0.2953125 0.58203125 0.03125 0.03125
0 0.6328125 0.8171875 0.040625 0.046875
0 0.15859375 0.4 0.0484375 0.0375
0 0.75859375 0.73828125 0.04375 0.040625
0 0.68203125 0.15625 0.04375 0.0484375
0 0.16015625 0.54609375 0.046875 0.04375
0 0.5296875 0.8375 0.0390625 0.0453125
0 0.28515625 0.18828125 0.0453125 0.040625
0 0.8125 0.27578125 0.046875 0.0375
0 0.5828125 0.5765625 0.03125 0.028125
0 0.6515625 0.1390625 0.0421875 0.04375
0 0.2625 0.73515625 0.0453125 0.0390625
0 0.31484375 0.16796875 0.040625 0.040625
0 0.44296875 0.11640625 0.0375 0.0421875
0 0.6015625 0.82890625 0.0390625 0.0453125
0 0.4921875 0.8359375 0.0359375 0.04375
0 0.32109375 0.78046875 0.0453125 0.0453125
0 0.6171875 0.12734375 0.040625 0.04375
0 0.19609375 0.296875 0.0453125 0.040625
0 0.55 0.11328125 0.0359375 0.0421875
0 0.71875 0.5140625 0.0359375 0.028125
0 0.47734375 0.1125 0.0375 0.04375
0 0.234375 0.2390625 0.0453125 0.0421875
0 0.8703125 0.44375 0.046875 0.040625
0 0.1796875 0.33125 0.0515625 0.0390625
0 0.8078125 0.6859375 0.04375 0.040625
0 0.84375 0.621875 0.0453125 0.04375
0 0.76796875 0.21953125 0.04375 0.040625
0 0.87265625 0.4796875 0.05 0.0421875
0 0.70546875 0.565625 0.0265625 0.0265625
0 0.8625 0.40625 0.04375 0.0421875
0 0.8265625 0.65625 0.0453125 0.0375
0 0.515625 0.34140625 0.025 0.028125
0 0.1703125 0.57890625 0.0453125 0.040625
0 0.215625 0.6796875 0.0453125 0.040625
0 0.8671875 0.51484375 0.05 0.0390625
0 0.73125 0.7640625 0.04375 0.04375
0 0.446875 0.3234375 0.0296875 0.028125
0 0.8546875 0.58671875 0.05 0.0390625
0 0.1546875 0.50859375 0.046875 0.0421875
0 0.2890625 0.76015625 0.0421875 0.04375
0 0.41015625 0.12265625 0.0375 0.040625
0 0.72890625 0.540625 0.0328125 0.028125
0 0.2875 0.55703125 0.03125 0.028125
0 0.26015625 0.2140625 0.0453125 0.0390625
0 0.34296875 0.153125 0.0390625 0.04375
0 0.57890625 0.55234375 0.03125 0.028125
0 0.15546875 0.43359375 0.0453125 0.04375
0 0.73203125 0.56484375 0.0296875 0.028125
0 0.61875 0.528125 0.028125 0.0265625
0 0.18046875 0.6140625 0.0453125 0.0390625
0 0.84375 0.3390625 0.0484375 0.0359375
0 0.36640625 0.4984375 0.0265625 0.028125
0 0.33515625 0.6171875 0.03125 0.0359375
0 0.5890625 0.528125 0.034375 0.028125
0 0.8546875 0.37265625 0.0484375 0.040625
0 0.37890625 0.1375 0.0390625 0.0421875
0 0.7015625 0.7828125 0.040625 0.04375
0 0.7390625 0.19296875 0.0421875 0.0390625
0 0.2359375 0.709375 0.0453125 0.0390625
0 0.28984375 0.5328125 0.03125 0.028125
0 0.32109375 0.571875 0.0265625 0.0265625
0 0.340625 0.471875 0.028125 0.034375
0 0.78203125 0.7125 0.04375 0.0421875
0 0.78828125 0.24453125 0.04375 0.0375
0 0.55546875 0.32109375 0.0234375 0.0234375
0 0.3703125 0.52109375 0.028125 0.025
0 0.34453125 0.53203125 0.0234375 0.0265625
0 0.3875 0.61875 0.0296875 0.0328125
0 0.534375 0.36953125 0.028125 0.0328125
0 0.4796875 0.36015625 0.0296875 0.03125
0 0.31796875 0.546875 0.025 0.0265625
0 0.67734375 0.48671875 0.028125 0.034375
0 0.3703125 0.46796875 0.0296875 0.0328125
0 0.60390625 0.50234375 0.0328125 0.028125
0 0.72421875 0.5921875 0.0328125 0.028125
0 0.35078125 0.7984375 0.0421875 0.04375
0 0.3140625 0.603125 0.0296875 0.0328125
0 0.21328125 0.26796875 0.0453125 0.0359375
0 0.5421875 0.29453125 0.025 0.0234375
0 0.50390625 0.37109375 0.028125 0.0328125
0 0.4984375 0.225 0.0328125 0.0328125
0 0.440625 0.296875 0.0296875 0.0265625
0 0.83125 0.30390625 0.046875 0.0375
0 0.64453125 0.5765625 0.028125 0.0234375
0 0.61328125 0.6203125 0.0296875 0.028125
0 0.4453125 0.275 0.034375 0.028125
0 0.7015625 0.54140625 0.025 0.0265625
0 0.41015625 0.60625 0.0296875 0.03125
0 0.7125 0.1734375 0.040625 0.040625
0 0.3234375 0.51875 0.03125 0.03125
0 0.31875 0.4875 0.0296875 0.034375
0 0.3609375 0.625 0.025 0.0328125
0 0.33828125 0.5875 0.0265625 0.0296875
0 0.33984375 0.55546875 0.021875 0.028125
0 0.596875 0.603125 0.03125 0.028125
0 0.68984375 0.51953125 0.025 0.025
0 0.340625 0.5015625 0.0265625 0.028125
0 0.55390625 0.27421875 0.0265625 0.0234375
0 0.62265625 0.4890625 0.0296875 0.034375
0 0.58203125 0.26953125 0.03125 0.028125
0 0.6390625 0.63046875 0.028125 0.034375
0 0.65 0.6046875 0.025 0.0265625
0 0.6640625 0.63671875 0.0296875 0.0390625
0 0.38828125 0.59140625 0.0265625 0.0265625
0 0.45859375 0.34296875 0.03125 0.0296875
0 0.3578125 0.56953125 0.0265625 0.0234375
0 0.7109375 0.6125 0.0328125 0.03125
0 0.65234375 0.484375 0.0296875 0.034375
0 0.56328125 0.2953125 0.0234375 0.0234375
0 0.65078125 0.54296875 0.034375 0.034375
0 0.70234375 0.496875 0.0328125 0.0296875
0 0.6734375 0.6046875 0.0234375 0.0265625
0 0.56484375 0.25 0.03125 0.028125
0 0.60859375 0.55078125 0.028125 0.0234375
0 0.52890625 0.3171875 0.028125 0.0234375
0 0.5234375 0.225 0.03125 0.034375
0 0.47109375 0.3234375 0.0265625 0.0296875
0 0.625 0.596875 0.025 0.0265625
0 0.29765625 0.50546875 0.0328125 0.0296875
0 0.4734375 0.2359375 0.0328125 0.0296875
0 0.5375 0.25625 0.0265625 0.025
0 0.5828125 0.31875 0.03125 0.025
0 0.43828125 0.53671875 0.0359375 0.0296875
0 0.3953125 0.475 0.0296875 0.0390625
0 0.6140625 0.57421875 0.025 0.025
0 0.43046875 0.58828125 0.0265625 0.028125
0 0.5125 0.25390625 0.0265625 0.0234375
0 0.63359375 0.559375 0.0265625 0.03125
0 0.40625 0.57109375 0.0234375 0.0265625
0 0.67890625 0.55625 0.025 0.0296875
0 0.49296875 0.33671875 0.028125 0.0234375
0 0.540625 0.3375 0.025 0.0234375
0 0.5140625 0.303125 0.028125 0.0359375
0 0.45546875 0.2515625 0.0328125 0.028125
0 0.66953125 0.57734375 0.025 0.0234375
0 0.38828125 0.50390625 0.0265625 0.028125
0 0.4375 0.5609375 0.03125 0.0296875
0 0.55625 0.3578125 0.0265625 0.0265625
0 0.6640625 0.51015625 0.025 0.0234375
0 0.40703125 0.51953125 0.0234375 0.028125
0 0.69140625 0.62578125 0.028125 0.028125
0 0.5265625 0.27421875 0.0234375 0.021875
0 0.49375 0.30234375 0.03125 0.0359375
0 0.3640625 0.59921875 0.0265625 0.028125
0 0.57265625 0.33984375 0.03125 0.028125
0 0.49140625 0.25625 0.0265625 0.025
0 0.590625 0.29140625 0.028125 0.0234375
0 0.4171875 0.49140625 0.0328125 0.03125
0 0.63515625 0.5109375 0.025 0.0203125
0 0.69609375 0.590625 0.0265625 0.0265625
0 0.3859375 0.5390625 0.028125 0.0265625
0 0.54921875 0.2296875 0.0328125 0.028125
0 0.38515625 0.5625 0.0234375 0.0265625