0 0.5828125 0.11796875 0.040625 0.0453125
0 0.384375 0.8171875 0.0421875 0.0484375
0 0.86171875 0.55390625 0.05 0.040625
0 0.16875 0.36328125 0.0484375 0.040625
0 0.4203125 0.82890625 0.0421875 0.046875
0 0.6015625 0.82890625 0.0390625 0.0453125
0 0.63359375 0.8171875 0.0390625 0.046875
0 0.5625 0.83359375 0.0375 0.046875
0 0.66875 0.79921875 0.0421875 0.046875
0 0.159375 0.40078125 0.046875 0.0390625
0 0.19453125 0.64921875 0.04375 0.040625
0 0.44453125 0.11640625 0.040625 0.04375
0 0.159375 0.54375 0.0453125 0.04375
0 0.68359375 0.15625 0.04375 0.0484375
0 0.5140625 0.1125 0.0359375 0.04375
0 0.84375 0.62265625 0.0484375 0.04375
0 0.55 0.1140625 0.0359375 0.04375
0 0.153125 0.47109375 0.0453125 0.0421875
0 0.76953125 0.21875 0.0453125 0.040625
0 0.45546875 0.83203125 0.040625 0.0484375
0 0.34375 0.1546875 0.0421875 0.0453125
0 0.86953125 0.51640625 0.0453125 0.040625
0 0.31484375 0.1671875 0.0390625 0.0421875
0 0.85390625 0.58671875 0.0484375 0.0390625
0 0.19296875 0.29609375 0.04375 0.040625
0 0.23515625 0.23828125 0.0453125 0.0421875
0 0.215625 0.6796875 0.0453125 0.040625
0 0.65078125 0.1390625 0.0421875 0.0453125
0 0.1546875 0.5078125 0.0484375 0.04375
0 0.1703125 0.5796875 0.0453125 0.04375
0 0.528125 0.83828125 0.0375 0.046875
0 0.87265625 0.47890625 0.046875 0.04375
0 0.84375 0.33828125 0.0453125 0.0375
0 0.365625 0.4984375 0.028125 0.028125
0 0.87109375 0.44375 0.0453125 0.040625
0 0.57890625 0.55234375 0.03125 0.0296875
0 0.28515625 0.1890625 0.04375 0.0453125
0 0.73046875 0.76328125 0.0421875 0.04375
0 0.21328125 0.26875 0.0453125 0.0390625
0 0.2359375 0.70859375 0.046875 0.040625
0 0.26328125 0.734375 0.0453125 0.040625
0 0.49140625 0.8375 0.0375 0.0453125
0 0.82734375 0.6578125 0.046875 0.0421875
0 0.8625 0.40703125 0.04375 0.0421875
0 0.18046875 0.33203125 0.05 0.0390625
0 0.2953125 0.58125 0.03125 0.0296875
0 0.61796875 0.12734375 0.0390625 0.04375
0 0.73984375 0.19296875 0.0421875 0.0421875
0 0.18203125 0.615625 0.046875 0.0390625
0 0.32265625 0.571875 0.025 0.028125
0 0.7578125 0.73828125 0.0453125 0.04375
0 0.35078125 0.7984375 0.0421875 0.0453125
0 0.44609375 0.3234375 0.03125 0.03125
0 0.3703125 0.46796875 0.0296875 0.028125
0 0.28828125 0.75859375 0.0421875 0.04375
0 0.31953125 0.7796875 0.0453125 0.0453125
0 0.8125 0.27421875 0.04375 0.0375
0 0.259375 0.21328125 0.0421875 0.040625
0 0.8546875 0.37265625 0.0484375 0.04375
0 0.56640625 0.24609375 0.0328125 0.03125
0 0.83125 0.3046875 0.0453125 0.0421875
0 0.78828125 0.246875 0.0421875 0.0390625
0 0.78046875 0.71328125 0.04375 0.040625
0 0.809375 0.68671875 0.04375 0.040625
0 0.34375 0.534375 0.0265625 0.03125
0 0.478125 0.1125 0.0375 0.0421875
0 0.40859375 0.12578125 0.0390625 0.0421875
0 0.15546875 0.43671875 0.046875 0.0421875
0 0.28984375 0.53359375 0.0328125 0.0296875
0 0.33515625 0.61640625 0.03125 0.0390625
0 0.3125 0.603125 0.03125 0.03125
0 0.70234375 0.78203125 0.040625 0.0421875
0 0.28984375 0.55703125 0.0328125 0.028125
0 0.5890625 0.52734375 0.034375 0.0296875
0 0.459375 0.34375 0.03125 0.03125
0 0.50390625 0.3703125 0.0265625 0.034375
0 0.7125 0.17265625 0.040625 0.040625
0 0.3203125 0.4875 0.0328125 0.034375
0 0.728125 0.540625 0.034375 0.0296875
0 0.6765625 0.4859375 0.028125 0.03125
0 0.440625 0.2953125 0.0265625 0.0234375
0 0.56328125 0.29609375 0.028125 0.025
0 0.378125 0.13828125 0.0390625 0.04375
0 0.58046875 0.57734375 0.028125 0.028125
0 0.340625 0.55390625 0.0234375 0.0265625
0 0.37109375 0.521875 0.028125 0.025
0 0.340625 0.47109375 0.028125 0.0296875
0 0.4375 0.540625 0.0359375 0.0390625
0 0.53046875 0.3171875 0.0265625 0.0265625
0 0.44609375 0.27421875 0.03125 0.0296875
0 0.71953125 0.5140625 0.0359375 0.028125
0 0.48125 0.36015625 0.028125 0.03125
0 0.61875 0.528125 0.028125 0.0265625
0 0.3953125 0.47421875 0.03125 0.0375
0 0.70234375 0.4984375 0.03125 0.0328125
0 0.50390625 0.3125 0.028125 0.0359375
0 0.73125 0.56484375 0.0328125 0.028125
0 0.7046875 0.565625 0.0265625 0.028125
0 0.38828125 0.503125 0.025 0.0265625
0 0.43359375 0.58984375 0.0234375 0.0296875
0 0.4984375 0.225 0.0328125 0.03125
0 0.3234375 0.51875 0.03125 0.03125
0 0.671875 0.5546875 0.0390625 0.0328125
0 0.31796875 0.54765625 0.025 0.0265625
0 0.33984375 0.5015625 0.025 0.028125
0 0.55390625 0.27421875 0.028125 0.021875
0 0.51484375 0.340625 0.021875 0.0234375
0 0.609375 0.5515625 0.0296875 0.0265625
0 0.29765625 0.50546875 0.03125 0.028125
0 0.603125 0.50234375 0.0328125 0.028125
0 0.53125 0.36875 0.0265625 0.0328125
0 0.63125 0.56015625 0.025 0.0328125
0 0.6515625 0.484375 0.03125 0.034375
0 0.64609375 0.57734375 0.025 0.0234375
0 0.53984375 0.29375 0.0234375 0.0234375
0 0.521875 0.221875 0.0265625 0.028125
0 0.596875 0.60078125 0.0359375 0.03125
0 0.3875 0.6171875 0.0296875 0.0328125
0 0.3390625 0.58671875 0.025 0.028125
0 0.47734375 0.234375 0.03125 0.034375
0 0.725 0.59296875 0.034375 0.03125
0 0.409375 0.60546875 0.03125 0.0328125
0 0.68984375 0.52109375 0.025 0.028125
0 0.53984375 0.2546875 0.025 0.021875
0 0.71015625 0.6125 0.03125 0.0296875
0 0.4171875 0.49140625 0.034375 0.03125
0 0.475 0.321875 0.03125 0.025
0 0.7015625 0.5390625 0.025 0.0296875
0 0.5828125 0.27109375 0.03125 0.0234375
0 0.63515625 0.63046875 0.028125 0.0328125
0 0.6125 0.6203125 0.0296875 0.028125
0 0.36171875 0.625 0.025 0.03125
0 0.62578125 0.5953125 0.028125 0.025
0 0.36015625 0.5703125 0.028125 0.0265625
0 0.41328125 0.5484375 0.0265625 0.028125
0 0.58359375 0.31796875 0.03125 0.0234375
0 0.65 0.5375 0.025 0.025
0 0.53984375 0.3359375 0.0296875 0.025
0 0.51171875 0.253125 0.0265625 0.0234375
0 0.55546875 0.35625 0.03125 0.03125
0 0.69453125 0.58984375 0.0265625 0.028125
0 0.45625 0.25234375 0.0328125 0.028125
0 0.528125 0.27578125 0.0265625 0.0234375
0 0.4734375 0.275 0.028125 0.0265625
0 0.66953125 0.57734375 0.025 0.0203125
0 0.62265625 0.490625 0.028125 0.03125
0 0.3875 0.590625 0.028125 0.025
0 0.36484375 0.59765625 0.025 0.028125
0 0.49140625 0.25625 0.021875 0.0234375
0 0.546875 0.2296875 0.034375 0.0265625
0 0.3875 0.56328125 0.0234375 0.0234375
0 0.55703125 0.32109375 0.0265625 0.0234375
0 0.43359375 0.509375 0.03125 0.025
0 0.40625 0.51953125 0.025 0.0265625
0 0.65 0.60625 0.0265625 0.028125
0 0.49375 0.33671875 0.0265625 0.0234375
0 0.3875 0.5375 0.0234375 0.0296875
0 0.6609375 0.6328125 0.04375 0.0453125