0 0.86015625 0.553125 0.0484375 0.040625
0 0.5828125 0.11796875 0.0390625 0.046875
0 0.45546875 0.83203125 0.040625 0.0484375
0 0.42109375 0.82734375 0.0421875 0.046875
0 0.55 0.11328125 0.0359375 0.04375
0 0.15234375 0.4703125 0.046875 0.04375
0 0.16875 0.36328125 0.0484375 0.0390625
0 0.19453125 0.64921875 0.0453125 0.0421875
0 0.6328125 0.8171875 0.040625 0.046875
0 0.66796875 0.8 0.040625 0.046875
0 0.29453125 0.58125 0.0296875 0.028125
0 0.15859375 0.54375 0.0484375 0.04375
0 0.1546875 0.5078125 0.0453125 0.0453125
0 0.5140625 0.1125 0.0359375 0.0453125
0 0.478125 0.11328125 0.0375 0.0453125
0 0.56328125 0.8328125 0.0359375 0.04375
0 0.38359375 0.8171875 0.04375 0.0484375
0 0.1796875 0.61484375 0.046875 0.0390625
0 0.8703125 0.44375 0.0453125 0.040625
0 0.73046875 0.7625 0.0421875 0.04375
0 0.44375 0.11640625 0.0375 0.0421875
0 0.44609375 0.3234375 0.03125 0.028125
0 0.23515625 0.23828125 0.0453125 0.040625
0 0.6015625 0.82890625 0.0390625 0.046875
0 0.8125 0.27578125 0.0453125 0.0375
0 0.16953125 0.57890625 0.0453125 0.0421875
0 0.26328125 0.734375 0.046875 0.04375
0 0.2859375 0.1890625 0.0453125 0.04375
0 0.73125 0.565625 0.03125 0.028125
0 0.73984375 0.19296875 0.040625 0.0421875
0 0.50390625 0.3703125 0.0265625 0.03125
0 0.61875 0.12734375 0.040625 0.0453125
0 0.15859375 0.40078125 0.046875 0.040625
0 0.84375 0.621875 0.0453125 0.04375
0 0.4109375 0.12421875 0.0390625 0.0421875
0 0.215625 0.68046875 0.0453125 0.040625
0 0.8546875 0.371875 0.046875 0.0421875
0 0.3203125 0.78046875 0.04375 0.04375
0 0.86953125 0.515625 0.0484375 0.040625
0 0.19609375 0.29765625 0.0453125 0.0390625
0 0.68203125 0.15625 0.0421875 0.046875
0 0.53359375 0.36953125 0.0265625 0.0359375
0 0.871875 0.478125 0.046875 0.0421875
0 0.2140625 0.26796875 0.04375 0.0359375
0 0.70546875 0.56484375 0.0265625 0.0265625
0 0.28984375 0.76015625 0.0421875 0.04375
0 0.8625 0.40625 0.04375 0.04375
0 0.84296875 0.3375 0.0453125 0.0375
0 0.7671875 0.21953125 0.04375 0.0390625
0 0.80859375 0.68671875 0.04375 0.040625
0 0.26015625 0.2140625 0.0421875 0.0390625
0 0.57890625 0.5515625 0.03125 0.028125
0 0.528125 0.8375 0.0375 0.046875
0 0.8546875 0.58671875 0.0484375 0.0390625
0 0.7578125 0.73828125 0.0453125 0.0421875
0 0.315625 0.1671875 0.0421875 0.040625
0 0.78984375 0.24375 0.04375 0.040625
0 0.6515625 0.13828125 0.0421875 0.04375
0 0.1796875 0.33203125 0.05 0.040625
0 0.34375 0.153125 0.040625 0.0421875
0 0.28828125 0.55546875 0.03125 0.028125
0 0.5890625 0.52734375 0.0328125 0.028125
0 0.36640625 0.4984375 0.0265625 0.028125
0 0.58125 0.57578125 0.03125 0.028125
0 0.49140625 0.83515625 0.0359375 0.0453125
0 0.82578125 0.65625 0.0453125 0.0375
0 0.340625 0.471875 0.028125 0.034375
0 0.70234375 0.78359375 0.04375 0.0453125
0 0.23671875 0.709375 0.0453125 0.0390625
0 0.61796875 0.52890625 0.028125 0.0265625
0 0.71796875 0.5140625 0.0359375 0.028125
0 0.3171875 0.5484375 0.0265625 0.028125
0 0.60390625 0.50234375 0.0328125 0.0296875
0 0.37734375 0.134375 0.0375 0.04375
0 0.78203125 0.71328125 0.04375 0.04375
0 0.33984375 0.55390625 0.025 0.025
0 0.38828125 0.61796875 0.0296875 0.03125
0 0.1546875 0.434375 0.046875 0.04375
0 0.440625 0.29609375 0.028125 0.0234375
0 0.36953125 0.521875 0.028125 0.0234375
0 0.4546875 0.2484375 0.0296875 0.0296875
0 0.34375 0.53125 0.0234375 0.0265625
0 0.33515625 0.61640625 0.03125 0.0359375
0 0.321875 0.571875 0.0265625 0.028125
0 0.72890625 0.54140625 0.0328125 0.0296875
0 0.6234375 0.48828125 0.03125 0.034375
0 0.71328125 0.17265625 0.040625 0.04375
0 0.4453125 0.27421875 0.03125 0.0265625
0 0.28984375 0.53203125 0.03125 0.0265625
0 0.7234375 0.59375 0.034375 0.0328125
0 0.31796875 0.4875 0.028125 0.034375
0 0.49921875 0.22578125 0.0296875 0.0328125
0 0.4796875 0.359375 0.028125 0.03125
0 0.83046875 0.30390625 0.0453125 0.0390625
0 0.3125 0.603125 0.03125 0.03125
0 0.45703125 0.34296875 0.028125 0.028125
0 0.3703125 0.46796875 0.028125 0.0328125
0 0.64765625 0.53984375 0.025 0.025
0 0.3609375 0.625 0.025 0.0328125
0 0.68984375 0.5203125 0.025 0.028125
0 0.65234375 0.48515625 0.03125 0.0328125
0 0.41015625 0.60625 0.0296875 0.03125
0 0.2984375 0.5046875 0.0328125 0.028125
0 0.3390625 0.5015625 0.0265625 0.0265625
0 0.63125 0.55703125 0.0265625 0.028125
0 0.71015625 0.61328125 0.03125 0.03125
0 0.5234375 0.22578125 0.0328125 0.0359375
0 0.59453125 0.60234375 0.028125 0.028125
0 0.49296875 0.3359375 0.0296875 0.028125
0 0.4734375 0.32265625 0.0265625 0.025
0 0.6125 0.61953125 0.03125 0.03125
0 0.6765625 0.4859375 0.028125 0.0328125
0 0.6484375 0.6046875 0.0265625 0.028125
0 0.55546875 0.32109375 0.025 0.0234375
0 0.3953125 0.475 0.03125 0.0390625
0 0.56640625 0.246875 0.0328125 0.028125
0 0.34921875 0.79765625 0.040625 0.046875
0 0.32265625 0.51796875 0.028125 0.028125
0 0.3578125 0.56953125 0.025 0.0265625
0 0.60859375 0.55 0.025 0.0265625
0 0.56328125 0.29609375 0.0265625 0.0234375
0 0.53984375 0.2953125 0.0234375 0.0234375
0 0.58125 0.3203125 0.034375 0.0296875
0 0.66328125 0.63671875 0.028125 0.0375
0 0.6640625 0.51015625 0.028125 0.0234375
0 0.55625 0.35703125 0.028125 0.028125
0 0.5828125 0.2703125 0.03125 0.0265625
0 0.64375 0.575 0.0265625 0.028125
0 0.51328125 0.340625 0.0203125 0.025
0 0.63828125 0.63046875 0.0265625 0.0328125
0 0.6796875 0.55546875 0.0234375 0.028125
0 0.7015625 0.49609375 0.0328125 0.0296875
0 0.515625 0.30703125 0.0359375 0.0453125
0 0.38984375 0.50390625 0.0265625 0.028125
0 0.4921875 0.2984375 0.0265625 0.025
0 0.67421875 0.603125 0.025 0.025
0 0.61171875 0.57421875 0.0265625 0.0265625
0 0.46484375 0.296875 0.0234375 0.021875
0 0.703125 0.54140625 0.0234375 0.025
0 0.4390625 0.53671875 0.0328125 0.028125
0 0.40625 0.51953125 0.025 0.028125
0 0.43046875 0.58828125 0.028125 0.03125
0 0.33828125 0.58671875 0.025 0.03125
0 0.55390625 0.27421875 0.028125 0.0234375
0 0.47421875 0.2359375 0.03125 0.028125
0 0.625 0.59453125 0.0234375 0.0265625
0 0.40546875 0.5703125 0.0234375 0.0265625
0 0.43828125 0.56171875 0.0328125 0.028125
0 0.4765625 0.2734375 0.0296875 0.025
0 0.6640625 0.546875 0.03125 0.0421875
0 0.6390625 0.5109375 0.025 0.0234375
0 0.66875 0.57421875 0.028125 0.0296875
0 0.38828125 0.53828125 0.025 0.0265625
0 0.69140625 0.625 0.0296875 0.0296875
0 0.540625 0.3375 0.0296875 0.0234375
0 0.5375 0.25859375 0.0265625 0.0328125
0 0.384375 0.5625 0.0234375 0.0265625
0 0.49140625 0.25546875 0.028125 0.025
0 0.3609375 0.59765625 0.025 0.025
0 0.5734375 0.3390625 0.03125 0.028125
0 0.6953125 0.590625 0.0265625 0.028125
0 0.5046875 0.2765625 0.028125 0.0234375
0 0.51328125 0.25625 0.0296875 0.0296875
0 0.365625 0.54765625 0.0234375 0.0234375
0 0.3859375 0.58828125 0.0234375 0.028125