0 0.58359375 0.11796875 0.0390625 0.046875
0 0.29453125 0.58125 0.0296875 0.0296875
0 0.5140625 0.11171875 0.0359375 0.04375
0 0.86015625 0.553125 0.0484375 0.0390625
0 0.153125 0.47109375 0.0484375 0.04375
0 0.19453125 0.65 0.0453125 0.0421875
0 0.56484375 0.83359375 0.0375 0.046875
0 0.16796875 0.36328125 0.0484375 0.0375
0 0.55078125 0.1140625 0.0375 0.04375
0 0.1546875 0.50859375 0.046875 0.04375
0 0.315625 0.16796875 0.040625 0.0421875
0 0.8125 0.27578125 0.0453125 0.0390625
0 0.70546875 0.565625 0.025 0.0265625
0 0.52734375 0.8375 0.0375 0.046875
0 0.32109375 0.78046875 0.0453125 0.046875
0 0.23359375 0.23828125 0.0421875 0.0390625
0 0.80859375 0.68671875 0.04375 0.0421875
0 0.384375 0.8171875 0.04375 0.046875
0 0.45546875 0.83203125 0.040625 0.0484375
0 0.215625 0.6796875 0.04375 0.0390625
0 0.7578125 0.73828125 0.0453125 0.0421875
0 0.47734375 0.11328125 0.0375 0.04375
0 0.26015625 0.21328125 0.04375 0.0390625
0 0.6 0.82734375 0.0375 0.0453125
0 0.44375 0.11640625 0.0375 0.0421875
0 0.61875 0.528125 0.0265625 0.0265625
0 0.84296875 0.33828125 0.0453125 0.0359375
0 0.66796875 0.8 0.040625 0.046875
0 0.3765625 0.134375 0.0375 0.04375
0 0.15859375 0.54375 0.0484375 0.04375
0 0.28515625 0.1875 0.0421875 0.0421875
0 0.87265625 0.48203125 0.046875 0.0421875
0 0.42109375 0.82734375 0.0421875 0.0484375
0 0.4109375 0.12421875 0.0375 0.04375
0 0.19609375 0.29765625 0.046875 0.0390625
0 0.1796875 0.61484375 0.0453125 0.0390625
0 0.5328125 0.3703125 0.025 0.0328125
0 0.16796875 0.578125 0.0484375 0.0421875
0 0.78125 0.71328125 0.0453125 0.0421875
0 0.5046875 0.36953125 0.0265625 0.0328125
0 0.76640625 0.2203125 0.0421875 0.0390625
0 0.49140625 0.8375 0.0375 0.046875
0 0.63359375 0.8171875 0.0421875 0.046875
0 0.2625 0.734375 0.0453125 0.0421875
0 0.73125 0.56484375 0.0296875 0.028125
0 0.68203125 0.15703125 0.04375 0.0484375
0 0.21328125 0.26796875 0.04375 0.0375
0 0.61796875 0.12734375 0.0390625 0.0453125
0 0.84453125 0.621875 0.0453125 0.04375
0 0.15859375 0.4 0.046875 0.0390625
0 0.86640625 0.515625 0.0484375 0.040625
0 0.28828125 0.55625 0.0296875 0.028125
0 0.58203125 0.57734375 0.03125 0.0296875
0 0.8703125 0.44375 0.0453125 0.040625
0 0.57890625 0.55234375 0.0296875 0.028125
0 0.34375 0.1515625 0.040625 0.0421875
0 0.78828125 0.24453125 0.04375 0.0375
0 0.86171875 0.40625 0.04375 0.04375
0 0.8546875 0.5859375 0.0484375 0.0390625
0 0.28828125 0.76015625 0.0421875 0.04375
0 0.1796875 0.33203125 0.05 0.040625
0 0.7015625 0.78203125 0.040625 0.04375
0 0.5890625 0.52890625 0.034375 0.028125
0 0.603125 0.503125 0.0328125 0.0296875
0 0.34140625 0.47265625 0.0296875 0.0359375
0 0.340625 0.55390625 0.0234375 0.0265625
0 0.8265625 0.65703125 0.046875 0.0390625
0 0.73828125 0.19375 0.040625 0.040625
0 0.73046875 0.7640625 0.04375 0.04375
0 0.65078125 0.13828125 0.0390625 0.04375
0 0.71875 0.51328125 0.034375 0.028125
0 0.44453125 0.27421875 0.03125 0.0265625
0 0.1546875 0.434375 0.046875 0.0421875
0 0.8546875 0.371875 0.0484375 0.0421875
0 0.6234375 0.4890625 0.03125 0.034375
0 0.2359375 0.709375 0.0453125 0.0375
0 0.3671875 0.4984375 0.0265625 0.028125
0 0.321875 0.57109375 0.025 0.028125
0 0.72890625 0.540625 0.0328125 0.03125
0 0.340625 0.503125 0.0265625 0.028125
0 0.33515625 0.6171875 0.03125 0.0359375
0 0.8296875 0.3046875 0.0453125 0.0375
0 0.44765625 0.3234375 0.03125 0.028125
0 0.6515625 0.48515625 0.0296875 0.0328125
0 0.3703125 0.521875 0.028125 0.025
0 0.7234375 0.5921875 0.03125 0.0296875
0 0.34375 0.5328125 0.0234375 0.0265625
0 0.51484375 0.34140625 0.0234375 0.0265625
0 0.31796875 0.54765625 0.025 0.0265625
0 0.3140625 0.603125 0.0296875 0.0328125
0 0.3609375 0.62578125 0.0234375 0.03125
0 0.6484375 0.6046875 0.025 0.0265625
0 0.440625 0.296875 0.028125 0.0265625
0 0.496875 0.22578125 0.03125 0.034375
0 0.55546875 0.32109375 0.0265625 0.0265625
0 0.28984375 0.53203125 0.03125 0.028125
0 0.41015625 0.60625 0.028125 0.0296875
0 0.4609375 0.34296875 0.028125 0.03125
0 0.703125 0.54140625 0.0234375 0.0265625
0 0.48046875 0.36015625 0.0265625 0.0296875
0 0.3875 0.61796875 0.0296875 0.0328125
0 0.45546875 0.25234375 0.0328125 0.025
0 0.6125 0.61953125 0.0296875 0.03125
0 0.5640625 0.29609375 0.0234375 0.025
0 0.49296875 0.33515625 0.028125 0.028125
0 0.29765625 0.5046875 0.03125 0.0296875
0 0.709375 0.18046875 0.0390625 0.0453125
0 0.52421875 0.22578125 0.03125 0.0359375
0 0.5296875 0.31640625 0.0265625 0.028125
0 0.6859375 0.51953125 0.0234375 0.0296875
0 0.63359375 0.559375 0.028125 0.034375
0 0.34921875 0.80078125 0.040625 0.0453125
0 0.50546875 0.31328125 0.028125 0.0390625
0 0.53828125 0.25546875 0.028125 0.025
0 0.37109375 0.46796875 0.028125 0.03125
0 0.47265625 0.32109375 0.0234375 0.028125
0 0.54296875 0.29453125 0.025 0.0234375
0 0.38984375 0.50390625 0.025 0.028125
0 0.67265625 0.6046875 0.0234375 0.0265625
0 0.32265625 0.51796875 0.028125 0.028125
0 0.6640625 0.63671875 0.028125 0.0375
0 0.31875 0.4875 0.0296875 0.034375
0 0.646875 0.5390625 0.025 0.0265625
0 0.7109375 0.61328125 0.03125 0.0296875
0 0.5953125 0.603125 0.03125 0.0265625
0 0.609375 0.5515625 0.0265625 0.025
0 0.3390625 0.5875 0.0265625 0.03125
0 0.6640625 0.51015625 0.028125 0.025
0 0.6125 0.57421875 0.0234375 0.0265625
0 0.4734375 0.23515625 0.03125 0.028125
0 0.5546875 0.2734375 0.0265625 0.0234375
0 0.68046875 0.5546875 0.0234375 0.03125
0 0.6765625 0.48671875 0.028125 0.0328125
0 0.3578125 0.56953125 0.0234375 0.025
0 0.40546875 0.57109375 0.0234375 0.028125
0 0.64609375 0.57421875 0.028125 0.0328125
0 0.640625 0.5109375 0.0234375 0.0234375
0 0.39453125 0.475 0.0296875 0.0375
0 0.590625 0.2921875 0.0296875 0.0296875
0 0.540625 0.3375 0.025 0.025
0 0.49375 0.25625 0.028125 0.025
0 0.4765625 0.27265625 0.028125 0.0265625
0 0.70234375 0.49765625 0.03125 0.03125
0 0.43125 0.58515625 0.0265625 0.028125
0 0.63828125 0.63671875 0.028125 0.0375
0 0.465625 0.296875 0.0234375 0.0234375
0 0.55625 0.35703125 0.025 0.028125
0 0.62578125 0.59453125 0.0234375 0.0265625
0 0.43984375 0.5359375 0.0328125 0.03125
0 0.6703125 0.57578125 0.025 0.028125
0 0.3640625 0.5984375 0.0265625 0.028125
0 0.38828125 0.59140625 0.025 0.0265625
0 0.384375 0.56328125 0.0234375 0.0265625
0 0.43828125 0.56171875 0.03125 0.028125
0 0.5671875 0.246875 0.03125 0.0296875
0 0.66640625 0.5390625 0.025 0.0265625
0 0.52734375 0.2765625 0.025 0.0234375
0 0.40703125 0.5203125 0.025 0.028125
0 0.58359375 0.31796875 0.028125 0.0234375
0 0.69140625 0.625 0.0296875 0.03125
0 0.38828125 0.5375 0.0234375 0.03125
0 0.57265625 0.33984375 0.028125 0.0296875
0 0.4171875 0.4921875 0.0328125 0.03125
0 0.4109375 0.54765625 0.0234375 0.0265625
0 0.58203125 0.2703125 0.03125 0.0265625
0 0.365625 0.5484375 0.0234375 0.0234375
0 0.69609375 0.590625 0.025 0.028125
0 0.5125 0.25390625 0.0234375 0.0265625