0 0.8609375 0.55234375 0.05 0.0390625
0 0.58359375 0.11796875 0.040625 0.046875
0 0.153125 0.4703125 0.046875 0.04375
0 0.5140625 0.1125 0.0359375 0.046875
0 0.45546875 0.83203125 0.040625 0.0484375
0 0.16796875 0.36328125 0.05 0.0390625
0 0.55078125 0.1140625 0.0375 0.0453125
0 0.42109375 0.828125 0.0421875 0.0484375
0 0.56328125 0.8328125 0.0375 0.046875
0 0.19609375 0.29765625 0.0453125 0.040625
0 0.7046875 0.565625 0.0265625 0.028125
0 0.44375 0.11640625 0.0390625 0.04375
0 0.19453125 0.65 0.0453125 0.0421875
0 0.38359375 0.8171875 0.04375 0.046875
0 0.63359375 0.8171875 0.0421875 0.0484375
0 0.8125 0.27578125 0.0453125 0.0390625
0 0.21640625 0.6796875 0.04375 0.0421875
0 0.7578125 0.73828125 0.0453125 0.04375
0 0.528125 0.83828125 0.0375 0.046875
0 0.15859375 0.54375 0.0484375 0.04375
0 0.6015625 0.828125 0.0390625 0.046875
0 0.84296875 0.6234375 0.0484375 0.04375
0 0.15859375 0.40078125 0.0484375 0.040625
0 0.16796875 0.57890625 0.0484375 0.04375
0 0.1546875 0.50859375 0.046875 0.0453125
0 0.66953125 0.80078125 0.0421875 0.0453125
0 0.315625 0.16796875 0.040625 0.0421875
0 0.3203125 0.78046875 0.0453125 0.0453125
0 0.259375 0.21328125 0.0421875 0.040625
0 0.86875 0.515625 0.046875 0.040625
0 0.18046875 0.615625 0.0453125 0.0390625
0 0.8703125 0.44375 0.0453125 0.040625
0 0.87109375 0.48203125 0.0453125 0.04375
0 0.284375 0.1875 0.0421875 0.0421875
0 0.2625 0.734375 0.04375 0.0421875
0 0.47734375 0.1125 0.0375 0.0453125
0 0.23359375 0.23828125 0.04375 0.040625
0 0.378125 0.1375 0.0390625 0.0453125
0 0.68203125 0.15625 0.04375 0.0484375
0 0.73046875 0.7640625 0.04375 0.04375
0 0.80625 0.68359375 0.046875 0.0390625
0 0.29609375 0.58125 0.03125 0.028125
0 0.65078125 0.13828125 0.0421875 0.04375
0 0.8546875 0.58671875 0.0484375 0.0390625
0 0.34375 0.153125 0.0421875 0.04375
0 0.340625 0.471875 0.0296875 0.0359375
0 0.4109375 0.1234375 0.0390625 0.04375
0 0.86171875 0.40625 0.0453125 0.04375
0 0.61875 0.528125 0.028125 0.0265625
0 0.57890625 0.5515625 0.0296875 0.028125
0 0.49140625 0.8359375 0.0375 0.0453125
0 0.33984375 0.5546875 0.0234375 0.0265625
0 0.28828125 0.76015625 0.040625 0.04375
0 0.78203125 0.7125 0.04375 0.0421875
0 0.61875 0.1265625 0.040625 0.0421875
0 0.23671875 0.709375 0.0453125 0.0390625
0 0.53359375 0.36953125 0.028125 0.0328125
0 0.1796875 0.33203125 0.05 0.040625
0 0.71796875 0.5140625 0.034375 0.028125
0 0.35078125 0.7984375 0.0421875 0.0453125
0 0.2125 0.2671875 0.04375 0.0359375
0 0.8265625 0.65703125 0.0484375 0.0390625
0 0.37109375 0.52109375 0.0265625 0.025
0 0.70234375 0.7828125 0.04375 0.0453125
0 0.7890625 0.24453125 0.04375 0.0359375
0 0.1546875 0.43359375 0.0484375 0.04375
0 0.44609375 0.3234375 0.03125 0.0296875
0 0.740625 0.19140625 0.0421875 0.04375
0 0.2875 0.55625 0.0296875 0.0296875
0 0.72421875 0.59296875 0.0328125 0.03125
0 0.84375 0.33828125 0.0453125 0.0375
0 0.73125 0.5640625 0.03125 0.028125
0 0.3171875 0.5484375 0.028125 0.028125
0 0.36640625 0.4984375 0.0265625 0.028125
0 0.76796875 0.21875 0.04375 0.040625
0 0.5046875 0.3703125 0.0265625 0.0359375
0 0.33515625 0.6171875 0.03125 0.0359375
0 0.8546875 0.37265625 0.0484375 0.0421875
0 0.4453125 0.275 0.03125 0.028125
0 0.83046875 0.30390625 0.046875 0.0390625
0 0.6515625 0.48515625 0.0296875 0.034375
0 0.37109375 0.46796875 0.028125 0.0328125
0 0.6453125 0.57578125 0.0265625 0.025
0 0.49921875 0.22578125 0.03125 0.0328125
0 0.60234375 0.50234375 0.03125 0.0328125
0 0.28984375 0.5328125 0.03125 0.0265625
0 0.53984375 0.25546875 0.028125 0.025
0 0.5890625 0.52734375 0.034375 0.028125
0 0.59609375 0.603125 0.03125 0.028125
0 0.3453125 0.53125 0.0234375 0.0265625
0 0.31875 0.4875 0.0296875 0.034375
0 0.6234375 0.4890625 0.028125 0.034375
0 0.72890625 0.540625 0.0328125 0.0296875
0 0.3875 0.61796875 0.0296875 0.034375
0 0.54296875 0.29375 0.0234375 0.025
0 0.5828125 0.5765625 0.03125 0.028125
0 0.4171875 0.4921875 0.0328125 0.0328125
0 0.41015625 0.60546875 0.03125 0.03125
0 0.6125 0.6203125 0.0296875 0.0296875
0 0.440625 0.29609375 0.028125 0.0234375
0 0.52421875 0.225 0.03125 0.034375
0 0.68984375 0.51796875 0.025 0.025
0 0.29765625 0.5046875 0.0328125 0.0296875
0 0.32265625 0.51875 0.0296875 0.0296875
0 0.6484375 0.5390625 0.0234375 0.025
0 0.321875 0.57109375 0.025 0.028125
0 0.63359375 0.55859375 0.0265625 0.0328125
0 0.3609375 0.625 0.0234375 0.0328125
0 0.709375 0.1796875 0.040625 0.0484375
0 0.55546875 0.32109375 0.0265625 0.0234375
0 0.48046875 0.359375 0.0296875 0.0296875
0 0.40546875 0.571875 0.0234375 0.028125
0 0.33828125 0.5875 0.025 0.03125
0 0.66953125 0.575 0.0265625 0.028125
0 0.64921875 0.60546875 0.0265625 0.028125
0 0.3953125 0.475 0.03125 0.0375
0 0.3140625 0.603125 0.028125 0.0328125
0 0.5296875 0.3171875 0.028125 0.0265625
0 0.38828125 0.503125 0.025 0.028125
0 0.67421875 0.60390625 0.0265625 0.025
0 0.33984375 0.50234375 0.025 0.0265625
0 0.68125 0.5546875 0.0203125 0.028125
0 0.4546875 0.2484375 0.0296875 0.0296875
0 0.70234375 0.54140625 0.0234375 0.0265625
0 0.56328125 0.29609375 0.0234375 0.025
0 0.6640625 0.6359375 0.0296875 0.040625
0 0.609375 0.55078125 0.028125 0.025
0 0.7109375 0.61328125 0.03125 0.0296875
0 0.51640625 0.30078125 0.028125 0.0328125
0 0.49296875 0.29765625 0.025 0.028125
0 0.51328125 0.33984375 0.0203125 0.025
0 0.5671875 0.24609375 0.03125 0.028125
0 0.625 0.5953125 0.0265625 0.0265625
0 0.540625 0.33828125 0.028125 0.0265625
0 0.70234375 0.496875 0.03125 0.028125
0 0.4921875 0.25703125 0.025 0.0234375
0 0.4734375 0.23515625 0.0296875 0.0296875
0 0.640625 0.51015625 0.025 0.025
0 0.66875 0.53671875 0.0234375 0.0234375
0 0.45859375 0.34296875 0.0265625 0.0296875
0 0.6765625 0.48671875 0.028125 0.034375
0 0.47578125 0.27265625 0.028125 0.0265625
0 0.36171875 0.5984375 0.0234375 0.028125
0 0.6390625 0.63203125 0.0265625 0.0328125
0 0.6125 0.57421875 0.0234375 0.0265625
0 0.384375 0.56171875 0.021875 0.0265625
0 0.66484375 0.51015625 0.025 0.0234375
0 0.696875 0.59140625 0.025 0.0265625
0 0.5125 0.253125 0.025 0.0265625
0 0.47265625 0.3234375 0.025 0.028125
0 0.503125 0.27734375 0.0265625 0.0265625
0 0.49453125 0.33828125 0.0265625 0.0234375
0 0.55390625 0.2734375 0.028125 0.021875
0 0.3578125 0.56953125 0.025 0.025
0 0.5265625 0.275 0.0234375 0.0234375
0 0.69140625 0.625 0.0296875 0.03125
0 0.43203125 0.58828125 0.0265625 0.03125
0 0.503125 0.3171875 0.0234375 0.0296875
0 0.38671875 0.53828125 0.0234375 0.028125
0 0.58046875 0.26875 0.028125 0.0265625
0 0.55703125 0.35546875 0.025 0.028125
0 0.43828125 0.5375 0.0328125 0.03125
0 0.43671875 0.56171875 0.0328125 0.028125
0 0.3875 0.590625 0.0234375 0.025
0 0.36484375 0.54921875 0.021875 0.0265625
0 0.65859375 0.55546875 0.03125 0.03125
0 0.5828125 0.31875 0.028125 0.0234375
0 0.58984375 0.29140625 0.0296875 0.0265625
0 0.4015625 0.515625 0.0328125 0.034375