0 0.86015625 0.553125 0.05 0.040625
0 0.51328125 0.11171875 0.0359375 0.0453125
0 0.5828125 0.11796875 0.0390625 0.0453125
0 0.52734375 0.83828125 0.0375 0.0484375
0 0.565625 0.834375 0.0375 0.0484375
0 0.4546875 0.8328125 0.040625 0.0484375
0 0.55078125 0.1140625 0.0359375 0.04375
0 0.16796875 0.3640625 0.0484375 0.0390625
0 0.15390625 0.4703125 0.0484375 0.040625
0 0.23359375 0.23828125 0.04375 0.0375
0 0.63359375 0.81796875 0.040625 0.046875
0 0.42109375 0.828125 0.0421875 0.0484375
0 0.44296875 0.11640625 0.0375 0.04375
0 0.41171875 0.125 0.0375 0.04375
0 0.66875 0.80390625 0.040625 0.0453125
0 0.15546875 0.50859375 0.0484375 0.0421875
0 0.28515625 0.18828125 0.0421875 0.040625
0 0.19453125 0.64921875 0.0453125 0.0390625
0 0.60078125 0.82734375 0.0375 0.046875
0 0.5828125 0.57734375 0.03125 0.0296875
0 0.29453125 0.58125 0.0296875 0.03125
0 0.384375 0.8171875 0.04375 0.046875
0 0.478125 0.11328125 0.0375 0.04375
0 0.3203125 0.78125 0.0453125 0.0453125
0 0.70546875 0.565625 0.0265625 0.0265625
0 0.16953125 0.57890625 0.046875 0.0421875
0 0.37734375 0.13515625 0.0375 0.04375
0 0.15859375 0.54453125 0.0484375 0.0421875
0 0.8703125 0.44453125 0.046875 0.040625
0 0.8125 0.27578125 0.046875 0.0375
0 0.84453125 0.62265625 0.046875 0.04375
0 0.19609375 0.29765625 0.046875 0.0390625
0 0.18046875 0.615625 0.046875 0.0390625
0 0.76640625 0.2203125 0.0421875 0.0390625
0 0.315625 0.16875 0.040625 0.040625
0 0.159375 0.40078125 0.0484375 0.0390625
0 0.87265625 0.48203125 0.046875 0.0421875
0 0.259375 0.21328125 0.04375 0.0390625
0 0.21640625 0.6796875 0.046875 0.040625
0 0.80859375 0.68671875 0.0453125 0.0421875
0 0.8625 0.40625 0.046875 0.0421875
0 0.7890625 0.24453125 0.0453125 0.0375
0 0.68203125 0.15703125 0.0421875 0.046875
0 0.61796875 0.528125 0.0265625 0.0265625
0 0.490625 0.8375 0.0359375 0.0453125
0 0.71875 0.5140625 0.034375 0.028125
0 0.78125 0.71328125 0.0453125 0.0421875
0 0.50390625 0.3703125 0.028125 0.0328125
0 0.7578125 0.73828125 0.0453125 0.04375
0 0.73203125 0.56484375 0.03125 0.0265625
0 0.5796875 0.55234375 0.03125 0.028125
0 0.496875 0.22578125 0.03125 0.034375
0 0.2359375 0.7078125 0.046875 0.0390625
0 0.6234375 0.4890625 0.03125 0.034375
0 0.2140625 0.26796875 0.0453125 0.0375
0 0.70234375 0.78203125 0.040625 0.0453125
0 0.73828125 0.19296875 0.04375 0.0390625
0 0.2625 0.7359375 0.046875 0.0390625
0 0.5890625 0.52890625 0.034375 0.028125
0 0.73046875 0.76484375 0.04375 0.0453125
0 0.5328125 0.36953125 0.025 0.0328125
0 0.3421875 0.15234375 0.040625 0.0421875
0 0.61796875 0.12734375 0.040625 0.0453125
0 0.8265625 0.65703125 0.046875 0.0390625
0 0.51484375 0.340625 0.025 0.0265625
0 0.33515625 0.61796875 0.03125 0.0359375
0 0.1546875 0.434375 0.0484375 0.040625
0 0.65078125 0.1390625 0.040625 0.04375
0 0.1796875 0.33203125 0.0515625 0.0390625
0 0.446875 0.32421875 0.0296875 0.0296875
0 0.84375 0.33828125 0.046875 0.0375
0 0.34140625 0.47265625 0.0296875 0.034375
0 0.5640625 0.2953125 0.0265625 0.0234375
0 0.8546875 0.5859375 0.05 0.0390625
0 0.29375 0.7625 0.0453125 0.046875
0 0.86953125 0.515625 0.0453125 0.0390625
0 0.32265625 0.57109375 0.028125 0.028125
0 0.72890625 0.540625 0.034375 0.0296875
0 0.43984375 0.296875 0.028125 0.0265625
0 0.2875 0.55703125 0.03125 0.028125
0 0.6515625 0.484375 0.0296875 0.0328125
0 0.60234375 0.503125 0.0328125 0.0296875
0 0.85390625 0.371875 0.0484375 0.0390625
0 0.3875 0.61796875 0.03125 0.034375
0 0.34375 0.53203125 0.0234375 0.0265625
0 0.33984375 0.55390625 0.0234375 0.0265625
0 0.36640625 0.4984375 0.0265625 0.028125
0 0.72421875 0.5921875 0.0328125 0.028125
0 0.54140625 0.29453125 0.025 0.0234375
0 0.34921875 0.8015625 0.0421875 0.0453125
0 0.3703125 0.52109375 0.028125 0.025
0 0.7125 0.17265625 0.040625 0.040625
0 0.3171875 0.54765625 0.0265625 0.0265625
0 0.703125 0.540625 0.0234375 0.0265625
0 0.83125 0.3046875 0.0484375 0.0375
0 0.52734375 0.22421875 0.0296875 0.0328125
0 0.68046875 0.55546875 0.021875 0.0296875
0 0.36171875 0.62578125 0.0234375 0.034375
0 0.2890625 0.53359375 0.03125 0.0265625
0 0.6484375 0.60546875 0.0234375 0.028125
0 0.61328125 0.62109375 0.0296875 0.0296875
0 0.37109375 0.46875 0.028125 0.0328125
0 0.31875 0.48828125 0.0296875 0.034375
0 0.4453125 0.27421875 0.03125 0.028125
0 0.4921875 0.3359375 0.028125 0.0265625
0 0.640625 0.5109375 0.025 0.025
0 0.41015625 0.60546875 0.028125 0.0296875
0 0.47265625 0.321875 0.0234375 0.025
0 0.32265625 0.51875 0.028125 0.028125
0 0.63359375 0.5578125 0.028125 0.0296875
0 0.3140625 0.603125 0.0296875 0.0328125
0 0.6453125 0.53828125 0.0234375 0.021875
0 0.6765625 0.48671875 0.028125 0.034375
0 0.4796875 0.36015625 0.028125 0.03125
0 0.5546875 0.32265625 0.0265625 0.0234375
0 0.671875 0.6046875 0.025 0.0265625
0 0.6890625 0.5203125 0.0265625 0.0265625
0 0.58359375 0.31875 0.03125 0.028125
0 0.59609375 0.60390625 0.03125 0.028125
0 0.5546875 0.2734375 0.028125 0.0234375
0 0.46015625 0.34296875 0.0296875 0.03125
0 0.340625 0.50234375 0.025 0.0265625
0 0.56484375 0.25 0.03125 0.028125
0 0.61328125 0.57265625 0.0234375 0.025
0 0.29765625 0.50546875 0.03125 0.028125
0 0.7109375 0.61328125 0.03125 0.03125
0 0.4734375 0.2359375 0.03125 0.0296875
0 0.70234375 0.496875 0.03125 0.0296875
0 0.4546875 0.25234375 0.0328125 0.025
0 0.540625 0.33671875 0.025 0.025
0 0.43046875 0.5890625 0.028125 0.0296875
0 0.63828125 0.63125 0.0265625 0.0328125
0 0.64609375 0.5734375 0.028125 0.03125
0 0.4390625 0.5359375 0.0328125 0.03125
0 0.43828125 0.56171875 0.0328125 0.028125
0 0.6640625 0.63671875 0.028125 0.0375
0 0.384375 0.56328125 0.0234375 0.0265625
0 0.5296875 0.31875 0.028125 0.0234375
0 0.53828125 0.25703125 0.0265625 0.025
0 0.57109375 0.34140625 0.028125 0.0265625
0 0.55546875 0.3578125 0.025 0.028125
0 0.40703125 0.5203125 0.0265625 0.028125
0 0.625 0.59609375 0.0234375 0.0265625
0 0.3578125 0.57109375 0.025 0.0234375
0 0.40546875 0.571875 0.0234375 0.0265625
0 0.3953125 0.47578125 0.0296875 0.0375
0 0.5125 0.253125 0.028125 0.0234375
0 0.66484375 0.509375 0.0234375 0.0234375
0 0.609375 0.54921875 0.025 0.025
0 0.3390625 0.58671875 0.0265625 0.03125
0 0.665625 0.53984375 0.0265625 0.028125
0 0.59140625 0.290625 0.0265625 0.0234375
0 0.3890625 0.50390625 0.0265625 0.028125
0 0.690625 0.62578125 0.03125 0.03125
0 0.3640625 0.5984375 0.0265625 0.028125
0 0.58359375 0.26953125 0.0328125 0.0296875
0 0.5125 0.29765625 0.0265625 0.028125
0 0.52734375 0.275 0.025 0.021875
0 0.49296875 0.29921875 0.0234375 0.0296875
0 0.465625 0.29609375 0.025 0.0234375
0 0.50390625 0.3140625 0.028125 0.03125
0 0.47578125 0.27265625 0.0265625 0.025
0 0.55 0.22890625 0.03125 0.03125
0 0.69609375 0.59140625 0.025 0.028125
0 0.36484375 0.5484375 0.021875 0.0234375
0 0.49296875 0.25703125 0.025 0.0265625
0 0.41015625 0.54765625 0.025 0.0265625
0 0.3875 0.590625 0.025 0.0265625
0 0.38671875 0.53828125 0.025 0.028125
0 0.66953125 0.575 0.025 0.028125
0 0.4171875 0.4921875 0.0328125 0.0328125