0 0.86015625 0.553125 0.0484375 0.0390625
0 0.5828125 0.11796875 0.040625 0.0484375
0 0.4546875 0.83203125 0.040625 0.0484375
0 0.55 0.11328125 0.0359375 0.0453125
0 0.15390625 0.47109375 0.0484375 0.0453125
0 0.16796875 0.36328125 0.05 0.0390625
0 0.5625 0.8328125 0.0375 0.046875
0 0.51328125 0.1125 0.0375 0.046875
0 0.29453125 0.58125 0.0296875 0.03125
0 0.19609375 0.296875 0.0453125 0.040625
0 0.8125 0.27578125 0.0453125 0.0375
0 0.19453125 0.6484375 0.0453125 0.040625
0 0.6328125 0.8171875 0.040625 0.046875
0 0.384375 0.8171875 0.04375 0.046875
0 0.70546875 0.565625 0.025 0.0265625
0 0.47734375 0.1125 0.0375 0.0453125
0 0.6671875 0.8 0.0421875 0.046875
0 0.37734375 0.13671875 0.0390625 0.0453125
0 0.16015625 0.54609375 0.046875 0.04375
0 0.42109375 0.8265625 0.0421875 0.046875
0 0.32109375 0.78046875 0.0453125 0.046875
0 0.23359375 0.23828125 0.04375 0.040625
0 0.31484375 0.16796875 0.0390625 0.040625
0 0.6015625 0.82890625 0.0390625 0.046875
0 0.21640625 0.6796875 0.04375 0.040625
0 0.44296875 0.11640625 0.0375 0.04375
0 0.84375 0.621875 0.046875 0.046875
0 0.259375 0.21328125 0.04375 0.0390625
0 0.52734375 0.8375 0.0375 0.046875
0 0.8703125 0.44375 0.0453125 0.040625
0 0.58203125 0.57578125 0.0328125 0.028125
0 0.1546875 0.50859375 0.046875 0.04375
0 0.7890625 0.24375 0.04375 0.0359375
0 0.80859375 0.6859375 0.04375 0.0421875
0 0.68125 0.15625 0.04375 0.0484375
0 0.61875 0.12734375 0.040625 0.0453125
0 0.76640625 0.2203125 0.0421875 0.0390625
0 0.26328125 0.734375 0.0453125 0.040625
0 0.17890625 0.33203125 0.0484375 0.040625
0 0.87265625 0.48203125 0.0453125 0.0421875
0 0.57890625 0.5515625 0.03125 0.03125
0 0.71875 0.5140625 0.0359375 0.028125
0 0.1703125 0.57890625 0.046875 0.0421875
0 0.18046875 0.615625 0.046875 0.0390625
0 0.5046875 0.36953125 0.0265625 0.034375
0 0.3671875 0.4984375 0.0265625 0.028125
0 0.65 0.1390625 0.0421875 0.04375
0 0.34296875 0.15234375 0.0390625 0.04375
0 0.8671875 0.51484375 0.05 0.040625
0 0.73125 0.7640625 0.0421875 0.04375
0 0.8671875 0.4078125 0.0484375 0.04375
0 0.159375 0.40078125 0.046875 0.0390625
0 0.61875 0.528125 0.028125 0.025
0 0.84296875 0.33828125 0.046875 0.0375
0 0.59609375 0.60390625 0.0328125 0.0296875
0 0.7578125 0.73828125 0.0453125 0.0421875
0 0.28515625 0.1890625 0.0453125 0.04375
0 0.21328125 0.2671875 0.04375 0.0359375
0 0.3703125 0.52109375 0.0265625 0.025
0 0.4109375 0.12421875 0.0390625 0.04375
0 0.8546875 0.5859375 0.0484375 0.0390625
0 0.23671875 0.71015625 0.0453125 0.0375
0 0.28828125 0.7609375 0.0421875 0.0421875
0 0.73203125 0.56484375 0.0296875 0.028125
0 0.8546875 0.37265625 0.046875 0.04375
0 0.603125 0.503125 0.0328125 0.028125
0 0.53359375 0.36953125 0.0265625 0.0328125
0 0.62265625 0.4890625 0.03125 0.034375
0 0.34453125 0.53125 0.0234375 0.0265625
0 0.446875 0.3234375 0.03125 0.0296875
0 0.5890625 0.52734375 0.034375 0.028125
0 0.28828125 0.55546875 0.03125 0.028125
0 0.49140625 0.8359375 0.0375 0.04375
0 0.31328125 0.603125 0.03125 0.0328125
0 0.7390625 0.1921875 0.0421875 0.040625
0 0.1546875 0.43359375 0.046875 0.04375
0 0.8296875 0.3046875 0.0453125 0.0375
0 0.82578125 0.6578125 0.046875 0.0390625
0 0.7828125 0.7125 0.04375 0.0421875
0 0.340625 0.471875 0.028125 0.034375
0 0.70234375 0.78359375 0.04375 0.0453125
0 0.35078125 0.7984375 0.0421875 0.046875
0 0.32109375 0.571875 0.0265625 0.028125
0 0.72890625 0.540625 0.0328125 0.0296875
0 0.3171875 0.54765625 0.0265625 0.0265625
0 0.5640625 0.2953125 0.0265625 0.025
0 0.72421875 0.59296875 0.0328125 0.03125
0 0.4984375 0.225 0.03125 0.034375
0 0.48046875 0.359375 0.0265625 0.0296875
0 0.3703125 0.46875 0.028125 0.03125
0 0.6453125 0.575 0.0265625 0.028125
0 0.33515625 0.6171875 0.03125 0.0359375
0 0.38828125 0.61796875 0.0296875 0.03125
0 0.45546875 0.24921875 0.03125 0.03125
0 0.5671875 0.24765625 0.034375 0.03125
0 0.4453125 0.275 0.0328125 0.028125
0 0.54296875 0.29375 0.0234375 0.025
0 0.703125 0.54140625 0.0234375 0.0265625
0 0.63359375 0.55859375 0.028125 0.0328125
0 0.3390625 0.55390625 0.0234375 0.0265625
0 0.3390625 0.50234375 0.025 0.0265625
0 0.6515625 0.484375 0.0296875 0.03125
0 0.45859375 0.34375 0.0296875 0.028125
0 0.28984375 0.53203125 0.03125 0.0265625
0 0.68125 0.55625 0.0203125 0.0296875
0 0.70234375 0.49765625 0.03125 0.03125
0 0.3609375 0.62578125 0.025 0.0328125
0 0.6765625 0.48671875 0.028125 0.0328125
0 0.55546875 0.321875 0.0265625 0.0234375
0 0.41015625 0.60546875 0.0296875 0.03125
0 0.71015625 0.61328125 0.03125 0.03125
0 0.32265625 0.51875 0.028125 0.028125
0 0.71328125 0.17265625 0.040625 0.040625
0 0.6484375 0.60546875 0.025 0.0265625
0 0.6125 0.57421875 0.0265625 0.0265625
0 0.3578125 0.56875 0.028125 0.0265625
0 0.43984375 0.29609375 0.028125 0.0234375
0 0.52421875 0.22578125 0.03125 0.0359375
0 0.5296875 0.31796875 0.028125 0.025
0 0.66328125 0.51015625 0.028125 0.025
0 0.3890625 0.503125 0.025 0.0265625
0 0.3953125 0.475 0.03125 0.0375
0 0.61015625 0.55078125 0.0265625 0.025
0 0.68984375 0.51953125 0.025 0.0265625
0 0.6484375 0.5390625 0.025 0.025
0 0.31796875 0.4875 0.0296875 0.034375
0 0.2984375 0.5046875 0.0328125 0.028125
0 0.671875 0.6046875 0.025 0.0265625
0 0.47265625 0.32109375 0.025 0.0265625
0 0.4921875 0.25625 0.0265625 0.0234375
0 0.4734375 0.23515625 0.0296875 0.028125
0 0.66484375 0.6359375 0.028125 0.0375
0 0.38828125 0.53828125 0.0234375 0.0265625
0 0.4921875 0.33515625 0.0265625 0.028125
0 0.61328125 0.6203125 0.028125 0.03125
0 0.46484375 0.29609375 0.025 0.0234375
0 0.62578125 0.59609375 0.0234375 0.0265625
0 0.33828125 0.5875 0.0265625 0.0328125
0 0.63984375 0.51015625 0.0234375 0.025
0 0.634375 0.62890625 0.0265625 0.0328125
0 0.43125 0.5859375 0.0265625 0.03125
0 0.51484375 0.340625 0.025 0.025
0 0.40625 0.52109375 0.0265625 0.028125
0 0.54140625 0.33828125 0.028125 0.0234375
0 0.4765625 0.27265625 0.028125 0.025
0 0.5390625 0.25625 0.0234375 0.025
0 0.5046875 0.3109375 0.0296875 0.0390625
0 0.40546875 0.57109375 0.0234375 0.028125
0 0.415625 0.4859375 0.0328125 0.0359375
0 0.3875 0.590625 0.0265625 0.0265625
0 0.51328125 0.253125 0.0265625 0.0234375
0 0.6671875 0.5375 0.0265625 0.025
0 0.55390625 0.2734375 0.0265625 0.0203125
0 0.4375 0.5625 0.03125 0.0296875
0 0.5828125 0.31953125 0.0296875 0.0265625
0 0.69140625 0.625 0.0296875 0.03125
0 0.69609375 0.58984375 0.0265625 0.0296875
0 0.3609375 0.5984375 0.025 0.0265625
0 0.57265625 0.3421875 0.0296875 0.03125
0 0.5265625 0.2765625 0.028125 0.0265625
0 0.58125 0.271875 0.03125 0.025
0 0.409375 0.5484375 0.0234375 0.025
0 0.4390625 0.5375 0.0328125 0.0296875
0 0.590625 0.29140625 0.028125 0.025