0 0.86171875 0.553125 0.05 0.040625
0 0.16796875 0.3640625 0.05 0.0390625
0 0.5140625 0.1125 0.0359375 0.0453125
0 0.5828125 0.1171875 0.040625 0.046875
0 0.42109375 0.82734375 0.04375 0.05
0 0.38359375 0.8171875 0.04375 0.0484375
0 0.19375 0.64921875 0.0453125 0.040625
0 0.55 0.1140625 0.0359375 0.0453125
0 0.478125 0.11328125 0.0390625 0.04375
0 0.56328125 0.8328125 0.0375 0.046875
0 0.153125 0.47109375 0.0484375 0.04375
0 0.528125 0.83828125 0.0390625 0.0484375
0 0.8703125 0.44375 0.046875 0.0421875
0 0.8125 0.27578125 0.0453125 0.0375
0 0.16015625 0.54609375 0.046875 0.0421875
0 0.60234375 0.82890625 0.0390625 0.046875
0 0.1546875 0.5078125 0.046875 0.04375
0 0.159375 0.4 0.046875 0.0390625
0 0.66875 0.8 0.04375 0.046875
0 0.6328125 0.81640625 0.040625 0.0453125
0 0.84375 0.621875 0.0484375 0.046875
0 0.2859375 0.18828125 0.046875 0.04375
0 0.45546875 0.8328125 0.040625 0.046875
0 0.28828125 0.76015625 0.0421875 0.04375
0 0.26328125 0.73515625 0.046875 0.0390625
0 0.3203125 0.78046875 0.0453125 0.046875
0 0.76796875 0.21953125 0.04375 0.0390625
0 0.2953125 0.58125 0.03125 0.028125
0 0.49140625 0.8359375 0.0375 0.0453125
0 0.34375 0.153125 0.040625 0.04375
0 0.87265625 0.4796875 0.0484375 0.0453125
0 0.65078125 0.1390625 0.0421875 0.0453125
0 0.86328125 0.40703125 0.046875 0.04375
0 0.68203125 0.15625 0.04375 0.0484375
0 0.80625 0.684375 0.046875 0.0390625
0 0.73046875 0.76484375 0.04375 0.0453125
0 0.70546875 0.56484375 0.025 0.0265625
0 0.1796875 0.33203125 0.05 0.0390625
0 0.21640625 0.6796875 0.0453125 0.040625
0 0.44375 0.11640625 0.0390625 0.0421875
0 0.75703125 0.7375 0.0453125 0.0421875
0 0.71875 0.5140625 0.034375 0.028125
0 0.8671875 0.51484375 0.05 0.0390625
0 0.18125 0.615625 0.046875 0.0390625
0 0.57890625 0.55234375 0.03125 0.03125
0 0.41171875 0.1234375 0.0375 0.0421875
0 0.259375 0.21328125 0.0421875 0.0390625
0 0.21328125 0.26875 0.046875 0.0390625
0 0.315625 0.16796875 0.040625 0.0421875
0 0.16796875 0.578125 0.046875 0.0421875
0 0.378125 0.1375 0.0390625 0.04375
0 0.2359375 0.709375 0.0453125 0.0390625
0 0.82578125 0.65625 0.046875 0.0390625
0 0.58359375 0.5765625 0.034375 0.028125
0 0.34140625 0.471875 0.028125 0.034375
0 0.234375 0.23828125 0.0453125 0.0421875
0 0.8546875 0.5859375 0.0484375 0.0390625
0 0.78984375 0.24296875 0.04375 0.0390625
0 0.61875 0.12734375 0.0421875 0.0453125
0 0.3671875 0.496875 0.0265625 0.028125
0 0.19296875 0.296875 0.0453125 0.0421875
0 0.33515625 0.6171875 0.03125 0.0375
0 0.85546875 0.371875 0.046875 0.04375
0 0.59609375 0.60234375 0.03125 0.028125
0 0.6796875 0.55546875 0.025 0.028125
0 0.84375 0.33828125 0.0453125 0.0375
0 0.53359375 0.36953125 0.0265625 0.0328125
0 0.8296875 0.30390625 0.046875 0.0390625
0 0.37109375 0.521875 0.028125 0.025
0 0.7390625 0.19296875 0.04375 0.040625
0 0.61796875 0.5265625 0.0265625 0.0265625
0 0.78046875 0.7125 0.0453125 0.0421875
0 0.4453125 0.27421875 0.0328125 0.028125
0 0.28828125 0.55625 0.03125 0.028125
0 0.73046875 0.56484375 0.03125 0.028125
0 0.34921875 0.8015625 0.04375 0.04375
0 0.58828125 0.528125 0.034375 0.028125
0 0.3703125 0.46796875 0.028125 0.03125
0 0.3140625 0.60234375 0.0296875 0.03125
0 0.321875 0.57109375 0.028125 0.0265625
0 0.15546875 0.4359375 0.0484375 0.04375
0 0.703125 0.7828125 0.04375 0.0453125
0 0.72890625 0.54140625 0.034375 0.0296875
0 0.72421875 0.59296875 0.0328125 0.03125
0 0.5421875 0.29453125 0.025 0.0234375
0 0.34453125 0.53046875 0.0234375 0.0265625
0 0.2890625 0.5328125 0.03125 0.028125
0 0.71328125 0.17265625 0.040625 0.040625
0 0.503125 0.3703125 0.028125 0.034375
0 0.440625 0.296875 0.028125 0.0265625
0 0.446875 0.32421875 0.0296875 0.028125
0 0.3953125 0.47421875 0.03125 0.0375
0 0.5546875 0.32265625 0.0265625 0.025
0 0.6125 0.62109375 0.03125 0.0296875
0 0.33984375 0.5546875 0.0234375 0.0265625
0 0.6890625 0.51875 0.025 0.0265625
0 0.62421875 0.490625 0.0296875 0.0328125
0 0.5234375 0.22578125 0.03125 0.034375
0 0.31640625 0.54765625 0.028125 0.0265625
0 0.6515625 0.484375 0.03125 0.0328125
0 0.459375 0.34375 0.0328125 0.028125
0 0.53828125 0.25546875 0.028125 0.025
0 0.3390625 0.5015625 0.025 0.0265625
0 0.63828125 0.63125 0.028125 0.0359375
0 0.41015625 0.60625 0.03125 0.03125
0 0.38828125 0.61796875 0.0296875 0.03125
0 0.49765625 0.22578125 0.0296875 0.03125
0 0.31875 0.48671875 0.03125 0.034375
0 0.640625 0.5109375 0.025 0.0265625
0 0.58125 0.2703125 0.028125 0.0234375
0 0.5546875 0.2734375 0.028125 0.021875
0 0.61015625 0.55078125 0.028125 0.0265625
0 0.70234375 0.53984375 0.025 0.0265625
0 0.60390625 0.503125 0.034375 0.025
0 0.70234375 0.49609375 0.03125 0.0296875
0 0.48046875 0.359375 0.028125 0.03125
0 0.5015625 0.27578125 0.028125 0.0234375
0 0.67734375 0.48671875 0.028125 0.0328125
0 0.29765625 0.50546875 0.0328125 0.0296875
0 0.43828125 0.5375 0.034375 0.03125
0 0.56328125 0.29609375 0.025 0.0234375
0 0.36171875 0.6265625 0.025 0.0328125
0 0.7109375 0.61328125 0.03125 0.0328125
0 0.32265625 0.51796875 0.03125 0.03125
0 0.4546875 0.2515625 0.0328125 0.028125
0 0.66484375 0.6359375 0.028125 0.0390625
0 0.671875 0.6046875 0.025 0.0265625
0 0.6453125 0.5765625 0.0265625 0.025
0 0.5671875 0.24921875 0.034375 0.028125
0 0.3578125 0.56875 0.025 0.0265625
0 0.4703125 0.321875 0.0296875 0.0265625
0 0.51484375 0.30390625 0.034375 0.0390625
0 0.36171875 0.6 0.0265625 0.03125
0 0.33828125 0.58671875 0.028125 0.03125
0 0.6265625 0.596875 0.025 0.025
0 0.49375 0.2953125 0.0265625 0.0234375
0 0.5390625 0.3375 0.0265625 0.0234375
0 0.43125 0.58515625 0.028125 0.0296875
0 0.66484375 0.51015625 0.0265625 0.0265625
0 0.52890625 0.275 0.0234375 0.021875
0 0.6125 0.571875 0.021875 0.025
0 0.47578125 0.2734375 0.0265625 0.025
0 0.47890625 0.23515625 0.0328125 0.034375
0 0.6484375 0.5375 0.0234375 0.0203125
0 0.38828125 0.50390625 0.025 0.0265625
0 0.43828125 0.5625 0.03125 0.028125
0 0.4171875 0.4921875 0.034375 0.0328125
0 0.6703125 0.5765625 0.025 0.025
0 0.46484375 0.296875 0.025 0.0234375
0 0.38828125 0.5890625 0.028125 0.028125
0 0.634375 0.56015625 0.0265625 0.0359375
0 0.69609375 0.58984375 0.0265625 0.0296875
0 0.58671875 0.29375 0.03125 0.028125
0 0.384375 0.56171875 0.0234375 0.0234375
0 0.571875 0.33984375 0.034375 0.0359375
0 0.65 0.60390625 0.0234375 0.0265625
0 0.4921875 0.33515625 0.0265625 0.0265625
0 0.69140625 0.625 0.0296875 0.0296875
0 0.51328125 0.340625 0.0234375 0.0234375
0 0.40625 0.5234375 0.0265625 0.028125
0 0.49140625 0.25546875 0.0265625 0.0234375
0 0.409375 0.5484375 0.0234375 0.0265625
0 0.6671875 0.5390625 0.0234375 0.0265625
0 0.51015625 0.25390625 0.0265625 0.025