1 0.19453125 0.64765625 0.04453125 0.04296875
1 0.56171875 0.83203125 0.0375 0.04453125
1 0.29453125 0.58046875 0.03046875 0.03046875
1 0.47890625 0.11171875 0.0359375 0.04609375
1 0.16640625 0.57890625 0.046875 0.04140625
1 0.584375 0.11484375 0.040625 0.04609375
1 0.80546875 0.684375 0.04453125 0.040625
1 0.84296875 0.33671875 0.04453125 0.0375
1 0.703125 0.56484375 0.0234375 0.0265625
1 0.86171875 0.55078125 0.0484375 0.04296875
1 0.165625 0.3640625 0.0484375 0.0390625
1 0.73671875 0.19296875 0.04296875 0.04140625
1 0.5140625 0.11015625 0.0359375 0.04296875
1 0.44296875 0.115625 0.0359375 0.04453125
1 0.234375 0.23828125 0.04296875 0.04296875
1 0.546875 0.11171875 0.0359375 0.04296875
1 0.86953125 0.44296875 0.04453125 0.04453125
1 0.3203125 0.56953125 0.0234375 0.028125
1 0.34296875 0.14921875 0.04140625 0.04296875
1 0.66796875 0.79921875 0.04140625 0.04609375
1 0.453125 0.83046875 0.040625 0.046875
1 0.44296875 0.31953125 0.03046875 0.028125
1 0.15078125 0.50703125 0.04609375 0.04453125
1 0.528125 0.83671875 0.0359375 0.0484375
1 0.59921875 0.82578125 0.040625 0.04609375
1 0.28515625 0.18828125 0.04296875 0.04296875
1 0.58046875 0.578125 0.03046875 0.028125
1 0.19296875 0.296875 0.046875 0.0390625
1 0.28671875 0.75859375 0.04296875 0.04140625
1 0.68046875 0.15390625 0.04140625 0.046875
1 0.84453125 0.62265625 0.04453125 0.04296875
1 0.78671875 0.2453125 0.04296875 0.0375
1 0.73046875 0.76171875 0.04140625 0.04296875
1 0.50234375 0.31484375 0.0234375 0.0234375
1 0.49453125 0.22421875 0.03046875 0.03203125
1 0.38046875 0.81640625 0.04140625 0.05
1 0.52890625 0.315625 0.025 0.025
1 0.36796875 0.521875 0.028125 0.0265625
1 0.715625 0.51328125 0.034375 0.02890625
1 0.73203125 0.565625 0.03046875 0.028125
1 0.515625 0.33984375 0.021875 0.0265625
1 0.153125 0.43359375 0.046875 0.04453125
1 0.34140625 0.47421875 0.028125 0.034375
1 0.60078125 0.50078125 0.034375 0.02890625
1 0.55546875 0.31796875 0.025 0.021875
1 0.40703125 0.12421875 0.0390625 0.04296875
1 0.50390625 0.36796875 0.028125 0.03359375
1 0.53671875 0.25390625 0.0265625 0.025
1 0.365625 0.49609375 0.025 0.028125
1 0.23671875 0.70703125 0.04609375 0.04453125
1 0.68515625 0.51796875 0.02109375 0.028125
1 0.5390625 0.29296875 0.021875 0.021875
1 0.47421875 0.31796875 0.0234375 0.021875
1 0.68046875 0.55390625 0.021875 0.028125
1 0.64296875 0.53515625 0.021875 0.0234375
1 0.34296875 0.528125 0.021875 0.0265625
1 0.340625 0.553125 0.021875 0.0265625
1 0.39296875 0.4765625 0.03046875 0.0390625
1 0.490625 0.25234375 0.021875 0.0234375
1 0.5140625 0.2515625 0.025 0.025
1 0.61015625 0.571875 0.0234375 0.025
1 0.40859375 0.60390625 0.028125 0.03046875
1 0.671875 0.60234375 0.0234375 0.0265625
1 0.290625 0.52890625 0.03046875 0.03046875
1 0.359375 0.62421875 0.025 0.03203125
1 0.64921875 0.48203125 0.02890625 0.03046875
1 0.53046875 0.36796875 0.025 0.03359375
1 0.64296875 0.578125 0.025 0.025
1 0.48984375 0.83671875 0.0375 0.0484375
1 0.66796875 0.57578125 0.021875 0.0265625
1 0.56171875 0.2953125 0.02109375 0.0234375
1 0.709375 0.61171875 0.02890625 0.03203125
1 0.56640625 0.246875 0.03046875 0.02890625
1 0.646875 0.603125 0.0234375 0.0265625
1 0.478125 0.36015625 0.028125 0.02890625
1 0.40546875 0.571875 0.021875 0.0265625
1 0.6078125 0.546875 0.0265625 0.025
1 0.57109375 0.33984375 0.028125 0.02890625
1 0.44296875 0.27109375 0.03046875 0.028125
1 0.43671875 0.534375 0.03203125 0.03203125
1 0.31953125 0.51796875 0.028125 0.03046875
1 0.584375 0.31640625 0.03203125 0.028125
1 0.33359375 0.61796875 0.03046875 0.0359375
1 0.6390625 0.509375 0.025 0.025
1 0.46484375 0.296875 0.0234375 0.0234375
1 0.61171875 0.61953125 0.02890625 0.03046875
1 0.51328125 0.29453125 0.02109375 0.01953125
1 0.38046875 0.56171875 0.021875 0.0234375
1 0.41015625 0.546875 0.0234375 0.0265625
1 0.47265625 0.27109375 0.02890625 0.025
1 0.40546875 0.5203125 0.025 0.0265625
1 0.52265625 0.22265625 0.02890625 0.034375
1 0.58828125 0.28984375 0.03203125 0.0265625
1 0.66171875 0.63203125 0.02890625 0.0359375
1 0.49921875 0.27421875 0.02109375 0.02109375
1 0.36171875 0.59453125 0.02109375 0.025
1 0.53828125 0.3359375 0.0234375 0.025
1 0.61796875 0.128125 0.0359375 0.046875
1 0.49140625 0.33671875 0.021875 0.0234375
1 0.36171875 0.546875 0.02109375 0.0234375
1 0.86015625 0.37421875 0.05390625 0.04609375
1 0.38515625 0.58828125 0.02109375 0.02890625
1 0.52265625 0.27421875 0.02109375 0.02109375
1 0.38515625 0.61640625 0.0265625 0.03046875
1 0.6640625 0.50859375 0.021875 0.025
1 0.809375 0.27421875 0.04296875 0.034375
1 0.33515625 0.79140625 0.0515625 0.05859375
1 0.35859375 0.56953125 0.025 0.025
1 0.58203125 0.53359375 0.03359375 0.028125