0 0.42109375 0.828125 0.0421875 0.046875
0 0.58359375 0.1171875 0.0390625 0.046875
0 0.55078125 0.11328125 0.0375 0.04375
0 0.8609375 0.553125 0.05 0.040625
0 0.565625 0.83359375 0.0390625 0.0453125
0 0.44453125 0.11640625 0.040625 0.04375
0 0.5140625 0.11328125 0.0359375 0.046875
0 0.6328125 0.8171875 0.040625 0.046875
0 0.384375 0.8171875 0.0421875 0.0484375
0 0.45546875 0.83125 0.040625 0.0484375
0 0.153125 0.4703125 0.0484375 0.0453125
0 0.19453125 0.64921875 0.0453125 0.040625
0 0.1796875 0.33125 0.0484375 0.040625
0 0.84296875 0.621875 0.0484375 0.046875
0 0.66796875 0.8 0.04375 0.046875
0 0.15859375 0.4 0.046875 0.0390625
0 0.8703125 0.44375 0.0453125 0.0421875
0 0.790625 0.24375 0.0421875 0.04375
0 0.68203125 0.15625 0.0421875 0.046875
0 0.32109375 0.78125 0.0453125 0.046875
0 0.16796875 0.3625 0.05 0.0390625
0 0.5296875 0.8390625 0.0390625 0.0453125
0 0.871875 0.4796875 0.0484375 0.0453125
0 0.8546875 0.58671875 0.0484375 0.0390625
0 0.26328125 0.73515625 0.04375 0.0421875
0 0.28515625 0.1890625 0.0453125 0.04375
0 0.31484375 0.1671875 0.0390625 0.04375
0 0.65078125 0.13984375 0.0421875 0.0453125
0 0.159375 0.54375 0.0484375 0.0453125
0 0.86328125 0.40703125 0.0453125 0.0453125
0 0.4921875 0.83515625 0.0359375 0.0421875
0 0.1703125 0.57890625 0.0453125 0.0421875
0 0.18125 0.61484375 0.0453125 0.0375
0 0.61796875 0.1265625 0.0421875 0.04375
0 0.76796875 0.21875 0.04375 0.0421875
0 0.60234375 0.828125 0.0390625 0.0453125
0 0.81171875 0.27578125 0.04375 0.0390625
0 0.78203125 0.71328125 0.04375 0.04375
0 0.234375 0.23828125 0.0453125 0.040625
0 0.7421875 0.1921875 0.046875 0.04375
0 0.21328125 0.26796875 0.046875 0.0359375
0 0.34453125 0.153125 0.040625 0.0453125
0 0.73125 0.7640625 0.0421875 0.04375
0 0.80859375 0.68671875 0.04375 0.04375
0 0.21640625 0.68046875 0.0453125 0.040625
0 0.290625 0.759375 0.04375 0.04375
0 0.2953125 0.58125 0.03125 0.028125
0 0.19296875 0.29453125 0.04375 0.0390625
0 0.2609375 0.2140625 0.0453125 0.0421875
0 0.8671875 0.51484375 0.0484375 0.0390625
0 0.15625 0.50859375 0.046875 0.04375
0 0.23671875 0.71015625 0.0453125 0.0390625
0 0.28828125 0.55625 0.03125 0.03125
0 0.33515625 0.61796875 0.03125 0.0359375
0 0.57890625 0.55234375 0.03125 0.03125
0 0.759375 0.73828125 0.04375 0.0453125
0 0.36640625 0.4984375 0.028125 0.028125
0 0.8546875 0.37109375 0.0484375 0.040625
0 0.37109375 0.521875 0.0265625 0.0265625
0 0.71796875 0.51328125 0.0359375 0.028125
0 0.84375 0.33828125 0.0453125 0.0375
0 0.409375 0.125 0.0390625 0.040625
0 0.58984375 0.528125 0.0328125 0.028125
0 0.5828125 0.57578125 0.03125 0.028125
0 0.703125 0.7828125 0.04375 0.04375
0 0.37734375 0.134375 0.0375 0.04375
0 0.409375 0.60625 0.03125 0.03125
0 0.31953125 0.4875 0.03125 0.0359375
0 0.8265625 0.6578125 0.0484375 0.040625
0 0.33984375 0.55390625 0.0234375 0.028125
0 0.44609375 0.3234375 0.028125 0.0296875
0 0.47734375 0.11328125 0.0375 0.0453125
0 0.321875 0.57265625 0.025 0.0296875
0 0.72890625 0.53984375 0.0328125 0.03125
0 0.83046875 0.30390625 0.0453125 0.040625
0 0.596875 0.60234375 0.034375 0.03125
0 0.1546875 0.4328125 0.0484375 0.04375
0 0.340625 0.471875 0.028125 0.034375
0 0.31796875 0.54765625 0.025 0.0265625
0 0.7046875 0.56640625 0.028125 0.0265625
0 0.71015625 0.17890625 0.040625 0.0484375
0 0.28984375 0.5328125 0.03125 0.0265625
0 0.3703125 0.46796875 0.0296875 0.03125
0 0.515625 0.3 0.03125 0.0359375
0 0.6171875 0.52734375 0.028125 0.025
0 0.45546875 0.2484375 0.0328125 0.03125
0 0.36171875 0.625 0.0265625 0.034375
0 0.32265625 0.51875 0.028125 0.03125
0 0.646875 0.578125 0.025 0.025
0 0.7109375 0.6125 0.0328125 0.03125
0 0.35 0.79921875 0.0453125 0.046875
0 0.4453125 0.275 0.03125 0.028125
0 0.5671875 0.2453125 0.0328125 0.028125
0 0.73125 0.56484375 0.03125 0.028125
0 0.62265625 0.48984375 0.0296875 0.034375
0 0.609375 0.55 0.028125 0.0265625
0 0.6765625 0.4859375 0.028125 0.0328125
0 0.70234375 0.496875 0.0328125 0.0296875
0 0.34453125 0.53046875 0.0234375 0.0265625
0 0.61328125 0.6203125 0.03125 0.03125
0 0.703125 0.540625 0.0234375 0.028125
0 0.63359375 0.55703125 0.028125 0.03125
0 0.4984375 0.22578125 0.0328125 0.034375
0 0.5234375 0.225 0.03125 0.034375
0 0.58203125 0.26953125 0.0328125 0.028125
0 0.7234375 0.59296875 0.03125 0.03125
0 0.3875 0.6171875 0.0296875 0.0328125
0 0.3375 0.58671875 0.025 0.03125
0 0.41640625 0.49140625 0.034375 0.034375
0 0.43203125 0.58828125 0.0265625 0.03125
0 0.6515625 0.484375 0.028125 0.0296875
0 0.3125 0.603125 0.03125 0.03125
0 0.68203125 0.55625 0.0203125 0.0265625
0 0.603125 0.50234375 0.034375 0.028125
0 0.68984375 0.5203125 0.025 0.0265625
0 0.6640625 0.509375 0.0265625 0.0265625
0 0.3953125 0.47421875 0.0296875 0.034375
0 0.50234375 0.3171875 0.025 0.0296875
0 0.4734375 0.2359375 0.028125 0.0296875
0 0.3890625 0.503125 0.025 0.028125
0 0.3609375 0.5984375 0.025 0.028125
0 0.503125 0.36875 0.028125 0.0359375
0 0.5171875 0.340625 0.0234375 0.0234375
0 0.29765625 0.50625 0.034375 0.028125
0 0.40703125 0.51953125 0.028125 0.0265625
0 0.440625 0.29609375 0.028125 0.025
0 0.67109375 0.578125 0.025 0.0234375
0 0.4765625 0.27421875 0.03125 0.028125
0 0.55390625 0.27265625 0.0265625 0.0234375
0 0.5296875 0.315625 0.0265625 0.028125
0 0.43828125 0.53984375 0.0328125 0.0359375
0 0.54375 0.29375 0.021875 0.0265625
0 0.33984375 0.5015625 0.025 0.0265625
0 0.51328125 0.253125 0.028125 0.0265625
0 0.6265625 0.59453125 0.025 0.0265625
0 0.3671875 0.55390625 0.028125 0.0390625
0 0.5546875 0.321875 0.025 0.025
0 0.6125 0.5734375 0.0234375 0.0234375
0 0.5828125 0.31875 0.03125 0.0265625
0 0.4796875 0.36015625 0.0265625 0.028125
0 0.66796875 0.53671875 0.025 0.025
0 0.50078125 0.27578125 0.021875 0.021875
0 0.47109375 0.3203125 0.0265625 0.028125
0 0.409375 0.54765625 0.025 0.0265625
0 0.64609375 0.53515625 0.0234375 0.01875
0 0.46015625 0.3421875 0.0296875 0.028125
0 0.6484375 0.60625 0.025 0.025
0 0.3875 0.5375 0.0234375 0.0296875
0 0.69140625 0.62421875 0.03125 0.0328125
0 0.56171875 0.29765625 0.0265625 0.0234375
0 0.6640625 0.6328125 0.0296875 0.034375
0 0.35859375 0.5703125 0.025 0.0234375
0 0.5265625 0.27421875 0.0265625 0.0234375
0 0.634375 0.628125 0.0265625 0.034375
0 0.49140625 0.33671875 0.0328125 0.025
0 0.43671875 0.56171875 0.0328125 0.028125
0 0.6625 0.55390625 0.0265625 0.028125
0 0.64140625 0.5109375 0.0265625 0.028125
0 0.58984375 0.29140625 0.0296875 0.025
0 0.40625 0.5734375 0.021875 0.0296875
0 0.49140625 0.2578125 0.0265625 0.0234375
0 0.5328125 0.36796875 0.0265625 0.0328125
0 0.5390625 0.25625 0.021875 0.0234375
0 0.53984375 0.33671875 0.028125 0.0234375
0 0.490625 0.296875 0.0234375 0.0234375