0 0.19453125 0.64921875 0.0453125 0.0421875
0 0.5828125 0.11796875 0.040625 0.0453125
0 0.16796875 0.36328125 0.05 0.040625
0 0.55078125 0.1140625 0.0359375 0.04375
0 0.8609375 0.553125 0.05 0.0390625
0 0.5140625 0.11171875 0.0359375 0.046875
0 0.153125 0.47109375 0.0484375 0.0421875
0 0.384375 0.8171875 0.04375 0.046875
0 0.44375 0.11640625 0.040625 0.04375
0 0.4203125 0.828125 0.040625 0.0484375
0 0.528125 0.83828125 0.0375 0.046875
0 0.565625 0.8328125 0.0375 0.0453125
0 0.63359375 0.81796875 0.040625 0.0484375
0 0.4546875 0.83203125 0.040625 0.0484375
0 0.66796875 0.8 0.0421875 0.046875
0 0.18046875 0.61484375 0.046875 0.0375
0 0.15859375 0.54375 0.0484375 0.04375
0 0.60234375 0.82890625 0.0390625 0.046875
0 0.478125 0.11328125 0.0375 0.046875
0 0.84296875 0.62265625 0.0484375 0.046875
0 0.26171875 0.734375 0.04375 0.04375
0 0.28515625 0.1890625 0.04375 0.0421875
0 0.15859375 0.4 0.046875 0.0390625
0 0.8703125 0.44375 0.0453125 0.040625
0 0.1703125 0.57890625 0.046875 0.0421875
0 0.1546875 0.5078125 0.046875 0.04375
0 0.17890625 0.33125 0.05 0.0390625
0 0.4109375 0.1234375 0.0375 0.0421875
0 0.215625 0.68046875 0.0453125 0.0390625
0 0.34140625 0.47265625 0.0296875 0.0359375
0 0.76796875 0.21875 0.04375 0.040625
0 0.29453125 0.58125 0.0296875 0.03125
0 0.19296875 0.296875 0.046875 0.04375
0 0.61796875 0.12734375 0.0421875 0.04375
0 0.32109375 0.7796875 0.0453125 0.046875
0 0.871875 0.47890625 0.0484375 0.04375
0 0.8125 0.27578125 0.0453125 0.0375
0 0.234375 0.23828125 0.0453125 0.0421875
0 0.73125 0.7640625 0.04375 0.04375
0 0.80859375 0.68671875 0.04375 0.040625
0 0.86328125 0.40703125 0.046875 0.04375
0 0.8265625 0.65703125 0.046875 0.0390625
0 0.3453125 0.153125 0.040625 0.0421875
0 0.86640625 0.51484375 0.0484375 0.040625
0 0.68203125 0.15703125 0.0421875 0.0484375
0 0.65078125 0.1390625 0.04375 0.0453125
0 0.2890625 0.76015625 0.04375 0.04375
0 0.49140625 0.8359375 0.0375 0.0453125
0 0.378125 0.13671875 0.0390625 0.0421875
0 0.70546875 0.56484375 0.025 0.0265625
0 0.6234375 0.48984375 0.0296875 0.034375
0 0.73828125 0.19296875 0.0421875 0.040625
0 0.7578125 0.73828125 0.0453125 0.0421875
0 0.5796875 0.5515625 0.03125 0.0296875
0 0.31484375 0.16796875 0.040625 0.040625
0 0.15390625 0.434375 0.046875 0.04375
0 0.2875 0.55625 0.0296875 0.028125
0 0.5890625 0.528125 0.034375 0.028125
0 0.8546875 0.371875 0.046875 0.0421875
0 0.26015625 0.21328125 0.0421875 0.0390625
0 0.78984375 0.24375 0.04375 0.0390625
0 0.2359375 0.7078125 0.046875 0.0390625
0 0.65234375 0.484375 0.0296875 0.034375
0 0.78203125 0.71328125 0.04375 0.04375
0 0.35 0.7984375 0.040625 0.0453125
0 0.61796875 0.528125 0.0265625 0.025
0 0.5828125 0.5765625 0.03125 0.0296875
0 0.7015625 0.78203125 0.0421875 0.0453125
0 0.44765625 0.3234375 0.03125 0.0296875
0 0.33515625 0.6171875 0.03125 0.0375
0 0.84296875 0.33828125 0.046875 0.0375
0 0.83046875 0.3046875 0.046875 0.0390625
0 0.37109375 0.46796875 0.028125 0.0328125
0 0.71796875 0.51328125 0.0359375 0.028125
0 0.73203125 0.56484375 0.03125 0.028125
0 0.32421875 0.571875 0.03125 0.028125
0 0.21328125 0.26875 0.0421875 0.0375
0 0.36640625 0.4984375 0.0265625 0.028125
0 0.53359375 0.36953125 0.028125 0.0328125
0 0.34453125 0.534375 0.0265625 0.03125
0 0.45703125 0.34375 0.028125 0.0265625
0 0.8546875 0.5859375 0.0484375 0.040625
0 0.3875 0.61796875 0.0296875 0.034375
0 0.603125 0.50234375 0.0328125 0.0296875
0 0.33984375 0.55234375 0.0234375 0.025
0 0.5640625 0.2953125 0.0265625 0.0234375
0 0.728125 0.540625 0.0328125 0.03125
0 0.4453125 0.27421875 0.0328125 0.028125
0 0.49140625 0.33671875 0.0296875 0.0265625
0 0.3703125 0.52109375 0.0265625 0.0234375
0 0.71328125 0.17421875 0.0421875 0.0421875
0 0.31796875 0.546875 0.025 0.0265625
0 0.5546875 0.32265625 0.0265625 0.0234375
0 0.28984375 0.5328125 0.0328125 0.028125
0 0.53984375 0.25546875 0.0265625 0.025
0 0.3234375 0.51875 0.03125 0.03125
0 0.35859375 0.56875 0.028125 0.0265625
0 0.72421875 0.5921875 0.0328125 0.0296875
0 0.41015625 0.60625 0.03125 0.03125
0 0.7109375 0.6125 0.03125 0.03125
0 0.36171875 0.625 0.025 0.0328125
0 0.4390625 0.296875 0.028125 0.025
0 0.49765625 0.225 0.0296875 0.0328125
0 0.5046875 0.36953125 0.0265625 0.03125
0 0.68984375 0.5203125 0.025 0.0265625
0 0.6328125 0.5578125 0.025 0.0296875
0 0.609375 0.55078125 0.028125 0.025
0 0.67265625 0.6046875 0.025 0.0265625
0 0.33984375 0.50234375 0.0265625 0.0265625
0 0.51484375 0.340625 0.0234375 0.0234375
0 0.6765625 0.48671875 0.028125 0.034375
0 0.52421875 0.22578125 0.03125 0.034375
0 0.64609375 0.5765625 0.0265625 0.025
0 0.70234375 0.496875 0.03125 0.03125
0 0.3125 0.603125 0.0296875 0.0328125
0 0.70234375 0.540625 0.0234375 0.0265625
0 0.56640625 0.25 0.034375 0.0296875
0 0.6640625 0.63671875 0.0296875 0.0390625
0 0.67890625 0.55546875 0.0234375 0.028125
0 0.6125 0.571875 0.0265625 0.0234375
0 0.43046875 0.58828125 0.028125 0.03125
0 0.31796875 0.48671875 0.03125 0.034375
0 0.63828125 0.63125 0.0265625 0.034375
0 0.58125 0.2703125 0.03125 0.0265625
0 0.47421875 0.23515625 0.0328125 0.0296875
0 0.54140625 0.2953125 0.025 0.0234375
0 0.29765625 0.50546875 0.0328125 0.028125
0 0.3953125 0.47421875 0.03125 0.0375
0 0.46796875 0.32265625 0.028125 0.0296875
0 0.63984375 0.51171875 0.0234375 0.025
0 0.6125 0.6203125 0.0296875 0.03125
0 0.3890625 0.50390625 0.0265625 0.028125
0 0.4796875 0.359375 0.0296875 0.028125
0 0.6265625 0.596875 0.0265625 0.025
0 0.50859375 0.3140625 0.0328125 0.0359375
0 0.45625 0.2484375 0.03125 0.028125
0 0.55078125 0.22890625 0.0296875 0.0265625
0 0.690625 0.62578125 0.03125 0.03125
0 0.4390625 0.5375 0.0328125 0.03125
0 0.64765625 0.5390625 0.025 0.025
0 0.540625 0.33828125 0.025 0.0234375
0 0.4765625 0.27265625 0.028125 0.0265625
0 0.33828125 0.58671875 0.028125 0.03125
0 0.52578125 0.27578125 0.028125 0.0234375
0 0.59453125 0.603125 0.03125 0.028125
0 0.4171875 0.49296875 0.0328125 0.0328125
0 0.55390625 0.27421875 0.028125 0.021875
0 0.4046875 0.57109375 0.025 0.0265625
0 0.49296875 0.29921875 0.0265625 0.028125
0 0.46328125 0.296875 0.025 0.021875
0 0.6640625 0.51015625 0.025 0.025
0 0.571875 0.33984375 0.03125 0.028125
0 0.384375 0.5625 0.021875 0.025
0 0.3609375 0.5984375 0.0234375 0.0265625
0 0.43828125 0.5625 0.03125 0.028125
0 0.4109375 0.5484375 0.025 0.0265625
0 0.3859375 0.5375 0.0265625 0.028125
0 0.65 0.6046875 0.0234375 0.0265625
0 0.49375 0.25625 0.025 0.025
0 0.584375 0.3171875 0.03125 0.0265625
0 0.66171875 0.55390625 0.028125 0.034375
0 0.6953125 0.58984375 0.0265625 0.028125
0 0.5109375 0.253125 0.028125 0.0234375
0 0.66953125 0.5375 0.025 0.025
0 0.590625 0.290625 0.028125 0.0234375
0 0.671875 0.57734375 0.0265625 0.0234375
0 0.55703125 0.35703125 0.0265625 0.025
0 0.38671875 0.590625 0.028125 0.0265625
0 0.528125 0.31875 0.03125 0.0234375