0 0.86015625 0.55234375 0.0484375 0.0390625
0 0.55078125 0.1140625 0.0375 0.0453125
0 0.384375 0.8171875 0.0421875 0.046875
0 0.4546875 0.83203125 0.040625 0.05
0 0.15234375 0.47109375 0.0484375 0.046875
0 0.16875 0.36328125 0.0484375 0.0390625
0 0.58359375 0.11796875 0.0390625 0.046875
0 0.19453125 0.64921875 0.04375 0.0421875
0 0.1546875 0.5078125 0.0453125 0.04375
0 0.5140625 0.1125 0.0359375 0.046875
0 0.56328125 0.8328125 0.0390625 0.0453125
0 0.16953125 0.57890625 0.046875 0.04375
0 0.42109375 0.82734375 0.0421875 0.0484375
0 0.8703125 0.44375 0.0453125 0.040625
0 0.70546875 0.565625 0.025 0.0265625
0 0.73046875 0.76328125 0.0421875 0.04375
0 0.44453125 0.11640625 0.0390625 0.04375
0 0.32109375 0.78046875 0.0453125 0.046875
0 0.19609375 0.296875 0.0453125 0.040625
0 0.6328125 0.8171875 0.0421875 0.046875
0 0.28515625 0.1890625 0.0453125 0.0453125
0 0.66875 0.80234375 0.0390625 0.046875
0 0.68203125 0.15625 0.04375 0.046875
0 0.84453125 0.621875 0.0453125 0.04375
0 0.52734375 0.83828125 0.0375 0.046875
0 0.159375 0.40078125 0.0453125 0.040625
0 0.47734375 0.1125 0.0375 0.0453125
0 0.2625 0.734375 0.0453125 0.040625
0 0.8625 0.40625 0.0453125 0.04375
0 0.7890625 0.24453125 0.0421875 0.0390625
0 0.6015625 0.828125 0.0375 0.046875
0 0.871875 0.47890625 0.0484375 0.04375
0 0.31484375 0.1671875 0.040625 0.0421875
0 0.8671875 0.51484375 0.0484375 0.040625
0 0.18046875 0.61484375 0.0484375 0.0390625
0 0.75859375 0.7390625 0.0453125 0.04375
0 0.234375 0.23828125 0.0453125 0.0421875
0 0.71875 0.5140625 0.034375 0.028125
0 0.73125 0.56484375 0.0296875 0.0265625
0 0.16015625 0.54609375 0.046875 0.04375
0 0.34375 0.15390625 0.0421875 0.0453125
0 0.6515625 0.13828125 0.040625 0.04375
0 0.49140625 0.83671875 0.0375 0.0453125
0 0.23671875 0.709375 0.0453125 0.0390625
0 0.28828125 0.76015625 0.0421875 0.04375
0 0.37734375 0.1375 0.0390625 0.0453125
0 0.8546875 0.371875 0.0484375 0.0421875
0 0.8125 0.275 0.0453125 0.0390625
0 0.80546875 0.68359375 0.046875 0.040625
0 0.61796875 0.528125 0.028125 0.028125
0 0.29609375 0.58125 0.03125 0.0296875
0 0.8546875 0.5859375 0.0484375 0.0390625
0 0.72421875 0.59296875 0.0328125 0.03125
0 0.21328125 0.2671875 0.0453125 0.0375
0 0.34140625 0.471875 0.028125 0.034375
0 0.1796875 0.33125 0.05 0.0390625
0 0.78125 0.71328125 0.0453125 0.0421875
0 0.61796875 0.1265625 0.0421875 0.0453125
0 0.21640625 0.6796875 0.0453125 0.040625
0 0.40859375 0.12578125 0.0390625 0.0421875
0 0.76796875 0.21875 0.0421875 0.0421875
0 0.26015625 0.21328125 0.04375 0.040625
0 0.534375 0.36875 0.028125 0.0359375
0 0.83125 0.30390625 0.0453125 0.040625
0 0.5890625 0.528125 0.0328125 0.028125
0 0.82578125 0.65625 0.0453125 0.0390625
0 0.68046875 0.55546875 0.021875 0.028125
0 0.72890625 0.540625 0.0328125 0.0296875
0 0.7015625 0.78203125 0.040625 0.04375
0 0.5953125 0.603125 0.0296875 0.028125
0 0.33515625 0.6171875 0.03125 0.0359375
0 0.73828125 0.19375 0.0421875 0.040625
0 0.50390625 0.3703125 0.028125 0.0359375
0 0.5796875 0.5515625 0.0328125 0.028125
0 0.2890625 0.55703125 0.03125 0.028125
0 0.36640625 0.4984375 0.0265625 0.028125
0 0.4453125 0.275 0.03125 0.028125
0 0.55546875 0.321875 0.0265625 0.0234375
0 0.3703125 0.46796875 0.028125 0.0328125
0 0.37109375 0.52109375 0.0265625 0.025
0 0.44609375 0.3234375 0.0296875 0.0296875
0 0.58125 0.5765625 0.0296875 0.0296875
0 0.62421875 0.48828125 0.0296875 0.034375
0 0.70234375 0.54140625 0.0234375 0.0265625
0 0.84375 0.3375 0.0453125 0.0375
0 0.4984375 0.225 0.03125 0.034375
0 0.6125 0.6203125 0.03125 0.0296875
0 0.5421875 0.29453125 0.0234375 0.025
0 0.33984375 0.5546875 0.0234375 0.028125
0 0.603125 0.50234375 0.0296875 0.03125
0 0.35 0.79765625 0.040625 0.046875
0 0.28984375 0.53359375 0.034375 0.028125
0 0.3875 0.61796875 0.0296875 0.034375
0 0.3609375 0.62578125 0.025 0.0328125
0 0.34375 0.53203125 0.0265625 0.0265625
0 0.15546875 0.4328125 0.0484375 0.04375
0 0.32265625 0.571875 0.028125 0.028125
0 0.61171875 0.57265625 0.025 0.025
0 0.6484375 0.5375 0.021875 0.0234375
0 0.31875 0.5484375 0.025 0.0265625
0 0.70234375 0.496875 0.03125 0.03125
0 0.409375 0.60546875 0.03125 0.0328125
0 0.5390625 0.25625 0.028125 0.025
0 0.7125 0.17265625 0.040625 0.040625
0 0.31875 0.4875 0.03125 0.034375
0 0.64453125 0.5734375 0.0265625 0.028125
0 0.39453125 0.47421875 0.03125 0.0390625
0 0.4734375 0.2359375 0.03125 0.03125
0 0.7109375 0.6125 0.0328125 0.0296875
0 0.48046875 0.3609375 0.0265625 0.03125
0 0.49375 0.2546875 0.0234375 0.0234375
0 0.671875 0.6046875 0.025 0.0265625
0 0.65234375 0.48515625 0.0296875 0.03125
0 0.66953125 0.5765625 0.025 0.0265625
0 0.3234375 0.51875 0.0296875 0.03125
0 0.5640625 0.2953125 0.025 0.0234375
0 0.45546875 0.2484375 0.0296875 0.0296875
0 0.4171875 0.49140625 0.0328125 0.034375
0 0.6484375 0.6046875 0.0234375 0.028125
0 0.3578125 0.56953125 0.025 0.0265625
0 0.6859375 0.51796875 0.021875 0.028125
0 0.40546875 0.5703125 0.0234375 0.028125
0 0.5234375 0.22578125 0.03125 0.0359375
0 0.3890625 0.50390625 0.0265625 0.0296875
0 0.6765625 0.48671875 0.028125 0.034375
0 0.31484375 0.603125 0.0296875 0.0328125
0 0.63359375 0.55703125 0.0265625 0.028125
0 0.6671875 0.53671875 0.0234375 0.0234375
0 0.528125 0.275 0.025 0.0234375
0 0.46015625 0.34296875 0.03125 0.0296875
0 0.61015625 0.55078125 0.0265625 0.0234375
0 0.6640625 0.6359375 0.028125 0.0390625
0 0.5828125 0.31875 0.0296875 0.025
0 0.6390625 0.6359375 0.0265625 0.0359375
0 0.64140625 0.51015625 0.0234375 0.025
0 0.51015625 0.30390625 0.034375 0.0390625
0 0.38359375 0.5625 0.0234375 0.0265625
0 0.69140625 0.62578125 0.03125 0.03125
0 0.47734375 0.27265625 0.028125 0.025
0 0.340625 0.5015625 0.0265625 0.028125
0 0.56640625 0.24609375 0.03125 0.0265625
0 0.5546875 0.27265625 0.0265625 0.0234375
0 0.6265625 0.59609375 0.025 0.0265625
0 0.4921875 0.3359375 0.0265625 0.028125
0 0.471875 0.32109375 0.0234375 0.0234375
0 0.29765625 0.50546875 0.0328125 0.028125
0 0.66484375 0.509375 0.0234375 0.0234375
0 0.43828125 0.53828125 0.034375 0.034375
0 0.440625 0.296875 0.0265625 0.0234375
0 0.66015625 0.55703125 0.025 0.0265625
0 0.5140625 0.33984375 0.025 0.0265625
0 0.46484375 0.296875 0.025 0.0234375
0 0.6953125 0.590625 0.0265625 0.028125
0 0.571875 0.340625 0.028125 0.0265625
0 0.36015625 0.59921875 0.0234375 0.028125
0 0.43125 0.5890625 0.0265625 0.0296875
0 0.54296875 0.33671875 0.0234375 0.0234375
0 0.55546875 0.35625 0.0234375 0.0265625
0 0.3390625 0.5859375 0.025 0.0328125
0 0.40703125 0.52109375 0.0265625 0.028125
0 0.58203125 0.2703125 0.03125 0.0296875
0 0.51171875 0.253125 0.021875 0.025
0 0.3875 0.590625 0.0265625 0.0234375
0 0.55 0.22890625 0.028125 0.0265625