0 0.5828125 0.1171875 0.0390625 0.046875
0 0.153125 0.4703125 0.0453125 0.046875
0 0.8609375 0.55390625 0.05 0.04375
0 0.384375 0.8171875 0.0421875 0.0484375
0 0.16875 0.36328125 0.0484375 0.0421875
0 0.6328125 0.81796875 0.0421875 0.046875
0 0.44375 0.1171875 0.040625 0.04375
0 0.68359375 0.15703125 0.0453125 0.05
0 0.45546875 0.83203125 0.040625 0.05
0 0.66875 0.8 0.0421875 0.04375
0 0.56328125 0.8328125 0.0359375 0.0453125
0 0.15859375 0.40078125 0.046875 0.040625
0 0.42109375 0.82734375 0.0421875 0.046875
0 0.6015625 0.82890625 0.0390625 0.046875
0 0.65234375 0.1390625 0.04375 0.04375
0 0.478125 0.11171875 0.0375 0.04375
0 0.55 0.1140625 0.0359375 0.04375
0 0.8125 0.27578125 0.04375 0.0375
0 0.5140625 0.1125 0.0359375 0.04375
0 0.17890625 0.33125 0.046875 0.0390625
0 0.19453125 0.64921875 0.04375 0.0421875
0 0.7390625 0.19296875 0.0421875 0.040625
0 0.32109375 0.78046875 0.04375 0.046875
0 0.159375 0.54296875 0.0453125 0.0453125
0 0.28984375 0.76015625 0.04375 0.04375
0 0.84296875 0.6234375 0.046875 0.046875
0 0.871875 0.47890625 0.046875 0.0453125
0 0.76796875 0.21796875 0.046875 0.0421875
0 0.61875 0.12734375 0.040625 0.0453125
0 0.26328125 0.734375 0.0453125 0.0421875
0 0.31484375 0.16875 0.0390625 0.0453125
0 0.73046875 0.7640625 0.0421875 0.04375
0 0.52734375 0.8390625 0.0390625 0.046875
0 0.21328125 0.26875 0.0453125 0.0390625
0 0.1703125 0.57890625 0.04375 0.0421875
0 0.84375 0.3375 0.04375 0.0390625
0 0.23515625 0.2390625 0.04375 0.0421875
0 0.18125 0.61484375 0.0453125 0.0390625
0 0.19296875 0.296875 0.0453125 0.04375
0 0.409375 0.125 0.0375 0.040625
0 0.23671875 0.709375 0.04375 0.04375
0 0.215625 0.68046875 0.04375 0.0421875
0 0.28515625 0.1890625 0.04375 0.04375
0 0.86796875 0.44375 0.046875 0.040625
0 0.1546875 0.5078125 0.046875 0.0453125
0 0.34453125 0.15390625 0.0421875 0.04375
0 0.86953125 0.51640625 0.0484375 0.040625
0 0.80859375 0.6859375 0.0421875 0.0421875
0 0.8625 0.40703125 0.0453125 0.0453125
0 0.5828125 0.57734375 0.03125 0.03125
0 0.37734375 0.134375 0.0390625 0.040625
0 0.35 0.7984375 0.0421875 0.046875
0 0.26015625 0.2140625 0.0421875 0.040625
0 0.7015625 0.78125 0.0390625 0.04375
0 0.321875 0.571875 0.028125 0.0265625
0 0.49140625 0.8375 0.0375 0.046875
0 0.71796875 0.5140625 0.034375 0.0296875
0 0.790625 0.24375 0.04375 0.0390625
0 0.2953125 0.5796875 0.0296875 0.03125
0 0.78203125 0.7125 0.0421875 0.04375
0 0.7578125 0.7375 0.0453125 0.04375
0 0.709375 0.1796875 0.040625 0.0484375
0 0.365625 0.49765625 0.0265625 0.0296875
0 0.8546875 0.5859375 0.0484375 0.0390625
0 0.39609375 0.47421875 0.03125 0.0390625
0 0.38984375 0.50390625 0.028125 0.028125
0 0.4453125 0.2734375 0.03125 0.028125
0 0.54140625 0.29375 0.025 0.025
0 0.28984375 0.5328125 0.0328125 0.028125
0 0.15546875 0.4359375 0.0484375 0.04375
0 0.8546875 0.3703125 0.046875 0.04375
0 0.31953125 0.4875 0.0328125 0.0375
0 0.73125 0.56484375 0.03125 0.0296875
0 0.34453125 0.53125 0.025 0.0265625
0 0.8265625 0.65703125 0.0453125 0.0390625
0 0.8296875 0.3046875 0.0453125 0.040625
0 0.371875 0.52265625 0.025 0.0265625
0 0.5796875 0.5515625 0.03125 0.03125
0 0.34140625 0.471875 0.028125 0.0328125
0 0.2875 0.55703125 0.03125 0.03125
0 0.72890625 0.540625 0.034375 0.03125
0 0.6765625 0.4859375 0.028125 0.0328125
0 0.38828125 0.6171875 0.0296875 0.0328125
0 0.3390625 0.55390625 0.021875 0.025
0 0.36953125 0.46640625 0.0296875 0.0328125
0 0.440625 0.29609375 0.028125 0.0265625
0 0.703125 0.49609375 0.03125 0.0265625
0 0.6234375 0.48984375 0.028125 0.034375
0 0.31484375 0.603125 0.0296875 0.0328125
0 0.33515625 0.61640625 0.03125 0.0359375
0 0.596875 0.60234375 0.03125 0.03125
0 0.31796875 0.5484375 0.025 0.028125
0 0.6890625 0.51796875 0.0265625 0.0265625
0 0.446875 0.32421875 0.0296875 0.0296875
0 0.68046875 0.5546875 0.0234375 0.0265625
0 0.321875 0.51875 0.028125 0.028125
0 0.5390625 0.25625 0.028125 0.025
0 0.52421875 0.225 0.03125 0.034375
0 0.3578125 0.56953125 0.025 0.025
0 0.609375 0.55 0.0296875 0.025
0 0.4984375 0.2265625 0.028125 0.0359375
0 0.71015625 0.61171875 0.03125 0.0328125
0 0.41796875 0.490625 0.03125 0.0328125
0 0.4546875 0.2484375 0.028125 0.0296875
0 0.5328125 0.36875 0.025 0.0359375
0 0.53125 0.31875 0.0265625 0.0234375
0 0.47890625 0.23515625 0.0328125 0.0328125
0 0.41015625 0.60625 0.03125 0.03125
0 0.70234375 0.54140625 0.025 0.0265625
0 0.45859375 0.34453125 0.028125 0.0265625
0 0.51328125 0.33984375 0.0234375 0.025
0 0.6484375 0.60625 0.028125 0.0296875
0 0.29765625 0.50546875 0.0328125 0.0265625
0 0.5546875 0.35625 0.028125 0.028125
0 0.5890625 0.52578125 0.03125 0.028125
0 0.33828125 0.5859375 0.0265625 0.03125
0 0.6515625 0.55390625 0.0390625 0.0359375
0 0.70546875 0.5640625 0.0234375 0.0234375
0 0.565625 0.2953125 0.0296875 0.0234375
0 0.6125 0.571875 0.0234375 0.0234375
0 0.55859375 0.325 0.03125 0.028125
0 0.40703125 0.51953125 0.0265625 0.028125
0 0.4375 0.54453125 0.0359375 0.05
0 0.55078125 0.2703125 0.0296875 0.028125
0 0.72421875 0.5921875 0.03125 0.028125
0 0.38671875 0.53828125 0.0265625 0.03125
0 0.5296875 0.278125 0.03125 0.03125
0 0.67109375 0.5765625 0.025 0.025
0 0.4796875 0.36015625 0.0265625 0.03125
0 0.43125 0.58515625 0.0265625 0.03125
0 0.61796875 0.528125 0.028125 0.0265625
0 0.50390625 0.36875 0.028125 0.0328125
0 0.365625 0.55 0.0265625 0.0265625
0 0.5 0.31484375 0.0265625 0.0296875
0 0.36171875 0.62578125 0.0265625 0.03125
0 0.384375 0.56328125 0.0234375 0.0265625
0 0.51328125 0.29765625 0.0296875 0.0296875
0 0.33984375 0.50078125 0.0265625 0.028125
0 0.62578125 0.596875 0.0234375 0.0265625
0 0.56640625 0.24453125 0.03125 0.0265625