0 0.45546875 0.83125 0.040625 0.05
0 0.5828125 0.1171875 0.040625 0.046875
0 0.42109375 0.828125 0.0421875 0.046875
0 0.16796875 0.36328125 0.05 0.040625
0 0.86171875 0.553125 0.05 0.040625
0 0.56328125 0.8328125 0.0359375 0.0453125
0 0.5140625 0.11171875 0.0359375 0.0453125
0 0.55 0.1140625 0.0359375 0.046875
0 0.6328125 0.8171875 0.040625 0.0453125
0 0.32109375 0.78046875 0.04375 0.046875
0 0.60234375 0.82890625 0.0390625 0.0453125
0 0.15859375 0.54296875 0.046875 0.0453125
0 0.66875 0.8 0.04375 0.046875
0 0.68125 0.15703125 0.04375 0.0484375
0 0.44453125 0.1171875 0.0375 0.04375
0 0.159375 0.40078125 0.0453125 0.040625
0 0.15234375 0.47109375 0.0453125 0.0453125
0 0.8703125 0.44375 0.0453125 0.0421875
0 0.17890625 0.33125 0.0484375 0.0390625
0 0.84296875 0.621875 0.0484375 0.046875
0 0.19453125 0.64921875 0.04375 0.0421875
0 0.73125 0.76328125 0.0421875 0.04375
0 0.384375 0.81796875 0.0421875 0.0484375
0 0.528125 0.8375 0.0375 0.046875
0 0.8125 0.27578125 0.0453125 0.0390625
0 0.871875 0.4796875 0.046875 0.046875
0 0.18125 0.615625 0.046875 0.0390625
0 0.7671875 0.2171875 0.04375 0.040625
0 0.21484375 0.26875 0.0453125 0.04375
0 0.7578125 0.7390625 0.0453125 0.04375
0 0.15546875 0.50859375 0.0453125 0.0453125
0 0.65078125 0.13828125 0.0453125 0.04375
0 0.8671875 0.515625 0.0484375 0.040625
0 0.23671875 0.709375 0.0453125 0.0421875
0 0.21640625 0.68046875 0.0453125 0.04375
0 0.2859375 0.1890625 0.0453125 0.0453125
0 0.1953125 0.296875 0.046875 0.040625
0 0.49140625 0.8375 0.0375 0.046875
0 0.740625 0.1921875 0.04375 0.04375
0 0.61875 0.1265625 0.040625 0.04375
0 0.16875 0.578125 0.0484375 0.04375
0 0.8546875 0.5875 0.0484375 0.0421875
0 0.4109375 0.12421875 0.0390625 0.0453125
0 0.478125 0.11328125 0.0390625 0.0421875
0 0.2625 0.73515625 0.04375 0.04375
0 0.3140625 0.1671875 0.040625 0.0453125
0 0.78984375 0.24375 0.04375 0.0390625
0 0.34453125 0.15546875 0.0421875 0.0453125
0 0.2890625 0.76015625 0.0421875 0.04375
0 0.82734375 0.65859375 0.0484375 0.0421875
0 0.8625 0.40703125 0.0453125 0.046875
0 0.234375 0.2390625 0.04375 0.0421875
0 0.29609375 0.58125 0.03125 0.03125
0 0.80859375 0.68828125 0.04375 0.0453125
0 0.33515625 0.61796875 0.03125 0.0359375
0 0.378125 0.1375 0.0390625 0.04375
0 0.78203125 0.71328125 0.04375 0.04375
0 0.259375 0.21328125 0.04375 0.040625
0 0.7015625 0.78203125 0.040625 0.04375
0 0.35078125 0.7984375 0.0421875 0.046875
0 0.83046875 0.30390625 0.0453125 0.040625
0 0.28828125 0.55546875 0.03125 0.0296875
0 0.70625 0.56484375 0.0234375 0.0265625
0 0.8546875 0.37109375 0.0484375 0.04375
0 0.37109375 0.52109375 0.0265625 0.025
0 0.37109375 0.46875 0.0296875 0.03125
0 0.15546875 0.434375 0.0453125 0.046875
0 0.709375 0.1796875 0.040625 0.05
0 0.34140625 0.471875 0.028125 0.034375
0 0.84375 0.3390625 0.0453125 0.0375
0 0.36796875 0.49765625 0.0265625 0.0296875
0 0.31640625 0.5484375 0.028125 0.028125
0 0.44453125 0.2734375 0.0296875 0.028125
0 0.725 0.59296875 0.034375 0.03125
0 0.59609375 0.603125 0.03125 0.0296875
0 0.73125 0.56484375 0.03125 0.028125
0 0.2890625 0.53203125 0.0328125 0.028125
0 0.6890625 0.51796875 0.025 0.0265625
0 0.71796875 0.51328125 0.0359375 0.0296875
0 0.58359375 0.5765625 0.0328125 0.03125
0 0.31875 0.4875 0.03125 0.034375
0 0.49765625 0.2265625 0.0296875 0.0359375
0 0.5890625 0.5265625 0.034375 0.028125
0 0.44609375 0.32265625 0.0296875 0.028125
0 0.609375 0.55078125 0.0296875 0.028125
0 0.6125 0.62109375 0.0296875 0.0296875
0 0.72890625 0.53984375 0.034375 0.03125
0 0.31328125 0.60234375 0.03125 0.03125
0 0.6234375 0.4890625 0.028125 0.034375
0 0.6515625 0.484375 0.028125 0.0359375
0 0.71015625 0.6140625 0.03125 0.034375
0 0.52421875 0.225 0.03125 0.034375
0 0.70234375 0.496875 0.03125 0.028125
0 0.5546875 0.3203125 0.0265625 0.0265625
0 0.3953125 0.475 0.03125 0.0375
0 0.34453125 0.53046875 0.0234375 0.0265625
0 0.321875 0.571875 0.0265625 0.028125
0 0.440625 0.29609375 0.028125 0.025
0 0.56796875 0.24609375 0.0328125 0.028125
0 0.58203125 0.2703125 0.0328125 0.028125
0 0.340625 0.5015625 0.0296875 0.028125
0 0.57890625 0.55078125 0.0296875 0.0296875
0 0.50390625 0.3125 0.0296875 0.0359375
0 0.3609375 0.625 0.025 0.034375
0 0.5390625 0.25546875 0.03125 0.0265625
0 0.53828125 0.29453125 0.0234375 0.025
0 0.3875 0.6171875 0.0296875 0.0328125
0 0.53359375 0.36875 0.0265625 0.0375
0 0.67734375 0.55625 0.028125 0.0296875
0 0.32265625 0.51875 0.0296875 0.03125
0 0.29765625 0.5046875 0.0328125 0.028125
0 0.63203125 0.559375 0.0234375 0.03125
0 0.4375 0.53828125 0.034375 0.0328125
0 0.4765625 0.275 0.028125 0.025
0 0.60390625 0.50234375 0.028125 0.028125
0 0.6703125 0.57578125 0.0265625 0.0265625
0 0.553125 0.2734375 0.03125 0.0265625
0 0.33984375 0.5546875 0.0234375 0.028125
0 0.4703125 0.3203125 0.025 0.025
0 0.640625 0.62734375 0.021875 0.0421875
0 0.6765625 0.48515625 0.028125 0.03125
0 0.38828125 0.53828125 0.0265625 0.028125
0 0.5375 0.3390625 0.028125 0.0234375
0 0.65078125 0.53984375 0.028125 0.028125
0 0.41015625 0.60546875 0.03125 0.0359375
0 0.4875 0.34609375 0.03125 0.0453125
0 0.38984375 0.50390625 0.0234375 0.028125
0 0.5734375 0.3296875 0.0390625 0.0453125
0 0.4171875 0.4921875 0.0328125 0.0328125
0 0.6453125 0.57578125 0.0234375 0.0234375
0 0.7015625 0.540625 0.025 0.0265625
0 0.3578125 0.56875 0.0234375 0.025
0 0.6140625 0.57265625 0.0234375 0.0234375
0 0.45546875 0.24765625 0.0296875 0.0296875
0 0.5046875 0.37109375 0.028125 0.03125
0 0.49140625 0.25625 0.0296875 0.025
0 0.65078125 0.60625 0.0265625 0.0296875
0 0.61875 0.5265625 0.025 0.025
0 0.696875 0.590625 0.0234375 0.028125
0 0.6640625 0.509375 0.0265625 0.025
0 0.3390625 0.58671875 0.028125 0.03125