0 0.42109375 0.82734375 0.040625 0.0515625
0 0.86015625 0.55390625 0.0484375 0.0421875
0 0.16796875 0.36328125 0.05 0.040625
0 0.15390625 0.47109375 0.046875 0.04375
0 0.4546875 0.83203125 0.040625 0.0484375
0 0.5828125 0.1171875 0.0390625 0.0484375
0 0.26328125 0.73515625 0.0453125 0.0421875
0 0.63203125 0.81796875 0.040625 0.0453125
0 0.384375 0.8171875 0.04375 0.0484375
0 0.5140625 0.11171875 0.0359375 0.0453125
0 0.5640625 0.8328125 0.0359375 0.0453125
0 0.8703125 0.44375 0.0453125 0.040625
0 0.684375 0.15703125 0.04375 0.0484375
0 0.284375 0.18828125 0.04375 0.0453125
0 0.2171875 0.6796875 0.046875 0.040625
0 0.315625 0.16875 0.0390625 0.0453125
0 0.66875 0.79921875 0.040625 0.0453125
0 0.18046875 0.33125 0.05 0.0390625
0 0.28984375 0.76015625 0.04375 0.04375
0 0.44453125 0.1171875 0.0390625 0.0453125
0 0.871875 0.4796875 0.046875 0.04375
0 0.6171875 0.12734375 0.0421875 0.04375
0 0.60234375 0.82890625 0.0390625 0.046875
0 0.15859375 0.40078125 0.0484375 0.0390625
0 0.16015625 0.54609375 0.0453125 0.04375
0 0.74296875 0.1921875 0.046875 0.04375
0 0.55078125 0.1140625 0.0359375 0.0453125
0 0.84296875 0.62265625 0.046875 0.04375
0 0.73125 0.7640625 0.04375 0.0453125
0 0.3203125 0.78046875 0.04375 0.0453125
0 0.234375 0.23828125 0.04375 0.0421875
0 0.8671875 0.515625 0.0484375 0.0421875
0 0.7578125 0.7390625 0.04375 0.04375
0 0.2953125 0.58125 0.03125 0.03125
0 0.5296875 0.8375 0.0390625 0.04375
0 0.16953125 0.58046875 0.0484375 0.04375
0 0.34375 0.15390625 0.0421875 0.0421875
0 0.8125 0.27421875 0.0453125 0.0390625
0 0.19453125 0.65 0.0453125 0.0421875
0 0.6515625 0.13984375 0.04375 0.046875
0 0.15546875 0.50859375 0.046875 0.04375
0 0.2140625 0.26796875 0.04375 0.0375
0 0.79140625 0.24375 0.046875 0.040625
0 0.2359375 0.7078125 0.0453125 0.0375
0 0.8546875 0.58671875 0.0484375 0.0390625
0 0.44765625 0.325 0.03125 0.034375
0 0.1953125 0.29609375 0.046875 0.0390625
0 0.478125 0.11328125 0.0375 0.04375
0 0.259375 0.2140625 0.0421875 0.0421875
0 0.76875 0.21875 0.04375 0.040625
0 0.5890625 0.52734375 0.034375 0.0296875
0 0.2890625 0.55546875 0.03125 0.0296875
0 0.40859375 0.1265625 0.040625 0.0421875
0 0.3671875 0.49765625 0.0265625 0.0296875
0 0.4921875 0.8359375 0.0359375 0.0421875
0 0.4796875 0.3609375 0.0296875 0.0328125
0 0.18125 0.615625 0.046875 0.0359375
0 0.38046875 0.13828125 0.0390625 0.046875
0 0.78125 0.71328125 0.04375 0.0390625
0 0.35078125 0.7984375 0.0421875 0.046875
0 0.340625 0.47265625 0.028125 0.034375
0 0.8546875 0.37109375 0.046875 0.040625
0 0.70859375 0.1796875 0.04375 0.0515625
0 0.33515625 0.6171875 0.03125 0.0359375
0 0.7015625 0.78203125 0.040625 0.04375
0 0.7328125 0.56484375 0.03125 0.028125
0 0.71796875 0.5140625 0.0359375 0.028125
0 0.8265625 0.65703125 0.046875 0.0390625
0 0.80859375 0.68671875 0.04375 0.0421875
0 0.3703125 0.4671875 0.03125 0.03125
0 0.86328125 0.40703125 0.0421875 0.04375
0 0.3140625 0.6015625 0.03125 0.034375
0 0.728125 0.540625 0.0328125 0.028125
0 0.83125 0.30390625 0.046875 0.0390625
0 0.55703125 0.321875 0.0265625 0.0234375
0 0.31953125 0.48828125 0.0328125 0.0359375
0 0.70546875 0.56640625 0.0265625 0.028125
0 0.5671875 0.25 0.0328125 0.03125
0 0.15546875 0.43359375 0.0484375 0.04375
0 0.5234375 0.2265625 0.0328125 0.0375
0 0.4453125 0.27578125 0.0328125 0.03125
0 0.3390625 0.55390625 0.0234375 0.0265625
0 0.678125 0.55546875 0.025 0.028125
0 0.5328125 0.36953125 0.028125 0.0359375
0 0.409375 0.60625 0.0328125 0.03125
0 0.2890625 0.5328125 0.03125 0.0265625
0 0.34375 0.53125 0.025 0.028125
0 0.325 0.571875 0.0296875 0.028125
0 0.72421875 0.59296875 0.0328125 0.0296875
0 0.84375 0.33828125 0.04375 0.0359375
0 0.31640625 0.5484375 0.028125 0.0265625
0 0.62265625 0.48984375 0.03125 0.034375
0 0.41640625 0.4921875 0.034375 0.034375
0 0.584375 0.5765625 0.03125 0.03125
0 0.37109375 0.5234375 0.0265625 0.025
0 0.51171875 0.3390625 0.0296875 0.0265625
0 0.50390625 0.3703125 0.028125 0.034375
0 0.3875 0.6171875 0.0296875 0.0328125
0 0.3375 0.58671875 0.0265625 0.0296875
0 0.59609375 0.6015625 0.0375 0.03125
0 0.44140625 0.29765625 0.028125 0.0234375
0 0.29765625 0.50625 0.03125 0.03125
0 0.6765625 0.4859375 0.0265625 0.0296875
0 0.7109375 0.6109375 0.03125 0.028125
0 0.54140625 0.29375 0.025 0.0265625
0 0.32421875 0.51953125 0.0328125 0.034375
0 0.6515625 0.48359375 0.028125 0.03125
0 0.43828125 0.53671875 0.0328125 0.028125
0 0.3421875 0.50234375 0.0265625 0.0265625
0 0.7015625 0.540625 0.0265625 0.028125
0 0.584375 0.29296875 0.03125 0.028125
0 0.57890625 0.55078125 0.03125 0.0328125
0 0.478125 0.2734375 0.03125 0.0265625
0 0.3890625 0.503125 0.025 0.0265625
0 0.4328125 0.584375 0.025 0.0296875
0 0.6171875 0.528125 0.0265625 0.0265625
0 0.6890625 0.5171875 0.025 0.0265625
0 0.60546875 0.50390625 0.03125 0.0234375
0 0.3609375 0.625 0.025 0.034375
0 0.459375 0.34296875 0.034375 0.0296875
0 0.39453125 0.475 0.028125 0.0375
0 0.53828125 0.25703125 0.03125 0.028125
0 0.45625 0.24921875 0.03125 0.03125
0 0.6078125 0.55078125 0.028125 0.028125
0 0.5828125 0.26953125 0.03125 0.021875
0 0.49765625 0.2265625 0.03125 0.034375
0 0.3609375 0.59921875 0.025 0.0296875
0 0.52734375 0.278125 0.028125 0.0265625
0 0.503125 0.31640625 0.0265625 0.025
0 0.4703125 0.3203125 0.021875 0.025
0 0.6625 0.6359375 0.028125 0.0390625
0 0.6125 0.61953125 0.0296875 0.0296875
0 0.70078125 0.4953125 0.0328125 0.0265625
0 0.3875 0.590625 0.028125 0.0265625
0 0.6640625 0.50859375 0.028125 0.025
0 0.53046875 0.31875 0.0265625 0.0234375
0 0.6375 0.63203125 0.028125 0.034375
0 0.43515625 0.51015625 0.0265625 0.025
0 0.490625 0.2546875 0.0296875 0.0203125
0 0.43828125 0.5609375 0.03125 0.03125
0 0.47890625 0.23515625 0.03125 0.0328125
0 0.58203125 0.3203125 0.0296875 0.021875
0 0.409375 0.5484375 0.025 0.03125
0 0.35859375 0.5703125 0.025 0.021875
0 0.3875 0.5375 0.025 0.028125
0 0.40625 0.57109375 0.025 0.0265625
0 0.65078125 0.53828125 0.0359375 0.0265625
0 0.6484375 0.57578125 0.028125 0.025
0 0.67421875 0.603125 0.028125 0.025
0 0.615625 0.57265625 0.028125 0.025
0 0.63203125 0.55625 0.0234375 0.03125
0 0.671875 0.57734375 0.0265625 0.021875
0 0.5546875 0.27421875 0.028125 0.0203125
0 0.64921875 0.6046875 0.0265625 0.028125
0 0.490625 0.296875 0.0234375 0.021875
0 0.69140625 0.6234375 0.0296875 0.0328125
0 0.5609375 0.29453125 0.0234375 0.025