0 0.8609375 0.553125 0.0484375 0.0390625
0 0.5828125 0.11875 0.0390625 0.0453125
0 0.45546875 0.8328125 0.040625 0.0484375
0 0.29453125 0.58046875 0.028125 0.028125
0 0.55078125 0.1140625 0.0359375 0.0421875
0 0.19453125 0.64921875 0.04375 0.0390625
0 0.51328125 0.11171875 0.0359375 0.04375
0 0.31484375 0.16796875 0.040625 0.040625
0 0.80859375 0.68671875 0.04375 0.0390625
0 0.15234375 0.47109375 0.046875 0.0421875
0 0.56328125 0.8328125 0.0375 0.0453125
0 0.8125 0.2765625 0.0453125 0.0375
0 0.38359375 0.81796875 0.04375 0.046875
0 0.421875 0.828125 0.0421875 0.046875
0 0.7578125 0.73828125 0.04375 0.040625
0 0.16796875 0.36328125 0.05 0.0375
0 0.47734375 0.11328125 0.0359375 0.04375
0 0.32109375 0.78046875 0.04375 0.046875
0 0.4109375 0.12421875 0.0375 0.0421875
0 0.66875 0.80078125 0.0421875 0.0453125
0 0.70546875 0.565625 0.0265625 0.0265625
0 0.61875 0.52890625 0.0265625 0.0265625
0 0.21640625 0.6796875 0.0453125 0.0390625
0 0.44375 0.11640625 0.0390625 0.0421875
0 0.1546875 0.50859375 0.046875 0.04375
0 0.58203125 0.57734375 0.03125 0.0296875
0 0.6328125 0.81796875 0.040625 0.046875
0 0.6 0.8265625 0.0375 0.0453125
0 0.84296875 0.33828125 0.0453125 0.0375
0 0.7890625 0.2453125 0.04375 0.0375
0 0.37734375 0.134375 0.0375 0.04375
0 0.52734375 0.8375 0.0375 0.0453125
0 0.68203125 0.15625 0.04375 0.046875
0 0.234375 0.2390625 0.0421875 0.0390625
0 0.84453125 0.621875 0.0453125 0.04375
0 0.16875 0.57890625 0.0453125 0.0421875
0 0.26015625 0.21328125 0.04375 0.0390625
0 0.8703125 0.44375 0.0453125 0.040625
0 0.71875 0.51328125 0.0359375 0.0296875
0 0.61796875 0.12734375 0.0421875 0.04375
0 0.78125 0.7140625 0.04375 0.0390625
0 0.16015625 0.54609375 0.046875 0.0421875
0 0.284375 0.18828125 0.0421875 0.040625
0 0.2625 0.73515625 0.0453125 0.0390625
0 0.159375 0.4 0.0484375 0.0390625
0 0.34140625 0.471875 0.0296875 0.034375
0 0.4921875 0.8359375 0.0359375 0.0421875
0 0.19609375 0.2984375 0.046875 0.0390625
0 0.5328125 0.36953125 0.025 0.0328125
0 0.73046875 0.76484375 0.04375 0.04375
0 0.18046875 0.615625 0.046875 0.0390625
0 0.73203125 0.56484375 0.03125 0.028125
0 0.86640625 0.51484375 0.0484375 0.0390625
0 0.5796875 0.5515625 0.03125 0.028125
0 0.36796875 0.496875 0.0265625 0.028125
0 0.871875 0.48125 0.0453125 0.0421875
0 0.76640625 0.2203125 0.040625 0.0390625
0 0.65 0.1390625 0.040625 0.04375
0 0.34453125 0.153125 0.040625 0.040625
0 0.50390625 0.36953125 0.0265625 0.0328125
0 0.44609375 0.32421875 0.03125 0.0296875
0 0.28828125 0.55625 0.0296875 0.028125
0 0.340625 0.503125 0.025 0.028125
0 0.8625 0.40703125 0.0453125 0.04375
0 0.1546875 0.434375 0.046875 0.040625
0 0.21328125 0.26796875 0.04375 0.0375
0 0.36953125 0.521875 0.028125 0.025
0 0.2359375 0.709375 0.0453125 0.0390625
0 0.8546875 0.5859375 0.0484375 0.0390625
0 0.28828125 0.7609375 0.0421875 0.04375
0 0.8546875 0.371875 0.046875 0.0421875
0 0.5890625 0.528125 0.034375 0.028125
0 0.7390625 0.19375 0.0390625 0.040625
0 0.8265625 0.65625 0.0453125 0.0375
0 0.32109375 0.57109375 0.0265625 0.028125
0 0.18046875 0.33203125 0.05 0.040625
0 0.72890625 0.54140625 0.034375 0.03125
0 0.31796875 0.54765625 0.025 0.028125
0 0.603125 0.50234375 0.0328125 0.0296875
0 0.6234375 0.4890625 0.03125 0.034375
0 0.4453125 0.27421875 0.03125 0.028125
0 0.5421875 0.29453125 0.025 0.0234375
0 0.3140625 0.603125 0.0296875 0.0328125
0 0.49765625 0.22578125 0.03125 0.034375
0 0.63203125 0.55859375 0.0265625 0.0328125
0 0.6484375 0.60546875 0.025 0.028125
0 0.7015625 0.7828125 0.040625 0.04375
0 0.409375 0.60625 0.028125 0.028125
0 0.33515625 0.6171875 0.03125 0.0359375
0 0.65234375 0.484375 0.0296875 0.03125
0 0.34375 0.53203125 0.0234375 0.028125
0 0.28984375 0.5328125 0.03125 0.028125
0 0.671875 0.6046875 0.025 0.0265625
0 0.3609375 0.62578125 0.0234375 0.0328125
0 0.37109375 0.46796875 0.028125 0.0296875
0 0.70859375 0.18046875 0.040625 0.0453125
0 0.33984375 0.5546875 0.021875 0.028125
0 0.703125 0.54140625 0.0234375 0.0265625
0 0.56484375 0.29609375 0.0265625 0.0234375
0 0.72421875 0.59296875 0.0328125 0.0296875
0 0.6796875 0.55625 0.0234375 0.0328125
0 0.596875 0.60390625 0.03125 0.028125
0 0.5546875 0.32109375 0.0265625 0.0234375
0 0.46015625 0.34296875 0.03125 0.03125
0 0.61328125 0.62109375 0.0296875 0.03125
0 0.48046875 0.36015625 0.0265625 0.0296875
0 0.32265625 0.51796875 0.028125 0.028125
0 0.8296875 0.3046875 0.046875 0.0375
0 0.3875 0.61796875 0.0296875 0.0328125
0 0.34921875 0.80078125 0.040625 0.04375
0 0.5140625 0.34140625 0.0234375 0.0265625
0 0.52421875 0.2265625 0.03125 0.0359375
0 0.64765625 0.53984375 0.025 0.0265625
0 0.6859375 0.51875 0.0234375 0.0296875
0 0.29765625 0.5046875 0.03125 0.028125
0 0.45546875 0.24921875 0.0296875 0.028125
0 0.71015625 0.6140625 0.0296875 0.028125
0 0.5546875 0.2734375 0.0265625 0.0234375
0 0.49375 0.33671875 0.028125 0.0265625
0 0.3890625 0.50390625 0.0265625 0.028125
0 0.31875 0.48828125 0.0296875 0.0328125
0 0.49296875 0.25625 0.0234375 0.025
0 0.471875 0.32109375 0.025 0.0296875
0 0.53828125 0.25703125 0.0265625 0.028125
0 0.5828125 0.31796875 0.0296875 0.0265625
0 0.465625 0.29609375 0.025 0.0234375
0 0.440625 0.29609375 0.028125 0.025
0 0.6640625 0.6375 0.028125 0.0359375
0 0.50546875 0.3125 0.0296875 0.0359375
0 0.4046875 0.5703125 0.025 0.0296875
0 0.33828125 0.5875 0.025 0.03125
0 0.39453125 0.47578125 0.03125 0.0375
0 0.35859375 0.5703125 0.0265625 0.025
0 0.646875 0.5734375 0.028125 0.034375
0 0.64140625 0.51171875 0.0265625 0.0234375
0 0.43125 0.5890625 0.028125 0.03125
0 0.62578125 0.5953125 0.0234375 0.028125
0 0.67734375 0.48671875 0.028125 0.034375
0 0.6390625 0.6359375 0.0265625 0.0359375
0 0.565625 0.25 0.03125 0.0296875
0 0.36484375 0.5984375 0.0265625 0.028125
0 0.40625 0.5203125 0.025 0.028125
0 0.49453125 0.2984375 0.0265625 0.028125
0 0.5421875 0.33828125 0.0265625 0.0234375
0 0.6953125 0.59140625 0.0265625 0.028125
0 0.61015625 0.5515625 0.0265625 0.0234375
0 0.47265625 0.2359375 0.028125 0.028125
0 0.4765625 0.27265625 0.028125 0.0234375
0 0.6140625 0.57734375 0.0265625 0.03125
0 0.70234375 0.49765625 0.03125 0.03125
0 0.4390625 0.5359375 0.034375 0.034375
0 0.5125 0.25390625 0.0265625 0.025
0 0.5828125 0.2703125 0.03125 0.028125
0 0.5296875 0.3171875 0.028125 0.0296875
0 0.4375 0.5609375 0.03125 0.028125
0 0.38828125 0.5375 0.025 0.028125
0 0.57265625 0.34140625 0.028125 0.0296875
0 0.503125 0.27734375 0.025 0.025
0 0.38828125 0.590625 0.025 0.025
0 0.66328125 0.5109375 0.025 0.0234375
0 0.36484375 0.5484375 0.0234375 0.0234375
0 0.69140625 0.625 0.0296875 0.03125
0 0.59140625 0.29140625 0.0265625 0.025
0 0.6671875 0.53828125 0.0265625 0.0234375
0 0.38515625 0.56328125 0.0234375 0.028125
0 0.5296875 0.27265625 0.025 0.0265625
0 0.5546875 0.35625 0.0234375 0.0296875
0 0.41015625 0.54765625 0.0234375 0.0234375