0 0.4203125 0.828125 0.0421875 0.0484375
0 0.6328125 0.8171875 0.040625 0.046875
0 0.38359375 0.8171875 0.04375 0.0484375
0 0.58203125 0.11796875 0.040625 0.046875
0 0.5625 0.8328125 0.0390625 0.0453125
0 0.4546875 0.83125 0.0390625 0.0484375
0 0.5140625 0.11171875 0.0359375 0.0484375
0 0.66875 0.80234375 0.0390625 0.046875
0 0.52734375 0.83828125 0.0390625 0.0484375
0 0.8609375 0.55390625 0.05 0.040625
0 0.3203125 0.7796875 0.0453125 0.046875
0 0.60234375 0.82890625 0.0390625 0.046875
0 0.44453125 0.11640625 0.040625 0.04375
0 0.16796875 0.36328125 0.05 0.0421875
0 0.15859375 0.4015625 0.0453125 0.0421875
0 0.7578125 0.7390625 0.0453125 0.04375
0 0.65078125 0.13828125 0.04375 0.0453125
0 0.15234375 0.47109375 0.046875 0.0453125
0 0.684375 0.15625 0.04375 0.0484375
0 0.55 0.1140625 0.0359375 0.04375
0 0.28515625 0.1890625 0.04375 0.0453125
0 0.1953125 0.64921875 0.0453125 0.04375
0 0.47734375 0.1125 0.0375 0.04375
0 0.34140625 0.47265625 0.028125 0.0359375
0 0.84375 0.621875 0.0453125 0.04375
0 0.31484375 0.16796875 0.0390625 0.04375
0 0.21640625 0.6796875 0.0453125 0.04375
0 0.8703125 0.51796875 0.0484375 0.04375
0 0.21328125 0.26796875 0.0453125 0.040625
0 0.86796875 0.44453125 0.046875 0.04375
0 0.76796875 0.21875 0.04375 0.0421875
0 0.16015625 0.5453125 0.0453125 0.0453125
0 0.80859375 0.68671875 0.04375 0.04375
0 0.871875 0.48125 0.04375 0.04375
0 0.28984375 0.759375 0.0421875 0.04375
0 0.73046875 0.76328125 0.04375 0.046875
0 0.19375 0.296875 0.0453125 0.04375
0 0.1546875 0.5078125 0.046875 0.0453125
0 0.78984375 0.24296875 0.0421875 0.0390625
0 0.26328125 0.7359375 0.0453125 0.040625
0 0.1703125 0.58046875 0.046875 0.04375
0 0.8546875 0.5875 0.0484375 0.040625
0 0.34453125 0.15390625 0.0421875 0.0453125
0 0.18125 0.61484375 0.046875 0.0390625
0 0.61875 0.1265625 0.040625 0.0421875
0 0.17890625 0.33125 0.0484375 0.0390625
0 0.2359375 0.709375 0.0453125 0.040625
0 0.5171875 0.30078125 0.034375 0.0359375
0 0.40859375 0.12578125 0.040625 0.0421875
0 0.85390625 0.371875 0.0484375 0.04375
0 0.740625 0.1921875 0.04375 0.0453125
0 0.26015625 0.21328125 0.040625 0.0421875
0 0.378125 0.13828125 0.0390625 0.0453125
0 0.8125 0.27421875 0.04375 0.0390625
0 0.49140625 0.8359375 0.0375 0.0453125
0 0.78203125 0.7125 0.0421875 0.04375
0 0.234375 0.23828125 0.04375 0.0421875
0 0.35 0.79921875 0.0421875 0.0484375
0 0.8296875 0.3046875 0.04375 0.04375
0 0.8625 0.40703125 0.0453125 0.0453125
0 0.371875 0.521875 0.028125 0.025
0 0.2953125 0.58046875 0.03125 0.028125
0 0.70546875 0.565625 0.025 0.0265625
0 0.315625 0.60234375 0.03125 0.034375
0 0.8265625 0.6578125 0.0453125 0.040625
0 0.3703125 0.46796875 0.0296875 0.0328125
0 0.703125 0.7828125 0.04375 0.046875
0 0.84296875 0.3390625 0.0453125 0.0375
0 0.53359375 0.36953125 0.0296875 0.0328125
0 0.15546875 0.43359375 0.046875 0.0453125
0 0.38828125 0.6171875 0.0296875 0.0328125
0 0.61328125 0.6203125 0.03125 0.0328125
0 0.31875 0.4875 0.03125 0.0359375
0 0.51484375 0.3390625 0.0234375 0.0265625
0 0.71015625 0.1796875 0.0390625 0.0484375
0 0.3671875 0.4984375 0.025 0.028125
0 0.2890625 0.53359375 0.0328125 0.03125
0 0.28828125 0.55625 0.03125 0.03125
0 0.38984375 0.503125 0.025 0.028125
0 0.3171875 0.54765625 0.028125 0.028125
0 0.33515625 0.615625 0.03125 0.0375
0 0.71796875 0.5140625 0.0359375 0.028125
0 0.55703125 0.321875 0.025 0.025
0 0.61875 0.5265625 0.0265625 0.028125
0 0.73125 0.56484375 0.03125 0.028125
0 0.5671875 0.2453125 0.03125 0.028125
0 0.57890625 0.5515625 0.03125 0.03125
0 0.32265625 0.57109375 0.0296875 0.028125
0 0.3390625 0.55390625 0.0234375 0.0265625
0 0.54140625 0.29453125 0.0203125 0.0234375
0 0.5234375 0.2265625 0.0328125 0.0390625
0 0.459375 0.3421875 0.03125 0.0265625
0 0.70234375 0.496875 0.03125 0.028125
0 0.62265625 0.490625 0.03125 0.0359375
0 0.5625 0.29609375 0.028125 0.0234375
0 0.6390625 0.6296875 0.028125 0.0359375
0 0.44609375 0.275 0.0328125 0.03125
0 0.7234375 0.59296875 0.03125 0.03125
0 0.52890625 0.315625 0.0296875 0.0265625
0 0.59375 0.60234375 0.0296875 0.0265625
0 0.53828125 0.25546875 0.03125 0.025
0 0.4453125 0.32265625 0.0296875 0.03125
0 0.70234375 0.54140625 0.0234375 0.0265625
0 0.48046875 0.36171875 0.028125 0.03125
0 0.50390625 0.3703125 0.0265625 0.03125
0 0.7109375 0.61171875 0.03125 0.03125
0 0.603125 0.5015625 0.03125 0.028125
0 0.34453125 0.53046875 0.0234375 0.0265625
0 0.32265625 0.51796875 0.03125 0.03125
0 0.6125 0.57109375 0.025 0.028125
0 0.68984375 0.51796875 0.0234375 0.025
0 0.646875 0.5765625 0.0265625 0.025
0 0.58984375 0.52734375 0.0328125 0.028125
0 0.66328125 0.63359375 0.028125 0.04375
0 0.35859375 0.5703125 0.028125 0.0265625
0 0.72734375 0.53984375 0.03125 0.028125
0 0.69140625 0.625 0.03125 0.034375
0 0.40859375 0.60625 0.0296875 0.03125
0 0.540625 0.33671875 0.025 0.0265625
0 0.58203125 0.2703125 0.0328125 0.028125
0 0.6328125 0.55625 0.028125 0.03125
0 0.64765625 0.60390625 0.0265625 0.0265625
0 0.39609375 0.47421875 0.03125 0.0359375
0 0.49609375 0.228125 0.0296875 0.0375
0 0.4921875 0.33828125 0.0296875 0.0234375
0 0.36015625 0.625 0.028125 0.0328125
0 0.55625 0.35625 0.0265625 0.025
0 0.3390625 0.5859375 0.0265625 0.0296875
0 0.34140625 0.5015625 0.028125 0.028125
0 0.65390625 0.48515625 0.03125 0.03125
0 0.41796875 0.4921875 0.0296875 0.03125
0 0.5828125 0.31953125 0.0296875 0.0265625
0 0.66796875 0.546875 0.025 0.0390625
0 0.60859375 0.5484375 0.0234375 0.0234375
0 0.6765625 0.48515625 0.028125 0.0296875
0 0.57109375 0.3421875 0.0296875 0.028125
0 0.43828125 0.53671875 0.0328125 0.03125
0 0.58359375 0.57578125 0.03125 0.028125
0 0.29765625 0.5046875 0.0328125 0.028125
0 0.64765625 0.54140625 0.025 0.03125
0 0.471875 0.321875 0.0265625 0.025
0 0.36484375 0.546875 0.025 0.0234375
0 0.66484375 0.509375 0.025 0.0265625
0 0.6234375 0.59453125 0.0234375 0.0234375
0 0.6421875 0.5109375 0.025 0.0234375
0 0.67109375 0.578125 0.0234375 0.0234375
0 0.40625 0.51953125 0.025 0.0265625
0 0.553125 0.2734375 0.028125 0.0234375
0 0.471875 0.275 0.0265625 0.028125
0 0.4375 0.56171875 0.03125 0.03125