0 0.42109375 0.82734375 0.04375 0.05
0 0.55078125 0.11328125 0.0359375 0.0453125
0 0.15390625 0.4703125 0.0484375 0.0453125
0 0.5140625 0.1125 0.0359375 0.046875
0 0.8609375 0.55390625 0.05 0.040625
0 0.5828125 0.11796875 0.0390625 0.046875
0 0.384375 0.8171875 0.04375 0.046875
0 0.5625 0.8328125 0.040625 0.046875
0 0.66875 0.8015625 0.0390625 0.0453125
0 0.16796875 0.36328125 0.05 0.040625
0 0.8703125 0.44375 0.04375 0.040625
0 0.84375 0.62265625 0.046875 0.04375
0 0.528125 0.8375 0.0390625 0.0484375
0 0.45546875 0.83203125 0.040625 0.0484375
0 0.61796875 0.128125 0.040625 0.0453125
0 0.1671875 0.578125 0.046875 0.0421875
0 0.44453125 0.11640625 0.040625 0.0421875
0 0.76875 0.21875 0.04375 0.040625
0 0.603125 0.82890625 0.040625 0.046875
0 0.1953125 0.65 0.04375 0.0421875
0 0.871875 0.47890625 0.046875 0.04375
0 0.68203125 0.15703125 0.0421875 0.05
0 0.15859375 0.4 0.046875 0.0390625
0 0.19375 0.296875 0.04375 0.04375
0 0.31484375 0.16875 0.040625 0.0453125
0 0.6328125 0.815625 0.040625 0.0453125
0 0.2625 0.7359375 0.0453125 0.04375
0 0.7890625 0.24453125 0.04375 0.0375
0 0.159375 0.54609375 0.046875 0.04375
0 0.37734375 0.13671875 0.0390625 0.04375
0 0.1796875 0.33125 0.05 0.0390625
0 0.28515625 0.1890625 0.0453125 0.04375
0 0.7578125 0.73828125 0.0453125 0.04375
0 0.8546875 0.371875 0.046875 0.0421875
0 0.8671875 0.515625 0.05 0.0421875
0 0.80859375 0.68671875 0.0421875 0.0421875
0 0.32109375 0.78203125 0.0453125 0.046875
0 0.26015625 0.21328125 0.040625 0.040625
0 0.73125 0.76328125 0.04375 0.0453125
0 0.15546875 0.50859375 0.0453125 0.0453125
0 0.234375 0.2390625 0.0453125 0.0421875
0 0.29609375 0.58125 0.03125 0.028125
0 0.86328125 0.40703125 0.0453125 0.0453125
0 0.4921875 0.83515625 0.0359375 0.04375
0 0.34375 0.1546875 0.040625 0.0453125
0 0.215625 0.68046875 0.0453125 0.040625
0 0.7390625 0.19296875 0.0421875 0.0390625
0 0.2890625 0.76015625 0.0421875 0.04375
0 0.8265625 0.65859375 0.046875 0.0421875
0 0.18125 0.615625 0.0453125 0.0390625
0 0.8125 0.27421875 0.04375 0.0390625
0 0.65234375 0.13828125 0.0453125 0.0421875
0 0.23671875 0.709375 0.046875 0.0390625
0 0.2125 0.26796875 0.04375 0.0375
0 0.71328125 0.17265625 0.040625 0.04375
0 0.37109375 0.521875 0.0265625 0.0265625
0 0.70546875 0.56640625 0.0265625 0.0265625
0 0.33515625 0.6171875 0.03125 0.0375
0 0.2890625 0.55625 0.0328125 0.03125
0 0.36640625 0.49765625 0.028125 0.028125
0 0.8546875 0.5859375 0.046875 0.0390625
0 0.5390625 0.29375 0.028125 0.0265625
0 0.84375 0.3390625 0.046875 0.0375
0 0.61796875 0.5265625 0.0265625 0.028125
0 0.703125 0.7828125 0.0453125 0.046875
0 0.15546875 0.43359375 0.0484375 0.04375
0 0.28984375 0.5328125 0.03125 0.028125
0 0.4078125 0.125 0.0390625 0.040625
0 0.71875 0.51328125 0.0375 0.0296875
0 0.32265625 0.51953125 0.03125 0.0328125
0 0.3703125 0.4671875 0.0296875 0.0328125
0 0.603125 0.503125 0.0328125 0.03125
0 0.48046875 0.1125 0.0359375 0.04375
0 0.7109375 0.61328125 0.0328125 0.0359375
0 0.35 0.7984375 0.040625 0.0453125
0 0.33984375 0.55390625 0.025 0.028125
0 0.78203125 0.7125 0.0421875 0.04375
0 0.5953125 0.60234375 0.03125 0.03125
0 0.83125 0.30390625 0.0453125 0.040625
0 0.45703125 0.24921875 0.034375 0.0296875
0 0.728125 0.540625 0.03125 0.028125
0 0.3171875 0.5484375 0.0265625 0.0265625
0 0.73203125 0.56484375 0.03125 0.0296875
0 0.53359375 0.36875 0.0296875 0.0359375
0 0.56640625 0.2453125 0.0328125 0.028125
0 0.3140625 0.60234375 0.03125 0.034375
0 0.31953125 0.4875 0.03125 0.034375
0 0.3890625 0.61796875 0.028125 0.0328125
0 0.528125 0.225 0.03125 0.0328125
0 0.4453125 0.275 0.0328125 0.028125
0 0.3234375 0.571875 0.0265625 0.028125
0 0.4984375 0.2265625 0.028125 0.0328125
0 0.340625 0.47109375 0.028125 0.03125
0 0.39609375 0.47421875 0.03125 0.0375
0 0.53125 0.31796875 0.0265625 0.0234375
0 0.48125 0.35859375 0.0265625 0.0328125
0 0.45859375 0.34453125 0.0328125 0.03125
0 0.70234375 0.49765625 0.03125 0.03125
0 0.36171875 0.62578125 0.028125 0.034375
0 0.6734375 0.60546875 0.028125 0.028125
0 0.56328125 0.2953125 0.025 0.0234375
0 0.5125 0.340625 0.028125 0.025
0 0.5796875 0.5515625 0.03125 0.03125
0 0.68046875 0.55546875 0.021875 0.028125
0 0.38984375 0.50390625 0.0265625 0.028125
0 0.65859375 0.55390625 0.0296875 0.0328125
0 0.50390625 0.3703125 0.028125 0.034375
0 0.3453125 0.53125 0.025 0.028125
0 0.5890625 0.52734375 0.0328125 0.028125
0 0.41015625 0.60625 0.03125 0.03125
0 0.61015625 0.55 0.028125 0.025
0 0.50390625 0.3171875 0.0265625 0.028125
0 0.7015625 0.540625 0.025 0.0265625
0 0.29765625 0.50546875 0.0328125 0.0296875
0 0.58203125 0.2703125 0.0328125 0.028125
0 0.5125 0.29921875 0.025 0.03125
0 0.67578125 0.48671875 0.028125 0.0328125
0 0.64765625 0.60546875 0.0265625 0.0265625
0 0.6234375 0.48984375 0.0296875 0.034375
0 0.55625 0.31953125 0.025 0.021875
0 0.33828125 0.58671875 0.028125 0.0296875
0 0.58203125 0.57578125 0.0296875 0.028125
0 0.44765625 0.32421875 0.0296875 0.0296875
0 0.41640625 0.49140625 0.034375 0.0328125
0 0.340625 0.5015625 0.028125 0.028125
0 0.47265625 0.23359375 0.03125 0.025
0 0.440625 0.296875 0.0296875 0.0265625
0 0.61328125 0.61953125 0.0296875 0.03125
0 0.64609375 0.57734375 0.021875 0.0234375
0 0.3578125 0.5703125 0.025 0.025
0 0.65234375 0.484375 0.028125 0.03125
0 0.49140625 0.2953125 0.0234375 0.0234375
0 0.66484375 0.63515625 0.028125 0.0421875
0 0.725 0.5921875 0.0328125 0.028125
0 0.62578125 0.59453125 0.0234375 0.0234375
0 0.47421875 0.321875 0.0265625 0.0265625
0 0.63203125 0.5578125 0.0234375 0.028125
0 0.6640625 0.50859375 0.0265625 0.0265625
0 0.684375 0.51875 0.0234375 0.028125
0 0.55546875 0.27265625 0.0234375 0.0234375
0 0.4375 0.54453125 0.0328125 0.0484375
0 0.6125 0.571875 0.025 0.0234375
0 0.6375 0.63125 0.028125 0.0359375
0 0.43125 0.58515625 0.028125 0.028125
0 0.3875 0.5890625 0.028125 0.028125
0 0.47578125 0.27265625 0.0296875 0.0265625
0 0.5375 0.25625 0.025 0.0265625
0 0.64140625 0.509375 0.0234375 0.0265625
0 0.5875 0.31796875 0.028125 0.0265625
0 0.490625 0.25625 0.0265625 0.025
0 0.36484375 0.54921875 0.0234375 0.025
0 0.36015625 0.5984375 0.025 0.028125