0 0.42109375 0.828125 0.04375 0.0484375
0 0.86171875 0.553125 0.05 0.040625
0 0.63359375 0.81796875 0.040625 0.046875
0 0.15234375 0.47109375 0.046875 0.04375
0 0.51484375 0.1125 0.0359375 0.04375
0 0.5828125 0.11796875 0.0390625 0.046875
0 0.16796875 0.3640625 0.05 0.040625
0 0.159375 0.4 0.0453125 0.0390625
0 0.44375 0.11640625 0.0390625 0.04375
0 0.384375 0.8171875 0.04375 0.046875
0 0.6015625 0.82890625 0.0390625 0.046875
0 0.55 0.1140625 0.0359375 0.04375
0 0.66875 0.803125 0.0390625 0.04375
0 0.28828125 0.75859375 0.0421875 0.0421875
0 0.56328125 0.83203125 0.0375 0.0453125
0 0.4546875 0.8328125 0.0390625 0.0484375
0 0.16015625 0.546875 0.0453125 0.0421875
0 0.76796875 0.21875 0.0453125 0.0421875
0 0.8703125 0.44375 0.046875 0.040625
0 0.15546875 0.50859375 0.046875 0.0453125
0 0.26328125 0.734375 0.0453125 0.0421875
0 0.68203125 0.15703125 0.04375 0.0484375
0 0.85546875 0.37265625 0.046875 0.0421875
0 0.84375 0.62265625 0.046875 0.04375
0 0.528125 0.8390625 0.0390625 0.0484375
0 0.6515625 0.1390625 0.040625 0.0453125
0 0.32109375 0.78125 0.04375 0.0453125
0 0.8671875 0.515625 0.0484375 0.0390625
0 0.8546875 0.58671875 0.0484375 0.0390625
0 0.7890625 0.24609375 0.0421875 0.0390625
0 0.1953125 0.64921875 0.0453125 0.04375
0 0.3453125 0.15390625 0.040625 0.0453125
0 0.871875 0.4796875 0.046875 0.0453125
0 0.84453125 0.33828125 0.0453125 0.0375
0 0.75703125 0.73828125 0.0453125 0.0421875
0 0.234375 0.23828125 0.0453125 0.040625
0 0.19375 0.296875 0.04375 0.04375
0 0.73046875 0.7640625 0.04375 0.04375
0 0.315625 0.16796875 0.0390625 0.04375
0 0.61875 0.1265625 0.040625 0.04375
0 0.284375 0.1890625 0.04375 0.04375
0 0.8640625 0.40625 0.04375 0.04375
0 0.58203125 0.57578125 0.034375 0.03125
0 0.809375 0.68671875 0.0421875 0.0390625
0 0.26015625 0.21328125 0.0421875 0.040625
0 0.40859375 0.125 0.0390625 0.040625
0 0.70390625 0.78125 0.0421875 0.046875
0 0.490625 0.8375 0.0390625 0.0484375
0 0.378125 0.1375 0.0390625 0.04375
0 0.74140625 0.1921875 0.04375 0.0453125
0 0.2359375 0.709375 0.0453125 0.0421875
0 0.2140625 0.26796875 0.0453125 0.0359375
0 0.29609375 0.58203125 0.03125 0.0296875
0 0.478125 0.11328125 0.0375 0.04375
0 0.28984375 0.53359375 0.034375 0.0296875
0 0.44609375 0.32421875 0.0296875 0.028125
0 0.8265625 0.65703125 0.0453125 0.0390625
0 0.78203125 0.71328125 0.04375 0.04375
0 0.18046875 0.33125 0.0484375 0.0375
0 0.1703125 0.57890625 0.0453125 0.04375
0 0.215625 0.6796875 0.0453125 0.0390625
0 0.8125 0.27578125 0.0453125 0.0375
0 0.71015625 0.1796875 0.040625 0.0484375
0 0.83046875 0.30390625 0.046875 0.0421875
0 0.32265625 0.571875 0.0328125 0.028125
0 0.35078125 0.7984375 0.0421875 0.046875
0 0.2890625 0.55625 0.03125 0.028125
0 0.340625 0.47265625 0.0296875 0.034375
0 0.15625 0.43671875 0.0484375 0.0421875
0 0.18125 0.615625 0.046875 0.040625
0 0.33515625 0.6171875 0.03125 0.0375
0 0.57890625 0.5515625 0.03125 0.028125
0 0.56875 0.25 0.0359375 0.0328125
0 0.534375 0.36953125 0.03125 0.0375
0 0.409375 0.60703125 0.03125 0.03125
0 0.709375 0.6125 0.034375 0.03125
0 0.71875 0.51328125 0.0375 0.028125
0 0.34375 0.53046875 0.025 0.0265625
0 0.72890625 0.540625 0.034375 0.03125
0 0.31953125 0.48828125 0.03125 0.034375
0 0.3890625 0.6171875 0.03125 0.034375
0 0.7046875 0.565625 0.025 0.0265625
0 0.5890625 0.52734375 0.034375 0.0296875
0 0.440625 0.29765625 0.028125 0.0265625
0 0.3609375 0.62578125 0.028125 0.034375
0 0.50546875 0.31171875 0.03125 0.0390625
0 0.6890625 0.51796875 0.0265625 0.028125
0 0.3703125 0.46796875 0.0296875 0.0296875
0 0.365625 0.4984375 0.028125 0.028125
0 0.39609375 0.47578125 0.0328125 0.0390625
0 0.61796875 0.53046875 0.0265625 0.0234375
0 0.596875 0.60234375 0.034375 0.0296875
0 0.55625 0.32109375 0.025 0.021875
0 0.73046875 0.56484375 0.03125 0.028125
0 0.4453125 0.275 0.0328125 0.03125
0 0.52421875 0.22421875 0.03125 0.03125
0 0.3140625 0.60234375 0.03125 0.0328125
0 0.5390625 0.25625 0.0296875 0.025
0 0.503125 0.3703125 0.028125 0.0328125
0 0.48046875 0.35859375 0.0296875 0.0296875
0 0.64765625 0.53828125 0.028125 0.0265625
0 0.37109375 0.5265625 0.0265625 0.0265625
0 0.459375 0.34140625 0.0328125 0.03125
0 0.66015625 0.634375 0.0359375 0.04375
0 0.49765625 0.22578125 0.0296875 0.0328125
0 0.70234375 0.54140625 0.0234375 0.028125
0 0.60390625 0.503125 0.0328125 0.028125
0 0.63984375 0.63046875 0.0265625 0.03125
0 0.65234375 0.484375 0.03125 0.0359375
0 0.33828125 0.553125 0.0203125 0.025
0 0.6234375 0.4921875 0.0296875 0.034375
0 0.703125 0.4953125 0.03125 0.028125
0 0.5640625 0.29609375 0.028125 0.0234375
0 0.3171875 0.54765625 0.0265625 0.025
0 0.72421875 0.5921875 0.03125 0.0265625
0 0.54296875 0.2953125 0.0203125 0.0234375
0 0.6125 0.62109375 0.03125 0.028125
0 0.29765625 0.5046875 0.034375 0.0296875
0 0.625 0.59609375 0.025 0.0265625
0 0.35703125 0.56953125 0.0265625 0.0234375
0 0.43828125 0.5390625 0.0328125 0.0375
0 0.64921875 0.60546875 0.028125 0.0296875
0 0.41953125 0.490625 0.03125 0.034375
0 0.6125 0.5734375 0.0265625 0.0265625
0 0.690625 0.625 0.03125 0.03125
0 0.43046875 0.5875 0.028125 0.0328125
0 0.3234375 0.5203125 0.0296875 0.028125
0 0.67890625 0.5546875 0.0234375 0.0265625
0 0.36171875 0.59921875 0.028125 0.028125
0 0.33984375 0.50234375 0.0265625 0.0265625
0 0.48046875 0.2359375 0.0375 0.034375
0 0.40625 0.5203125 0.0265625 0.0265625
0 0.67578125 0.48515625 0.03125 0.0359375
0 0.5828125 0.271875 0.0328125 0.0234375
0 0.55234375 0.27265625 0.028125 0.0234375
0 0.384375 0.56328125 0.0234375 0.028125
0 0.53046875 0.3171875 0.0265625 0.0234375
0 0.5125 0.25390625 0.028125 0.0265625
0 0.3390625 0.58671875 0.025 0.0296875
0 0.3875 0.590625 0.028125 0.0265625
0 0.4546875 0.25234375 0.0328125 0.028125
0 0.4890625 0.2546875 0.025 0.021875
0 0.35703125 0.55 0.028125 0.0234375
0 0.6078125 0.55 0.0265625 0.025
0 0.5140625 0.340625 0.028125 0.025
0 0.52734375 0.275 0.025 0.0203125
0 0.57265625 0.34140625 0.0328125 0.03125
0 0.69453125 0.58984375 0.0296875 0.028125
0 0.40703125 0.56953125 0.025 0.0296875
0 0.4703125 0.32109375 0.0265625 0.0265625
0 0.65546875 0.5625 0.046875 0.0421875
0 0.5421875 0.33671875 0.025 0.0234375
0 0.46640625 0.29609375 0.028125 0.0234375