0 0.8609375 0.55390625 0.05 0.0390625
0 0.16796875 0.3640625 0.05 0.0390625
0 0.45546875 0.8328125 0.040625 0.0484375
0 0.58359375 0.11875 0.040625 0.0453125
0 0.55078125 0.11328125 0.0359375 0.0421875
0 0.51328125 0.11171875 0.0359375 0.0453125
0 0.159375 0.4 0.0484375 0.0390625
0 0.8703125 0.44375 0.0453125 0.0421875
0 0.2625 0.73515625 0.046875 0.0390625
0 0.56484375 0.83359375 0.0375 0.046875
0 0.42109375 0.828125 0.0421875 0.046875
0 0.44375 0.11640625 0.0390625 0.0421875
0 0.315625 0.1671875 0.0421875 0.0421875
0 0.19453125 0.64921875 0.0453125 0.040625
0 0.15390625 0.47109375 0.0484375 0.0421875
0 0.38359375 0.8171875 0.04375 0.046875
0 0.47734375 0.1125 0.0375 0.0421875
0 0.2859375 0.1890625 0.0453125 0.0421875
0 0.66796875 0.8 0.040625 0.0453125
0 0.70546875 0.56640625 0.0265625 0.028125
0 0.60234375 0.82890625 0.0390625 0.046875
0 0.68203125 0.15703125 0.04375 0.0484375
0 0.65078125 0.1390625 0.0421875 0.0453125
0 0.2953125 0.58125 0.03125 0.028125
0 0.6328125 0.81796875 0.040625 0.046875
0 0.528125 0.8375 0.0375 0.046875
0 0.8125 0.2765625 0.0453125 0.0359375
0 0.37734375 0.1375 0.0390625 0.04375
0 0.18046875 0.615625 0.046875 0.0375
0 0.21640625 0.68046875 0.0453125 0.0390625
0 0.84453125 0.621875 0.0453125 0.04375
0 0.28984375 0.76015625 0.04375 0.04375
0 0.50390625 0.3703125 0.0265625 0.034375
0 0.15859375 0.54375 0.0484375 0.04375
0 0.16796875 0.57890625 0.0484375 0.0421875
0 0.8671875 0.51484375 0.05 0.0390625
0 0.1546875 0.5078125 0.0484375 0.0421875
0 0.23359375 0.23828125 0.04375 0.040625
0 0.58203125 0.57578125 0.0328125 0.0296875
0 0.871875 0.4796875 0.0484375 0.04375
0 0.86328125 0.40625 0.046875 0.0421875
0 0.19296875 0.296875 0.0453125 0.040625
0 0.7671875 0.2203125 0.0421875 0.040625
0 0.4109375 0.12421875 0.0375 0.040625
0 0.36640625 0.49921875 0.0265625 0.028125
0 0.61796875 0.12734375 0.040625 0.04375
0 0.71875 0.51328125 0.0375 0.028125
0 0.53359375 0.36953125 0.028125 0.034375
0 0.809375 0.68671875 0.04375 0.0390625
0 0.73203125 0.565625 0.03125 0.0296875
0 0.32109375 0.78046875 0.04375 0.0453125
0 0.7578125 0.73828125 0.0453125 0.04375
0 0.73125 0.7640625 0.04375 0.04375
0 0.34296875 0.153125 0.0390625 0.04375
0 0.7390625 0.19296875 0.0421875 0.040625
0 0.8546875 0.58671875 0.0484375 0.0390625
0 0.3703125 0.521875 0.028125 0.025
0 0.84296875 0.33828125 0.046875 0.0375
0 0.2359375 0.709375 0.046875 0.0390625
0 0.61875 0.52734375 0.028125 0.025
0 0.57890625 0.5515625 0.0296875 0.028125
0 0.7296875 0.540625 0.034375 0.0328125
0 0.49140625 0.83671875 0.0390625 0.0453125
0 0.18046875 0.33125 0.0515625 0.0390625
0 0.446875 0.3234375 0.0296875 0.0296875
0 0.321875 0.57109375 0.0265625 0.0265625
0 0.33984375 0.5546875 0.025 0.0265625
0 0.68046875 0.55625 0.0234375 0.028125
0 0.8265625 0.65703125 0.046875 0.0390625
0 0.15546875 0.43515625 0.046875 0.0421875
0 0.78828125 0.24453125 0.04375 0.0375
0 0.28828125 0.55625 0.03125 0.028125
0 0.28984375 0.5328125 0.03125 0.028125
0 0.34375 0.53125 0.0234375 0.025
0 0.259375 0.21328125 0.04375 0.0390625
0 0.8546875 0.371875 0.0484375 0.0421875
0 0.6234375 0.48984375 0.03125 0.0359375
0 0.59765625 0.603125 0.034375 0.028125
0 0.4796875 0.36015625 0.0296875 0.0296875
0 0.2125 0.26796875 0.04375 0.0375
0 0.340625 0.471875 0.0296875 0.034375
0 0.53984375 0.29375 0.0234375 0.0234375
0 0.5890625 0.52890625 0.034375 0.028125
0 0.83046875 0.3046875 0.0453125 0.0390625
0 0.4984375 0.225 0.028125 0.0328125
0 0.44453125 0.27421875 0.0328125 0.0296875
0 0.37109375 0.46875 0.0265625 0.03125
0 0.33515625 0.61796875 0.03125 0.0359375
0 0.3875 0.61796875 0.03125 0.0328125
0 0.3171875 0.54765625 0.0265625 0.0265625
0 0.78125 0.71328125 0.0453125 0.040625
0 0.51484375 0.33984375 0.025 0.025
0 0.52421875 0.22578125 0.03125 0.034375
0 0.5671875 0.24609375 0.034375 0.028125
0 0.35078125 0.7984375 0.0421875 0.0453125
0 0.609375 0.55 0.028125 0.0265625
0 0.70234375 0.78203125 0.0390625 0.04375
0 0.38828125 0.50390625 0.0265625 0.028125
0 0.5546875 0.32265625 0.0265625 0.0234375
0 0.61171875 0.571875 0.0265625 0.025
0 0.3609375 0.625 0.025 0.0328125
0 0.41015625 0.60546875 0.0296875 0.03125
0 0.46015625 0.34375 0.03125 0.0296875
0 0.5171875 0.30234375 0.0296875 0.0359375
0 0.6515625 0.484375 0.0296875 0.0328125
0 0.7125 0.1734375 0.040625 0.040625
0 0.3375 0.58828125 0.028125 0.03125
0 0.5828125 0.31953125 0.03125 0.0234375
0 0.58125 0.2703125 0.0296875 0.0234375
0 0.70234375 0.496875 0.03125 0.0296875
0 0.47109375 0.32109375 0.025 0.0265625
0 0.33984375 0.50234375 0.025 0.0265625
0 0.60234375 0.503125 0.0328125 0.0296875
0 0.5640625 0.2953125 0.0265625 0.025
0 0.540625 0.3375 0.025 0.0234375
0 0.43046875 0.5890625 0.028125 0.0296875
0 0.53828125 0.25625 0.0265625 0.025
0 0.45625 0.2484375 0.0296875 0.028125
0 0.55390625 0.2734375 0.028125 0.0234375
0 0.6734375 0.60546875 0.0265625 0.028125
0 0.7234375 0.59296875 0.034375 0.028125
0 0.4765625 0.2734375 0.0296875 0.0265625
0 0.61328125 0.621875 0.03125 0.0296875
0 0.4921875 0.2984375 0.0265625 0.025
0 0.6859375 0.51875 0.0234375 0.028125
0 0.32265625 0.51875 0.0296875 0.03125
0 0.31328125 0.603125 0.03125 0.034375
0 0.43984375 0.296875 0.0265625 0.025
0 0.31875 0.4875 0.0296875 0.034375
0 0.4390625 0.5359375 0.0328125 0.03125
0 0.64765625 0.53984375 0.0234375 0.0265625
0 0.634375 0.55859375 0.0265625 0.0328125
0 0.7015625 0.540625 0.025 0.0265625
0 0.3609375 0.59765625 0.025 0.028125
0 0.62578125 0.596875 0.0265625 0.025
0 0.71015625 0.61328125 0.03125 0.03125
0 0.296875 0.50546875 0.0328125 0.028125
0 0.49296875 0.3359375 0.0296875 0.0265625
0 0.478125 0.23515625 0.03125 0.034375
0 0.6640625 0.6375 0.028125 0.0359375
0 0.6765625 0.4859375 0.028125 0.034375
0 0.35703125 0.56953125 0.0234375 0.0234375
0 0.40625 0.571875 0.0234375 0.0265625
0 0.3953125 0.47421875 0.0296875 0.0375
0 0.6421875 0.51015625 0.0234375 0.0265625
0 0.55625 0.3578125 0.025 0.028125
0 0.52890625 0.3171875 0.028125 0.0234375
0 0.63828125 0.6359375 0.0265625 0.0375
0 0.51171875 0.253125 0.0265625 0.0234375
0 0.66796875 0.53828125 0.0234375 0.0265625
0 0.65 0.6046875 0.025 0.0265625
0 0.57265625 0.34140625 0.03125 0.0296875
0 0.6640625 0.51015625 0.028125 0.025
0 0.59140625 0.2921875 0.028125 0.0265625
0 0.4171875 0.4921875 0.0328125 0.034375
0 0.3875 0.59140625 0.0265625 0.025
0 0.40703125 0.5203125 0.0265625 0.028125
0 0.43828125 0.5625 0.0328125 0.0296875
0 0.38828125 0.5375 0.0234375 0.028125
0 0.384375 0.56328125 0.0234375 0.025
0 0.50234375 0.27421875 0.025 0.0234375
0 0.4921875 0.25546875 0.0234375 0.0234375
0 0.4109375 0.5484375 0.0234375 0.0265625
0 0.3640625 0.5484375 0.0234375 0.021875
0 0.4640625 0.296875 0.0234375 0.021875
0 0.69140625 0.625 0.03125 0.03125
0 0.696875 0.59140625 0.0234375 0.025
0 0.55078125 0.22890625 0.028125 0.025
0 0.64609375 0.575 0.028125 0.028125
0 0.4359375 0.50859375 0.0265625 0.028125