0 0.26875 0.50078125 0.03125 0.034375
0 0.26953125 0.53359375 0.0296875 0.034375
0 0.56328125 0.54453125 0.034375 0.03125
0 0.6984375 0.42734375 0.0359375 0.028125
0 0.709375 0.45234375 0.0328125 0.0296875
0 0.546875 0.74453125 0.0296875 0.028125
0 0.275 0.56171875 0.03125 0.03125
0 0.33203125 0.45078125 0.028125 0.034375
0 0.47890625 0.42578125 0.0296875 0.03125
0 0.44765625 0.43515625 0.03125 0.034375
0 0.69609375 0.4828125 0.028125 0.028125
0 0.40546875 0.56171875 0.0328125 0.03125
0 0.27578125 0.4671875 0.03125 0.03125
0 0.4 0.51171875 0.0328125 0.040625
0 0.68046875 0.45546875 0.0234375 0.025
0 0.29296875 0.49296875 0.025 0.028125
0 0.5796875 0.565625 0.034375 0.03125
0 0.40078125 0.72578125 0.0328125 0.0296875
0 0.64609375 0.453125 0.0265625 0.0265625
0 0.49921875 0.45703125 0.03125 0.0328125
0 0.3875 0.36953125 0.03125 0.0296875
0 0.27890625 0.58984375 0.0265625 0.0296875
0 0.665625 0.43828125 0.03125 0.0296875
0 0.45390625 0.375 0.03125 0.03125
0 0.57578125 0.48984375 0.028125 0.0375
0 0.6078125 0.58359375 0.0359375 0.0390625
0 0.328125 0.59921875 0.0453125 0.034375
0 0.35390625 0.465625 0.028125 0.0296875
0 0.6796875 0.5859375 0.0265625 0.0359375
0 0.4234375 0.36796875 0.0328125 0.025
0 0.3015625 0.5734375 0.0296875 0.03125
0 0.2921875 0.61015625 0.0265625 0.03125
0 0.47265625 0.4546875 0.0296875 0.0328125
0 0.559375 0.51484375 0.0359375 0.03125
0 0.41796875 0.659375 0.0328125 0.0328125
0 0.32265625 0.48203125 0.0296875 0.0296875
0 0.6265625 0.60703125 0.03125 0.0328125
0 0.296875 0.41875 0.0328125 0.03125
0 0.45546875 0.40234375 0.0296875 0.0265625
0 0.65546875 0.40703125 0.0296875 0.0296875
0 0.43125 0.73359375 0.028125 0.0359375
0 0.65078125 0.62421875 0.03125 0.034375
0 0.32734375 0.63671875 0.05 0.046875
0 0.29765625 0.5375 0.03125 0.059375
0 0.66953125 0.63046875 0.0265625 0.0421875
0 0.61953125 0.56640625 0.0265625 0.028125
0 0.3234375 0.4046875 0.0390625 0.0359375
0 0.721875 0.5390625 0.03125 0.034375
0 0.6953125 0.5484375 0.0296875 0.046875
0 0.45546875 0.70703125 0.034375 0.0421875
0 0.7046875 0.60078125 0.03125 0.03125
0 0.2828125 0.4421875 0.0328125 0.025
0 0.66171875 0.475 0.0296875 0.028125
0 0.6046875 0.49921875 0.03125 0.03125
0 0.5109375 0.59453125 0.034375 0.034375
0 0.51328125 0.32890625 0.0390625 0.034375
0 0.41953125 0.34140625 0.0265625 0.025
0 0.596875 0.54921875 0.0265625 0.0265625
0 0.45625 0.6078125 0.0375 0.0328125
0 0.72109375 0.50625 0.0296875 0.028125
0 0.62578125 0.47421875 0.03125 0.03125
0 0.6453125 0.58046875 0.0265625 0.025
0 0.3453125 0.62578125 0.0234375 0.021875
0 0.61484375 0.53515625 0.025 0.03125
0 0.67734375 0.521875 0.0265625 0.03125
0 0.4046875 0.47890625 0.0296875 0.03125
0 0.359375 0.5265625 0.0359375 0.0390625
0 0.6 0.725 0.03125 0.028125
0 0.384375 0.5875 0.0359375 0.03125
0 0.5046875 0.42734375 0.0296875 0.0296875
0 0.7140625 0.56953125 0.034375 0.034375
0 0.58984375 0.521875 0.0328125 0.028125
0 0.30625 0.44296875 0.025 0.025
0 0.45390625 0.35234375 0.0359375 0.034375
0 0.378125 0.4890625 0.03125 0.0421875
0 0.52890625 0.4421875 0.0296875 0.0328125
0 0.40390625 0.39140625 0.0328125 0.0296875
0 0.328125 0.50859375 0.0359375 0.028125
0 0.46171875 0.6734375 0.0328125 0.025
0 0.39375 0.69765625 0.040625 0.034375
0 0.378125 0.55703125 0.0265625 0.0265625
0 0.65703125 0.51875 0.03125 0.046875
0 0.63984375 0.4265625 0.028125 0.03125
0 0.42890625 0.40859375 0.0265625 0.03125
0 0.496875 0.66796875 0.034375 0.0359375
0 0.50390625 0.36875 0.034375 0.040625
0 0.4921875 0.690625 0.0359375 0.028125
0 0.3328125 0.540625 0.034375 0.03125
0 0.69296875 0.6265625 0.0328125 0.034375
0 0.70078125 0.509375 0.025 0.028125
0 0.56875 0.3359375 0.03125 0.0265625
0 0.44609375 0.64453125 0.0359375 0.034375
0 0.5703125 0.646875 0.0359375 0.034375
0 0.378125 0.4484375 0.03125 0.0375
0 0.5984375 0.46640625 0.03125 0.03125
0 0.65703125 0.5640625 0.028125 0.0296875
0 0.575 0.70546875 0.03125 0.0265625
0 0.32421875 0.559375 0.025 0.0296875
0 0.61796875 0.446875 0.03125 0.0265625
0 0.55546875 0.3796875 0.028125 0.0265625
0 0.68046875 0.40078125 0.028125 0.0296875
0 0.66328125 0.60078125 0.0265625 0.0265625
0 0.51640625 0.74921875 0.028125 0.0265625
0 0.61328125 0.703125 0.0328125 0.025
0 0.43125 0.50625 0.028125 0.0328125
0 0.559375 0.35625 0.03125 0.0234375
0 0.359375 0.61015625 0.028125 0.028125
0 0.634375 0.52265625 0.028125 0.03125
0 0.51484375 0.6578125 0.03125 0.03125
0 0.71796875 0.4796875 0.0296875 0.03125
0 0.5453125 0.328125 0.0265625 0.0265625
0 0.50390625 0.7265625 0.034375 0.028125
0 0.64140625 0.49296875 0.028125 0.028125