0 0.26953125 0.5328125 0.03125 0.0328125
0 0.26796875 0.50078125 0.03125 0.03125
0 0.42265625 0.36953125 0.03125 0.0265625
0 0.709375 0.4515625 0.0328125 0.0296875
0 0.27578125 0.46796875 0.0328125 0.03125
0 0.33203125 0.45078125 0.0296875 0.034375
0 0.47890625 0.42578125 0.028125 0.028125
0 0.56328125 0.54453125 0.0328125 0.028125
0 0.27421875 0.5609375 0.03125 0.03125
0 0.69765625 0.42734375 0.0359375 0.028125
0 0.6796875 0.45546875 0.0265625 0.0265625
0 0.57890625 0.565625 0.03125 0.028125
0 0.60703125 0.58359375 0.034375 0.0359375
0 0.2796875 0.58984375 0.0296875 0.0296875
0 0.62734375 0.60546875 0.03125 0.03125
0 0.3296875 0.6 0.0453125 0.034375
0 0.40703125 0.5625 0.03125 0.03125
0 0.43125 0.73828125 0.028125 0.0328125
0 0.6078125 0.5 0.0390625 0.0328125
0 0.403125 0.725 0.034375 0.03125
0 0.303125 0.57421875 0.03125 0.0296875
0 0.69609375 0.48203125 0.0265625 0.0265625
0 0.32109375 0.40234375 0.0359375 0.03125
0 0.65078125 0.6234375 0.03125 0.0328125
0 0.45625 0.40234375 0.028125 0.0265625
0 0.646875 0.45234375 0.028125 0.0234375
0 0.45546875 0.69921875 0.0296875 0.028125
0 0.57578125 0.49140625 0.028125 0.034375
0 0.5703125 0.3390625 0.03125 0.03125
0 0.29453125 0.49453125 0.028125 0.028125
0 0.65703125 0.56640625 0.028125 0.028125
0 0.453125 0.37734375 0.0296875 0.03125
0 0.425 0.41171875 0.034375 0.0359375
0 0.41875 0.6578125 0.03125 0.0328125
0 0.31953125 0.6375 0.0421875 0.0453125
0 0.4484375 0.43359375 0.0296875 0.0296875
0 0.709375 0.56875 0.04375 0.034375
0 0.51796875 0.66875 0.0359375 0.05
0 0.42109375 0.34296875 0.03125 0.025
0 0.5984375 0.5484375 0.0265625 0.025
0 0.6609375 0.47734375 0.0296875 0.025
0 0.6703125 0.6296875 0.0234375 0.0390625
0 0.33046875 0.50703125 0.0296875 0.025
0 0.2953125 0.41953125 0.03125 0.03125
0 0.35546875 0.51953125 0.0265625 0.0234375
0 0.321875 0.48203125 0.0296875 0.0265625
0 0.28359375 0.44296875 0.0328125 0.025
0 0.34375 0.628125 0.0265625 0.025
0 0.721875 0.50546875 0.03125 0.03125
0 0.56015625 0.5140625 0.03125 0.028125
0 0.4734375 0.45390625 0.03125 0.03125
0 0.38671875 0.37109375 0.034375 0.028125
0 0.51640625 0.32421875 0.03125 0.025
0 0.6765625 0.52421875 0.0234375 0.028125
0 0.62578125 0.47421875 0.03125 0.028125
0 0.590625 0.521875 0.03125 0.028125
0 0.43125 0.50703125 0.0296875 0.034375
0 0.5 0.45625 0.03125 0.0328125
0 0.29296875 0.61171875 0.0265625 0.0296875
0 0.3765625 0.5578125 0.03125 0.0328125
0 0.45703125 0.74609375 0.03125 0.025
0 0.3359375 0.53671875 0.0265625 0.0265625
0 0.31796875 0.5359375 0.0265625 0.0265625
0 0.353125 0.46484375 0.028125 0.028125
0 0.67890625 0.5890625 0.025 0.034375
0 0.66484375 0.4359375 0.0296875 0.028125
0 0.6765625 0.496875 0.0265625 0.025
0 0.5984375 0.72421875 0.03125 0.028125
0 0.296875 0.54609375 0.0265625 0.034375
0 0.6125 0.70234375 0.0375 0.0234375
0 0.721875 0.53984375 0.0296875 0.034375
0 0.4328125 0.7125 0.0265625 0.0234375
0 0.44765625 0.64453125 0.034375 0.034375
0 0.50390625 0.4265625 0.03125 0.028125
0 0.35390625 0.56484375 0.0390625 0.0453125
0 0.55625 0.38046875 0.0234375 0.0234375
0 0.39921875 0.50625 0.03125 0.028125
0 0.70546875 0.6 0.03125 0.0328125
0 0.67578125 0.55078125 0.021875 0.0265625
0 0.528125 0.44375 0.03125 0.03125
0 0.54609375 0.74453125 0.0265625 0.0265625
0 0.45390625 0.61015625 0.0359375 0.03125
0 0.553125 0.7171875 0.028125 0.028125
0 0.6203125 0.5640625 0.0265625 0.025
0 0.42890625 0.69296875 0.0265625 0.0203125
0 0.69296875 0.6265625 0.0328125 0.0328125
0 0.51171875 0.59296875 0.034375 0.0359375
0 0.4046875 0.47890625 0.03125 0.0328125
0 0.571875 0.73671875 0.0328125 0.03125
0 0.65546875 0.40546875 0.028125 0.028125
0 0.32265625 0.56015625 0.025 0.0265625
0 0.5015625 0.7265625 0.0328125 0.0328125
0 0.38515625 0.5875 0.0359375 0.0296875
0 0.46640625 0.6734375 0.0296875 0.025
0 0.453125 0.3484375 0.03125 0.0234375
0 0.44765625 0.3015625 0.03125 0.0296875
0 0.46171875 0.721875 0.0375 0.028125
0 0.63203125 0.52578125 0.0296875 0.03125
0 0.3546875 0.43359375 0.0265625 0.0359375
0 0.5671875 0.640625 0.028125 0.0234375
0 0.63984375 0.42734375 0.03125 0.0296875
0 0.39296875 0.7 0.040625 0.0296875
0 0.46875 0.62421875 0.0328125 0.021875
0 0.63125 0.5515625 0.028125 0.0234375
0 0.68046875 0.4015625 0.03125 0.0296875
0 0.66328125 0.59921875 0.025 0.0265625
0 0.3765625 0.34296875 0.03125 0.025
0 0.51640625 0.7484375 0.03125 0.025
0 0.29375 0.5171875 0.0296875 0.0296875
0 0.5453125 0.32890625 0.025 0.0265625
0 0.440625 0.67109375 0.028125 0.0234375
0 0.6171875 0.44609375 0.0296875 0.0296875
0 0.65703125 0.5375 0.0234375 0.03125
0 0.7171875 0.4796875 0.03125 0.03125
0 0.38203125 0.5234375 0.0265625 0.028125
0 0.39453125 0.675 0.0375 0.0265625
0 0.36015625 0.609375 0.0296875 0.0296875
0 0.37734375 0.48984375 0.0328125 0.04375
0 0.52265625 0.62421875 0.04375 0.0359375
0 0.49921875 0.40390625 0.0296875 0.028125
0 0.4046875 0.39140625 0.0296875 0.028125
0 0.53515625 0.70234375 0.03125 0.025
0 0.37890625 0.45 0.03125 0.0328125
0 0.65703125 0.509375 0.0234375 0.034375
0 0.39765625 0.534375 0.0328125 0.028125
0 0.70078125 0.50859375 0.021875 0.028125
0 0.575 0.70546875 0.03125 0.028125
0 0.53671875 0.36953125 0.0234375 0.028125
0 0.64609375 0.58046875 0.0265625 0.0234375
0 0.30078125 0.46640625 0.0265625 0.028125
0 0.4625 0.3265625 0.0328125 0.025
0 0.43671875 0.38359375 0.0265625 0.0265625
0 0.6984375 0.5375 0.0234375 0.028125
0 0.5078125 0.35625 0.0265625 0.028125
0 0.39453125 0.3265625 0.0296875 0.025
0 0.5828125 0.37734375 0.03125 0.0265625
0 0.490625 0.6140625 0.0296875 0.0234375
0 0.4828125 0.58828125 0.0328125 0.034375