0 0.26875 0.53359375 0.03125 0.034375
0 0.26796875 0.50078125 0.03125 0.03125
0 0.421875 0.36875 0.0296875 0.025
0 0.2796875 0.590625 0.0296875 0.028125
0 0.69765625 0.428125 0.0359375 0.028125
0 0.3234375 0.6015625 0.0359375 0.0296875
0 0.27421875 0.5609375 0.03125 0.03125
0 0.5625 0.5453125 0.034375 0.0296875
0 0.275 0.46796875 0.03125 0.03125
0 0.70859375 0.4515625 0.0328125 0.028125
0 0.6078125 0.58359375 0.0359375 0.0375
0 0.33203125 0.45 0.0296875 0.0328125
0 0.44765625 0.4328125 0.0296875 0.034375
0 0.47890625 0.42578125 0.028125 0.0265625
0 0.6796875 0.45546875 0.025 0.025
0 0.5796875 0.56640625 0.0328125 0.028125
0 0.43125 0.7375 0.0296875 0.03125
0 0.546875 0.7453125 0.0296875 0.028125
0 0.4 0.7234375 0.034375 0.03125
0 0.4734375 0.453125 0.03125 0.03125
0 0.2828125 0.4421875 0.03125 0.025
0 0.51484375 0.3265625 0.0375 0.03125
0 0.646875 0.45234375 0.0296875 0.0234375
0 0.6046875 0.4984375 0.0328125 0.028125
0 0.5109375 0.59375 0.034375 0.034375
0 0.45625 0.746875 0.03125 0.0265625
0 0.65703125 0.565625 0.028125 0.028125
0 0.721875 0.53984375 0.03125 0.034375
0 0.6703125 0.63046875 0.025 0.0390625
0 0.30234375 0.57421875 0.03125 0.028125
0 0.35546875 0.5203125 0.025 0.0265625
0 0.40546875 0.5625 0.034375 0.0296875
0 0.29375 0.6125 0.0234375 0.028125
0 0.5703125 0.3375 0.03125 0.0296875
0 0.29453125 0.49375 0.028125 0.0265625
0 0.52890625 0.44296875 0.03125 0.0296875
0 0.62734375 0.60703125 0.03125 0.0328125
0 0.29921875 0.4640625 0.028125 0.028125
0 0.5875 0.52109375 0.03125 0.028125
0 0.33203125 0.50859375 0.028125 0.0265625
0 0.65625 0.40703125 0.0296875 0.0296875
0 0.51640625 0.74921875 0.0296875 0.0265625
0 0.721875 0.50625 0.03125 0.03125
0 0.29609375 0.41875 0.03125 0.0296875
0 0.35234375 0.465625 0.03125 0.0296875
0 0.665625 0.4375 0.0296875 0.0265625
0 0.45546875 0.4015625 0.028125 0.0234375
0 0.453125 0.3765625 0.0328125 0.0296875
0 0.428125 0.40859375 0.0296875 0.0296875
0 0.43359375 0.71328125 0.028125 0.0203125
0 0.41796875 0.659375 0.034375 0.03125
0 0.7140625 0.56953125 0.0328125 0.03125
0 0.3875 0.37109375 0.0328125 0.0234375
0 0.56015625 0.515625 0.0328125 0.0328125
0 0.6 0.5484375 0.03125 0.025
0 0.6953125 0.4828125 0.0265625 0.0265625
0 0.45546875 0.69921875 0.028125 0.025
0 0.57578125 0.490625 0.028125 0.0328125
0 0.66015625 0.478125 0.03125 0.028125
0 0.58203125 0.37890625 0.03125 0.0265625
0 0.32109375 0.63671875 0.04375 0.046875
0 0.61171875 0.7015625 0.034375 0.0203125
0 0.6765625 0.525 0.025 0.028125
0 0.63359375 0.52265625 0.028125 0.03125
0 0.4 0.50625 0.03125 0.028125
0 0.4640625 0.67265625 0.0328125 0.0234375
0 0.6765625 0.5515625 0.0234375 0.0265625
0 0.7046875 0.6 0.03125 0.03125
0 0.59921875 0.72421875 0.0328125 0.0265625
0 0.321875 0.48203125 0.028125 0.0265625
0 0.33046875 0.41484375 0.03125 0.0375
0 0.68046875 0.40078125 0.028125 0.03125
0 0.65078125 0.62421875 0.03125 0.034375
0 0.41953125 0.34296875 0.0296875 0.0234375
0 0.57109375 0.73515625 0.03125 0.03125
0 0.5671875 0.6421875 0.028125 0.0265625
0 0.29765625 0.546875 0.028125 0.03125
0 0.54609375 0.328125 0.0234375 0.0265625
0 0.67890625 0.5890625 0.0234375 0.0359375
0 0.5 0.45625 0.0296875 0.03125
0 0.6640625 0.6 0.025 0.028125
0 0.34296875 0.62734375 0.0265625 0.025
0 0.65625 0.5390625 0.0265625 0.028125
0 0.6390625 0.42734375 0.03125 0.0296875
0 0.3359375 0.53828125 0.0265625 0.028125
0 0.53828125 0.6484375 0.03125 0.0234375
0 0.2921875 0.51796875 0.0265625 0.03125
0 0.57578125 0.7046875 0.028125 0.025
0 0.30703125 0.50390625 0.021875 0.03125
0 0.44609375 0.30234375 0.03125 0.028125
0 0.346875 0.4859375 0.028125 0.03125
0 0.4 0.69921875 0.0296875 0.0234375
0 0.37734375 0.34453125 0.03125 0.025
0 0.48828125 0.74921875 0.028125 0.028125
0 0.4609375 0.7234375 0.0328125 0.0234375
0 0.34765625 0.56328125 0.0359375 0.0390625
0 0.359375 0.61015625 0.03125 0.028125
0 0.50546875 0.428125 0.0296875 0.0265625
0 0.71875 0.4796875 0.03125 0.0296875
0 0.69453125 0.6265625 0.03125 0.034375
0 0.45390625 0.60859375 0.034375 0.0359375
0 0.38046875 0.5234375 0.0234375 0.0296875
0 0.38515625 0.59140625 0.0328125 0.03125
0 0.45078125 0.646875 0.0328125 0.028125
0 0.678125 0.4953125 0.03125 0.0296875
0 0.54140625 0.67421875 0.03125 0.0265625
0 0.42890625 0.69296875 0.0265625 0.0234375
0 0.6171875 0.44609375 0.03125 0.03125
0 0.64453125 0.58125 0.0265625 0.0234375
0 0.62421875 0.4734375 0.0296875 0.025
0 0.30859375 0.440625 0.0234375 0.021875
0 0.3140625 0.5375 0.028125 0.03125
0 0.378125 0.45078125 0.0328125 0.03125
0 0.36953125 0.55390625 0.0359375 0.034375
0 0.40390625 0.38984375 0.03125 0.025
0 0.534375 0.36953125 0.0234375 0.028125
0 0.32265625 0.559375 0.025 0.0265625
0 0.69765625 0.53828125 0.021875 0.028125
0 0.4046875 0.47890625 0.03125 0.0328125
0 0.50625 0.36171875 0.0265625 0.0296875
0 0.6578125 0.50703125 0.0234375 0.03125
0 0.609375 0.6765625 0.034375 0.025
0 0.4984375 0.4015625 0.0265625 0.0234375
0 0.51640625 0.653125 0.028125 0.0234375
0 0.5546875 0.7171875 0.025 0.0296875
0 0.63125 0.553125 0.0265625 0.025
0 0.37890625 0.48828125 0.0296875 0.040625
0 0.45234375 0.34765625 0.03125 0.0234375
0 0.59765625 0.465625 0.028125 0.028125
0 0.3953125 0.32421875 0.0296875 0.021875
0 0.55859375 0.35546875 0.0328125 0.0234375
0 0.39921875 0.53515625 0.03125 0.028125
0 0.534375 0.7015625 0.03125 0.0234375