0 0.26875 0.5328125 0.03125 0.0328125
0 0.709375 0.45234375 0.0328125 0.028125
0 0.26796875 0.50078125 0.03125 0.03125
0 0.27421875 0.46796875 0.03125 0.0296875
0 0.69765625 0.428125 0.0359375 0.0265625
0 0.27421875 0.5609375 0.03125 0.0296875
0 0.5625 0.54453125 0.034375 0.028125
0 0.33203125 0.50703125 0.028125 0.0265625
0 0.2796875 0.590625 0.03125 0.028125
0 0.3328125 0.45 0.028125 0.0328125
0 0.58046875 0.56640625 0.0359375 0.028125
0 0.403125 0.72578125 0.03125 0.03125
0 0.30234375 0.57421875 0.0296875 0.028125
0 0.47890625 0.42578125 0.0265625 0.0265625
0 0.60703125 0.4984375 0.0375 0.028125
0 0.3546875 0.5203125 0.0265625 0.025
0 0.33046875 0.6 0.0453125 0.0328125
0 0.60703125 0.5859375 0.034375 0.034375
0 0.6796875 0.4546875 0.025 0.025
0 0.69609375 0.4828125 0.028125 0.0265625
0 0.42265625 0.3671875 0.03125 0.0234375
0 0.2953125 0.49453125 0.028125 0.028125
0 0.4 0.50546875 0.03125 0.028125
0 0.6 0.5484375 0.03125 0.025
0 0.4484375 0.43203125 0.028125 0.03125
0 0.51484375 0.7484375 0.03125 0.0265625
0 0.296875 0.41875 0.0328125 0.0296875
0 0.3203125 0.63671875 0.0375 0.0453125
0 0.29296875 0.6109375 0.0265625 0.0265625
0 0.2921875 0.51875 0.0265625 0.028125
0 0.43125 0.73671875 0.0296875 0.03125
0 0.428125 0.40859375 0.0296875 0.0265625
0 0.590625 0.52109375 0.03125 0.0265625
0 0.33671875 0.53671875 0.0234375 0.025
0 0.6703125 0.6296875 0.025 0.0359375
0 0.646875 0.45234375 0.0265625 0.025
0 0.56015625 0.51484375 0.03125 0.028125
0 0.40546875 0.5625 0.0328125 0.028125
0 0.64921875 0.625 0.028125 0.0328125
0 0.625 0.4734375 0.03125 0.025
0 0.32265625 0.48203125 0.028125 0.025
0 0.3 0.46484375 0.0265625 0.025
0 0.6609375 0.478125 0.028125 0.0265625
0 0.3796875 0.5234375 0.0234375 0.028125
0 0.72109375 0.50625 0.03125 0.0296875
0 0.665625 0.4375 0.028125 0.0234375
0 0.45546875 0.746875 0.0296875 0.025
0 0.62734375 0.60625 0.03125 0.028125
0 0.515625 0.32109375 0.0328125 0.01875
0 0.45625 0.6984375 0.028125 0.0234375
0 0.68046875 0.4015625 0.0296875 0.0296875
0 0.65703125 0.565625 0.028125 0.0265625
0 0.7046875 0.6 0.03125 0.028125
0 0.58203125 0.378125 0.0296875 0.0234375
0 0.2828125 0.44296875 0.03125 0.025
0 0.72265625 0.53984375 0.03125 0.0328125
0 0.7125 0.56953125 0.0359375 0.03125
0 0.378125 0.3453125 0.034375 0.028125
0 0.65625 0.4078125 0.028125 0.025
0 0.34453125 0.62578125 0.0234375 0.0203125
0 0.5703125 0.3359375 0.03125 0.028125
0 0.3140625 0.534375 0.0265625 0.0234375
0 0.40390625 0.390625 0.0296875 0.0265625
0 0.69453125 0.6265625 0.03125 0.034375
0 0.3125 0.44296875 0.0296875 0.0265625
0 0.35390625 0.5671875 0.0359375 0.0453125
0 0.61875 0.44609375 0.03125 0.028125
0 0.67890625 0.58984375 0.025 0.034375
0 0.675 0.5515625 0.0234375 0.028125
0 0.43203125 0.50703125 0.028125 0.03125
0 0.4171875 0.659375 0.03125 0.03125
0 0.4296875 0.69296875 0.028125 0.0234375
0 0.528125 0.44453125 0.03125 0.0265625
0 0.35234375 0.465625 0.0296875 0.028125
0 0.2984375 0.54765625 0.025 0.028125
0 0.41953125 0.34375 0.03125 0.021875
0 0.6 0.72421875 0.03125 0.025
0 0.71953125 0.4796875 0.028125 0.0296875
0 0.32265625 0.40390625 0.0328125 0.028125
0 0.4046875 0.47890625 0.0296875 0.0296875
0 0.38828125 0.371875 0.03125 0.0234375
0 0.49921875 0.45703125 0.03125 0.0328125
0 0.63984375 0.42734375 0.0296875 0.028125
0 0.43203125 0.7140625 0.028125 0.0203125
0 0.4734375 0.45390625 0.0296875 0.0328125
0 0.61171875 0.70234375 0.0328125 0.0203125
0 0.54609375 0.74375 0.0265625 0.0265625
0 0.6328125 0.5515625 0.025 0.025
0 0.390625 0.7109375 0.046875 0.0265625
0 0.36015625 0.609375 0.0296875 0.0296875
0 0.675 0.521875 0.025 0.0296875
0 0.57578125 0.49140625 0.028125 0.03125
0 0.46328125 0.7234375 0.0390625 0.028125
0 0.4421875 0.33046875 0.028125 0.0203125
0 0.621875 0.56484375 0.0265625 0.0234375
0 0.57265625 0.73515625 0.028125 0.03125
0 0.3765625 0.4890625 0.03125 0.0421875
0 0.40078125 0.53515625 0.03125 0.0296875
0 0.3234375 0.559375 0.0265625 0.028125
0 0.4859375 0.74921875 0.028125 0.0265625
0 0.575 0.70546875 0.03125 0.028125
0 0.7 0.5078125 0.028125 0.03125
0 0.4546875 0.4015625 0.0265625 0.0234375
0 0.65625 0.51015625 0.0234375 0.028125
0 0.50390625 0.428125 0.028125 0.0265625
0 0.34765625 0.48203125 0.028125 0.025
0 0.39453125 0.68046875 0.040625 0.034375
0 0.49375 0.3203125 0.028125 0.01875
0 0.5046875 0.2953125 0.0296875 0.0234375
0 0.5546875 0.378125 0.025 0.0203125
0 0.64375 0.58046875 0.028125 0.021875
0 0.51171875 0.59453125 0.0328125 0.03125
0 0.66328125 0.6 0.025 0.0265625
0 0.446875 0.646875 0.034375 0.0296875
0 0.378125 0.5890625 0.0328125 0.0296875
0 0.56328125 0.35625 0.03125 0.01875
0 0.37421875 0.5578125 0.03125 0.03125
0 0.54609375 0.32734375 0.025 0.025
0 0.39453125 0.325 0.03125 0.0265625
0 0.4671875 0.32421875 0.03125 0.0234375
0 0.6765625 0.496875 0.0265625 0.0234375
0 0.703125 0.5375 0.0296875 0.03125
0 0.43671875 0.3859375 0.028125 0.0234375
0 0.5671875 0.63984375 0.0296875 0.021875
0 0.64140625 0.52421875 0.03125 0.028125
0 0.45234375 0.67109375 0.04375 0.0234375
0 0.65703125 0.53671875 0.0234375 0.0296875
0 0.59765625 0.4671875 0.028125 0.028125