0 0.26875 0.50078125 0.034375 0.034375
0 0.26953125 0.53359375 0.03125 0.034375
0 0.69765625 0.42734375 0.0359375 0.0296875
0 0.403125 0.72578125 0.034375 0.03125
0 0.33203125 0.45078125 0.028125 0.034375
0 0.2734375 0.5609375 0.03125 0.0296875
0 0.275 0.46796875 0.034375 0.03125
0 0.54609375 0.74453125 0.028125 0.028125
0 0.60703125 0.584375 0.0359375 0.0375
0 0.2828125 0.44296875 0.0328125 0.025
0 0.303125 0.575 0.0296875 0.028125
0 0.4734375 0.45390625 0.0296875 0.0328125
0 0.28046875 0.58984375 0.0296875 0.0296875
0 0.65 0.62421875 0.03125 0.034375
0 0.45546875 0.70546875 0.0328125 0.0390625
0 0.328125 0.6 0.0453125 0.0328125
0 0.56328125 0.54453125 0.0328125 0.028125
0 0.47890625 0.4265625 0.028125 0.0265625
0 0.5796875 0.56640625 0.034375 0.03125
0 0.709375 0.4515625 0.034375 0.028125
0 0.2953125 0.4953125 0.0296875 0.03125
0 0.44765625 0.43359375 0.0296875 0.0328125
0 0.35234375 0.46796875 0.0296875 0.034375
0 0.57578125 0.49140625 0.028125 0.0359375
0 0.68046875 0.45546875 0.025 0.0265625
0 0.65546875 0.40703125 0.0296875 0.03125
0 0.60546875 0.4984375 0.034375 0.0328125
0 0.665625 0.43671875 0.0296875 0.0265625
0 0.69609375 0.48203125 0.0265625 0.025
0 0.646875 0.45234375 0.028125 0.0234375
0 0.33203125 0.5078125 0.028125 0.028125
0 0.38828125 0.3703125 0.0328125 0.028125
0 0.4 0.50703125 0.03125 0.03125
0 0.42109375 0.346875 0.0328125 0.0359375
0 0.65703125 0.56484375 0.028125 0.028125
0 0.42265625 0.3671875 0.03125 0.0265625
0 0.5 0.45625 0.03125 0.03125
0 0.296875 0.41875 0.0328125 0.03125
0 0.59921875 0.55 0.028125 0.028125
0 0.32265625 0.55703125 0.025 0.028125
0 0.62734375 0.60625 0.03125 0.03125
0 0.4046875 0.47890625 0.03125 0.0328125
0 0.43125 0.7390625 0.0265625 0.034375
0 0.7046875 0.6 0.0328125 0.0328125
0 0.41875 0.65859375 0.0328125 0.0296875
0 0.67890625 0.58828125 0.025 0.0359375
0 0.6703125 0.62890625 0.0265625 0.0421875
0 0.36015625 0.6125 0.03125 0.034375
0 0.721875 0.50625 0.03125 0.0328125
0 0.42890625 0.69296875 0.025 0.0234375
0 0.45625 0.40234375 0.028125 0.0265625
0 0.40546875 0.56171875 0.0328125 0.028125
0 0.6328125 0.52421875 0.0328125 0.034375
0 0.6609375 0.47421875 0.0296875 0.0265625
0 0.35625 0.52109375 0.0265625 0.0265625
0 0.4875 0.74921875 0.0296875 0.03125
0 0.42734375 0.41015625 0.0296875 0.028125
0 0.353125 0.56171875 0.040625 0.05625
0 0.33515625 0.6375 0.04375 0.046875
0 0.69453125 0.6265625 0.03125 0.034375
0 0.32265625 0.48203125 0.0296875 0.028125
0 0.40546875 0.390625 0.028125 0.025
0 0.7125 0.56875 0.0359375 0.0328125
0 0.4484375 0.64765625 0.0359375 0.03125
0 0.325 0.4046875 0.0421875 0.0375
0 0.621875 0.5640625 0.0265625 0.025
0 0.59921875 0.72421875 0.0296875 0.028125
0 0.45703125 0.7453125 0.03125 0.028125
0 0.68046875 0.40078125 0.0296875 0.03125
0 0.571875 0.734375 0.028125 0.0296875
0 0.296875 0.54765625 0.0265625 0.0328125
0 0.3046875 0.6265625 0.0265625 0.0265625
0 0.50390625 0.428125 0.028125 0.0265625
0 0.6265625 0.47265625 0.03125 0.028125
0 0.5875 0.521875 0.03125 0.028125
0 0.33515625 0.53671875 0.0265625 0.025
0 0.66328125 0.6 0.025 0.0265625
0 0.35234375 0.43515625 0.0265625 0.03125
0 0.6390625 0.42578125 0.0296875 0.03125
0 0.721875 0.5390625 0.0296875 0.0359375
0 0.559375 0.515625 0.034375 0.0328125
0 0.37890625 0.48828125 0.0296875 0.0421875
0 0.67578125 0.5234375 0.025 0.0265625
0 0.65703125 0.540625 0.028125 0.03125
0 0.54453125 0.32734375 0.028125 0.025
0 0.6453125 0.5796875 0.0265625 0.0234375
0 0.6171875 0.44609375 0.0296875 0.0296875
0 0.29375 0.6109375 0.0234375 0.0234375
0 0.67734375 0.49609375 0.028125 0.028125
0 0.5109375 0.59375 0.034375 0.0328125
0 0.43203125 0.7140625 0.025 0.0234375
0 0.4625 0.6234375 0.0453125 0.028125
0 0.61171875 0.703125 0.0328125 0.0234375
0 0.5171875 0.746875 0.028125 0.0234375
0 0.384375 0.5875 0.0359375 0.0328125
0 0.38046875 0.55546875 0.0265625 0.0265625
0 0.39296875 0.69609375 0.0421875 0.0359375
0 0.3796875 0.52265625 0.0234375 0.028125
0 0.575 0.70546875 0.03125 0.0265625
0 0.31640625 0.534375 0.0328125 0.0265625
0 0.5671875 0.6421875 0.028125 0.025
0 0.50859375 0.3296875 0.0484375 0.0390625
0 0.4359375 0.3859375 0.0265625 0.0234375
0 0.43203125 0.50703125 0.0296875 0.03125
0 0.29140625 0.51796875 0.0265625 0.03125
0 0.44609375 0.67109375 0.0265625 0.0234375
0 0.4984375 0.64375 0.03125 0.03125
0 0.45546875 0.603125 0.0328125 0.021875