0 0.26875 0.5328125 0.03125 0.034375
0 0.26796875 0.50078125 0.03125 0.03125
0 0.42265625 0.36796875 0.0296875 0.025
0 0.43125 0.73671875 0.028125 0.03125
0 0.47890625 0.42734375 0.028125 0.025
0 0.328125 0.60078125 0.04375 0.0359375
0 0.275 0.46796875 0.03125 0.0328125
0 0.4484375 0.43203125 0.028125 0.03125
0 0.5625 0.5453125 0.034375 0.03125
0 0.45546875 0.746875 0.03125 0.0265625
0 0.6984375 0.42734375 0.0359375 0.03125
0 0.2796875 0.590625 0.03125 0.0296875
0 0.403125 0.72578125 0.03125 0.0296875
0 0.709375 0.4515625 0.0328125 0.028125
0 0.60703125 0.584375 0.034375 0.0375
0 0.6953125 0.48359375 0.028125 0.0265625
0 0.3328125 0.45 0.028125 0.0328125
0 0.47265625 0.45390625 0.03125 0.034375
0 0.68046875 0.45546875 0.025 0.025
0 0.27421875 0.5609375 0.03125 0.0296875
0 0.40546875 0.5625 0.0328125 0.03125
0 0.45625 0.69921875 0.0296875 0.025
0 0.3875 0.3703125 0.0328125 0.028125
0 0.5109375 0.32890625 0.04375 0.0359375
0 0.64609375 0.45234375 0.028125 0.025
0 0.33203125 0.5078125 0.0265625 0.0265625
0 0.45546875 0.40234375 0.0265625 0.0234375
0 0.3015625 0.57421875 0.03125 0.0296875
0 0.3203125 0.6375 0.046875 0.04375
0 0.57578125 0.48984375 0.03125 0.034375
0 0.52890625 0.4421875 0.03125 0.03125
0 0.51640625 0.74765625 0.03125 0.0265625
0 0.56796875 0.64296875 0.03125 0.028125
0 0.6765625 0.55234375 0.025 0.028125
0 0.62734375 0.6078125 0.03125 0.03125
0 0.34375 0.62890625 0.0265625 0.0265625
0 0.29296875 0.61171875 0.025 0.028125
0 0.65546875 0.40703125 0.028125 0.0296875
0 0.4 0.50625 0.03125 0.028125
0 0.63984375 0.52578125 0.03125 0.03125
0 0.58046875 0.56640625 0.034375 0.0265625
0 0.32265625 0.48203125 0.0296875 0.0265625
0 0.42109375 0.34296875 0.03125 0.0234375
0 0.35546875 0.5203125 0.0265625 0.025
0 0.6765625 0.525 0.0234375 0.028125
0 0.55390625 0.71640625 0.028125 0.025
0 0.6703125 0.63046875 0.025 0.0390625
0 0.2828125 0.4421875 0.03125 0.025
0 0.65 0.62421875 0.0296875 0.0328125
0 0.65703125 0.56640625 0.028125 0.028125
0 0.54609375 0.74453125 0.0265625 0.0265625
0 0.56015625 0.5140625 0.03125 0.03125
0 0.6796875 0.58828125 0.025 0.034375
0 0.59921875 0.55 0.028125 0.0265625
0 0.51171875 0.59453125 0.034375 0.03125
0 0.72265625 0.53828125 0.03125 0.0359375
0 0.68046875 0.40078125 0.0296875 0.03125
0 0.59921875 0.72421875 0.0328125 0.028125
0 0.4046875 0.47890625 0.03125 0.03125
0 0.71171875 0.56953125 0.0390625 0.03125
0 0.2984375 0.546875 0.028125 0.03125
0 0.6046875 0.4984375 0.03125 0.028125
0 0.3125 0.4421875 0.025 0.025
0 0.353125 0.46640625 0.0296875 0.0296875
0 0.3 0.46484375 0.0265625 0.0265625
0 0.42734375 0.409375 0.0296875 0.0296875
0 0.6609375 0.475 0.0296875 0.028125
0 0.43203125 0.5078125 0.0296875 0.034375
0 0.2953125 0.49453125 0.0296875 0.028125
0 0.6125 0.70234375 0.0328125 0.0234375
0 0.4296875 0.69375 0.0265625 0.0234375
0 0.315625 0.5359375 0.0265625 0.028125
0 0.62578125 0.475 0.03125 0.03125
0 0.4625 0.721875 0.0375 0.028125
0 0.4171875 0.65859375 0.0328125 0.028125
0 0.721875 0.50625 0.03125 0.0296875
0 0.58203125 0.37890625 0.0296875 0.0265625
0 0.5046875 0.71484375 0.0296875 0.040625
0 0.6640625 0.43828125 0.03125 0.0296875
0 0.58984375 0.521875 0.0328125 0.0296875
0 0.6203125 0.56640625 0.0265625 0.028125
0 0.71796875 0.4796875 0.0296875 0.03125
0 0.4328125 0.71328125 0.0265625 0.0203125
0 0.45234375 0.38046875 0.03125 0.0328125
0 0.29609375 0.41875 0.034375 0.0296875
0 0.32578125 0.40546875 0.040625 0.0390625
0 0.571875 0.7359375 0.0328125 0.03125
0 0.69453125 0.6265625 0.03125 0.0359375
0 0.7046875 0.6 0.0328125 0.03125
0 0.49921875 0.45703125 0.0296875 0.0328125
0 0.378125 0.48828125 0.03125 0.0421875
0 0.36953125 0.55078125 0.0328125 0.0328125
0 0.34609375 0.565625 0.0296875 0.0359375
0 0.45 0.64609375 0.03125 0.028125
0 0.3859375 0.7125 0.0359375 0.0265625
0 0.50390625 0.42890625 0.028125 0.0265625
0 0.65703125 0.51015625 0.0234375 0.034375
0 0.33828125 0.53828125 0.021875 0.025
0 0.54609375 0.328125 0.0265625 0.0265625
0 0.45546875 0.34765625 0.0375 0.028125
0 0.57578125 0.7046875 0.0296875 0.0265625
0 0.56875 0.3375 0.03125 0.028125
0 0.66328125 0.6 0.025 0.028125
0 0.64375 0.58125 0.028125 0.0234375
0 0.2921875 0.51953125 0.0265625 0.0296875
0 0.38046875 0.521875 0.0234375 0.025
0 0.63203125 0.55234375 0.028125 0.0234375
0 0.5375 0.29765625 0.0328125 0.028125
0 0.48046875 0.6515625 0.0265625 0.025
0 0.44765625 0.3015625 0.0296875 0.028125
0 0.51875 0.65859375 0.03125 0.03125
0 0.4546875 0.6046875 0.034375 0.0234375
0 0.6203125 0.53671875 0.0296875 0.0359375
0 0.67734375 0.49609375 0.028125 0.028125
0 0.40078125 0.53515625 0.03125 0.0265625
0 0.6984375 0.5390625 0.021875 0.028125
0 0.5296875 0.72421875 0.025 0.0203125
0 0.34765625 0.49140625 0.025 0.0296875
0 0.36015625 0.61015625 0.03125 0.028125
0 0.38359375 0.5875 0.0359375 0.03125
0 0.37734375 0.34296875 0.03125 0.0234375
0 0.53359375 0.70078125 0.028125 0.0234375
0 0.65390625 0.5359375 0.0265625 0.0328125
0 0.6390625 0.4265625 0.0296875 0.03125
0 0.46015625 0.6734375 0.0328125 0.025
0 0.378125 0.45 0.03125 0.034375
0 0.32265625 0.559375 0.0234375 0.0265625
0 0.3953125 0.6765625 0.040625 0.028125
0 0.43046875 0.53828125 0.028125 0.0234375
0 0.40390625 0.39140625 0.03125 0.0265625
0 0.53359375 0.36875 0.0265625 0.0265625
0 0.396875 0.69921875 0.0359375 0.0265625
0 0.50546875 0.35703125 0.0296875 0.0296875
0 0.49921875 0.40078125 0.0265625 0.028125
0 0.57421875 0.67734375 0.0328125 0.0265625
0 0.61796875 0.446875 0.0296875 0.0265625
0 0.6 0.353125 0.0328125 0.028125
0 0.49140625 0.6140625 0.028125 0.025
0 0.50390625 0.2953125 0.028125 0.0234375
0 0.35390625 0.43359375 0.0265625 0.0359375
0 0.55234375 0.3796875 0.03125 0.0234375
0 0.4875 0.7484375 0.0265625 0.0265625
0 0.43046875 0.63125 0.0328125 0.028125
0 0.4703125 0.3921875 0.0265625 0.028125