0 0.26953125 0.53359375 0.0328125 0.034375
0 0.26796875 0.50078125 0.03125 0.03125
0 0.275 0.46796875 0.03125 0.03125
0 0.709375 0.4515625 0.034375 0.028125
0 0.275 0.5609375 0.03125 0.0296875
0 0.69765625 0.428125 0.0359375 0.028125
0 0.3328125 0.45078125 0.028125 0.0328125
0 0.4046875 0.72578125 0.0328125 0.03125
0 0.6078125 0.58359375 0.0359375 0.0375
0 0.56328125 0.54453125 0.034375 0.028125
0 0.28203125 0.4421875 0.0296875 0.025
0 0.57578125 0.49140625 0.028125 0.034375
0 0.603125 0.496875 0.0296875 0.0296875
0 0.42265625 0.36796875 0.03125 0.0234375
0 0.40546875 0.56171875 0.034375 0.0296875
0 0.27890625 0.590625 0.028125 0.028125
0 0.303125 0.575 0.03125 0.028125
0 0.5796875 0.565625 0.0328125 0.0265625
0 0.29609375 0.41953125 0.0328125 0.03125
0 0.33125 0.5078125 0.028125 0.0265625
0 0.29296875 0.6109375 0.025 0.028125
0 0.42890625 0.6921875 0.0265625 0.025
0 0.4 0.50546875 0.03125 0.0265625
0 0.628125 0.60546875 0.03125 0.0328125
0 0.4546875 0.69921875 0.03125 0.028125
0 0.353125 0.465625 0.0296875 0.028125
0 0.65703125 0.40703125 0.0296875 0.0296875
0 0.646875 0.45234375 0.028125 0.0265625
0 0.29453125 0.49375 0.0296875 0.028125
0 0.3 0.46484375 0.0265625 0.0265625
0 0.34453125 0.62578125 0.025 0.0203125
0 0.71171875 0.56875 0.0390625 0.0359375
0 0.43125 0.7390625 0.0265625 0.03125
0 0.3203125 0.6 0.028125 0.03125
0 0.6796875 0.45546875 0.0265625 0.0234375
0 0.31875 0.63671875 0.040625 0.046875
0 0.6609375 0.475 0.03125 0.0265625
0 0.45546875 0.74609375 0.028125 0.025
0 0.65078125 0.625 0.03125 0.034375
0 0.69609375 0.48203125 0.0265625 0.0265625
0 0.47890625 0.4265625 0.028125 0.025
0 0.35625 0.5203125 0.0265625 0.0265625
0 0.6796875 0.40078125 0.0296875 0.0296875
0 0.6578125 0.565625 0.028125 0.0265625
0 0.51796875 0.32265625 0.0328125 0.021875
0 0.60078125 0.5484375 0.03125 0.025
0 0.5703125 0.73359375 0.03125 0.03125
0 0.4203125 0.3421875 0.03125 0.025
0 0.33046875 0.4140625 0.034375 0.0421875
0 0.59921875 0.72421875 0.03125 0.028125
0 0.33515625 0.5375 0.0265625 0.0265625
0 0.66484375 0.43671875 0.03125 0.0265625
0 0.384375 0.590625 0.0328125 0.0296875
0 0.4484375 0.43203125 0.03125 0.0296875
0 0.38828125 0.36953125 0.03125 0.0265625
0 0.37734375 0.45 0.0328125 0.034375
0 0.41796875 0.6578125 0.03125 0.028125
0 0.54296875 0.6734375 0.028125 0.025
0 0.32265625 0.48203125 0.025 0.0265625
0 0.46875 0.453125 0.034375 0.03125
0 0.46484375 0.72109375 0.0390625 0.028125
0 0.33828125 0.59921875 0.025 0.0328125
0 0.54453125 0.74453125 0.028125 0.0265625
0 0.4828125 0.584375 0.0359375 0.0359375
0 0.375 0.4984375 0.0265625 0.0265625
0 0.3953125 0.7 0.0359375 0.0265625
0 0.3234375 0.56015625 0.0265625 0.028125
0 0.5875 0.52109375 0.0296875 0.0265625
0 0.721875 0.5390625 0.0296875 0.034375
0 0.63203125 0.55234375 0.028125 0.025
0 0.2921875 0.51796875 0.0265625 0.0296875
0 0.7046875 0.6 0.0328125 0.03125
0 0.4859375 0.74921875 0.03125 0.0296875
0 0.3609375 0.6109375 0.0296875 0.0296875
0 0.69375 0.6265625 0.0296875 0.0359375
0 0.3453125 0.484375 0.0265625 0.0265625
0 0.67734375 0.55 0.025 0.028125
0 0.52734375 0.44296875 0.03125 0.03125
0 0.29765625 0.54609375 0.0265625 0.034375
0 0.56796875 0.6421875 0.028125 0.0234375
0 0.72109375 0.50625 0.028125 0.03125
0 0.56015625 0.5140625 0.0328125 0.028125
0 0.40390625 0.47890625 0.03125 0.03125
0 0.50390625 0.428125 0.0265625 0.0265625
0 0.43125 0.50703125 0.028125 0.03125
0 0.6765625 0.5234375 0.0265625 0.0265625
0 0.71875 0.4796875 0.0296875 0.0296875
0 0.5109375 0.5953125 0.03125 0.03125
0 0.378125 0.5609375 0.0234375 0.025
0 0.37890625 0.5234375 0.0234375 0.0265625
0 0.6390625 0.428125 0.03125 0.0296875
0 0.6265625 0.57265625 0.03125 0.028125
0 0.62890625 0.52109375 0.0375 0.0296875
0 0.4546875 0.40234375 0.0265625 0.025
0 0.5703125 0.3375 0.0328125 0.0296875
0 0.42734375 0.409375 0.028125 0.0296875
0 0.44609375 0.64375 0.0421875 0.0328125
0 0.45546875 0.61171875 0.0375 0.0328125
0 0.31015625 0.44296875 0.0234375 0.0203125
0 0.67734375 0.49765625 0.028125 0.0234375
0 0.6125 0.7015625 0.0359375 0.0203125
0 0.51875 0.65625 0.0296875 0.0234375
0 0.65703125 0.51171875 0.0203125 0.028125
0 0.58203125 0.378125 0.0296875 0.0265625
0 0.34765625 0.5625 0.03125 0.0296875
0 0.67890625 0.58984375 0.0265625 0.03125
0 0.43359375 0.7140625 0.0234375 0.0203125
0 0.5015625 0.45703125 0.025 0.0296875
0 0.57578125 0.7046875 0.028125 0.025
0 0.62421875 0.4734375 0.03125 0.025
0 0.6984375 0.53828125 0.0234375 0.028125
0 0.65625 0.5375 0.0234375 0.0328125