0 0.26875 0.53359375 0.03125 0.0328125
0 0.42265625 0.36796875 0.0296875 0.0234375
0 0.26875 0.50078125 0.03125 0.03125
0 0.40234375 0.72578125 0.0328125 0.0328125
0 0.44921875 0.43203125 0.03125 0.03125
0 0.70859375 0.4515625 0.03125 0.028125
0 0.275 0.46796875 0.0328125 0.03125
0 0.4796875 0.42578125 0.028125 0.0265625
0 0.5625 0.54453125 0.034375 0.028125
0 0.47421875 0.45234375 0.0296875 0.0296875
0 0.28046875 0.58984375 0.03125 0.0296875
0 0.45625 0.6984375 0.0296875 0.0234375
0 0.6078125 0.58515625 0.0359375 0.0375
0 0.6796875 0.4546875 0.0265625 0.0265625
0 0.38828125 0.37109375 0.03125 0.0265625
0 0.43125 0.7375 0.028125 0.034375
0 0.6953125 0.48359375 0.0296875 0.028125
0 0.45703125 0.74765625 0.03125 0.028125
0 0.27421875 0.5609375 0.0328125 0.03125
0 0.57890625 0.56640625 0.0328125 0.0296875
0 0.3328125 0.45078125 0.0296875 0.034375
0 0.59140625 0.52109375 0.03125 0.028125
0 0.54609375 0.7453125 0.028125 0.028125
0 0.3546875 0.5203125 0.028125 0.025
0 0.30234375 0.57421875 0.03125 0.0296875
0 0.5171875 0.32265625 0.0296875 0.0234375
0 0.696875 0.42734375 0.034375 0.0265625
0 0.328125 0.60078125 0.0453125 0.03125
0 0.49921875 0.45703125 0.03125 0.0328125
0 0.2953125 0.49453125 0.0296875 0.028125
0 0.40546875 0.5625 0.0328125 0.0296875
0 0.59921875 0.54921875 0.03125 0.025
0 0.4 0.50625 0.03125 0.0296875
0 0.60078125 0.72578125 0.03125 0.028125
0 0.721875 0.5390625 0.03125 0.0375
0 0.6078125 0.5 0.0359375 0.03125
0 0.56015625 0.5140625 0.03125 0.0296875
0 0.70546875 0.6 0.03125 0.03125
0 0.715625 0.56953125 0.03125 0.03125
0 0.33203125 0.50703125 0.0296875 0.0234375
0 0.57578125 0.70546875 0.0296875 0.028125
0 0.41953125 0.34296875 0.0296875 0.0234375
0 0.49296875 0.3296875 0.0359375 0.0359375
0 0.42734375 0.409375 0.0296875 0.0296875
0 0.6703125 0.63046875 0.0234375 0.0390625
0 0.34375 0.62734375 0.0265625 0.025
0 0.665625 0.4375 0.0328125 0.028125
0 0.37734375 0.34453125 0.0328125 0.0265625
0 0.67578125 0.553125 0.025 0.028125
0 0.35390625 0.465625 0.0296875 0.0296875
0 0.2828125 0.4421875 0.0328125 0.0265625
0 0.67890625 0.5890625 0.0265625 0.0359375
0 0.721875 0.50625 0.0296875 0.0296875
0 0.65703125 0.565625 0.028125 0.03125
0 0.4625 0.72109375 0.0375 0.0296875
0 0.29765625 0.546875 0.028125 0.0328125
0 0.48671875 0.75 0.028125 0.0296875
0 0.62578125 0.47421875 0.03125 0.028125
0 0.41875 0.65859375 0.0328125 0.0296875
0 0.66015625 0.478125 0.0296875 0.0265625
0 0.62734375 0.60625 0.0296875 0.03125
0 0.35390625 0.55234375 0.046875 0.046875
0 0.44375 0.33046875 0.03125 0.0234375
0 0.38359375 0.5890625 0.034375 0.034375
0 0.3171875 0.53515625 0.028125 0.0265625
0 0.50546875 0.428125 0.0296875 0.0265625
0 0.32265625 0.40390625 0.0375 0.0296875
0 0.51484375 0.74921875 0.0296875 0.0265625
0 0.63203125 0.553125 0.0265625 0.028125
0 0.528125 0.4421875 0.0296875 0.03125
0 0.67578125 0.521875 0.0265625 0.0296875
0 0.29609375 0.41875 0.03125 0.028125
0 0.453125 0.37890625 0.034375 0.03125
0 0.54609375 0.32734375 0.0265625 0.025
0 0.65078125 0.62578125 0.03125 0.03125
0 0.3234375 0.48203125 0.0296875 0.0265625
0 0.50390625 0.71640625 0.0328125 0.04375
0 0.5703125 0.3390625 0.0296875 0.03125
0 0.378125 0.48984375 0.03125 0.04375
0 0.5203125 0.65390625 0.028125 0.025
0 0.65625 0.4078125 0.0265625 0.0265625
0 0.6796875 0.4015625 0.03125 0.03125
0 0.61171875 0.70234375 0.03125 0.021875
0 0.66328125 0.60078125 0.0265625 0.028125
0 0.71875 0.4796875 0.028125 0.0296875
0 0.45546875 0.40078125 0.028125 0.0265625
0 0.5359375 0.396875 0.0390625 0.0359375
0 0.29296875 0.51875 0.028125 0.0296875
0 0.325 0.6375 0.0484375 0.04375
0 0.46328125 0.67421875 0.0359375 0.0265625
0 0.51171875 0.59375 0.034375 0.0328125
0 0.57109375 0.7359375 0.0296875 0.03125
0 0.6484375 0.45234375 0.028125 0.021875
0 0.4296875 0.6953125 0.028125 0.0234375
0 0.36015625 0.60859375 0.03125 0.034375
0 0.55390625 0.7171875 0.028125 0.025
0 0.4046875 0.478125 0.03125 0.0328125
0 0.69375 0.62734375 0.0328125 0.0359375
0 0.5 0.40078125 0.025 0.028125
0 0.6984375 0.5640625 0.021875 0.03125
0 0.61796875 0.446875 0.03125 0.028125
0 0.53984375 0.67421875 0.034375 0.028125
0 0.6765625 0.4953125 0.028125 0.0265625
0 0.57578125 0.490625 0.03125 0.0328125
0 0.3078125 0.4421875 0.021875 0.025
0 0.29375 0.61328125 0.0265625 0.0265625
0 0.44609375 0.3015625 0.03125 0.028125
0 0.3953125 0.6765625 0.0390625 0.0265625
0 0.45625 0.35 0.0390625 0.028125
0 0.63671875 0.57734375 0.0328125 0.028125
0 0.70078125 0.509375 0.028125 0.03125
0 0.63984375 0.4265625 0.03125 0.0296875
0 0.446875 0.646875 0.0359375 0.03125
0 0.53828125 0.2984375 0.03125 0.0265625
0 0.65625 0.54140625 0.028125 0.034375
0 0.403125 0.3890625 0.03125 0.03125
0 0.53515625 0.7 0.03125 0.0265625
0 0.61796875 0.5390625 0.028125 0.0328125
0 0.39453125 0.6984375 0.0375 0.0234375
0 0.5296875 0.3515625 0.0328125 0.0375
0 0.50546875 0.2953125 0.0296875 0.0234375
0 0.2984375 0.4640625 0.0234375 0.0265625
0 0.43125 0.5078125 0.028125 0.0328125
0 0.34765625 0.48515625 0.0265625 0.028125
0 0.6546875 0.515625 0.0296875 0.0375
0 0.56953125 0.4015625 0.03125 0.028125
0 0.5984375 0.4671875 0.028125 0.028125
0 0.60078125 0.35390625 0.034375 0.028125