0 0.26875 0.5328125 0.03125 0.0328125
0 0.26796875 0.50078125 0.03125 0.03125
0 0.709375 0.4515625 0.034375 0.0296875
0 0.275 0.46796875 0.03125 0.03125
0 0.6984375 0.428125 0.0359375 0.028125
0 0.47890625 0.42578125 0.0296875 0.028125
0 0.56328125 0.54453125 0.034375 0.03125
0 0.45546875 0.7 0.0328125 0.028125
0 0.43125 0.73828125 0.028125 0.034375
0 0.6078125 0.584375 0.0359375 0.0390625
0 0.6953125 0.48359375 0.028125 0.028125
0 0.33203125 0.45078125 0.028125 0.034375
0 0.42265625 0.36875 0.03125 0.0234375
0 0.2796875 0.58984375 0.03125 0.0296875
0 0.2734375 0.5609375 0.03125 0.03125
0 0.51796875 0.3234375 0.028125 0.0234375
0 0.32890625 0.6 0.0453125 0.0359375
0 0.47421875 0.453125 0.0296875 0.03125
0 0.6796875 0.45546875 0.025 0.0234375
0 0.68046875 0.4015625 0.0296875 0.03125
0 0.29453125 0.49453125 0.0296875 0.028125
0 0.5796875 0.56640625 0.0328125 0.028125
0 0.40546875 0.72578125 0.0296875 0.03125
0 0.6703125 0.63125 0.025 0.0390625
0 0.65546875 0.40703125 0.028125 0.03125
0 0.303125 0.57421875 0.0296875 0.0296875
0 0.446875 0.434375 0.0296875 0.034375
0 0.62734375 0.6078125 0.03125 0.03125
0 0.5984375 0.55 0.028125 0.025
0 0.35546875 0.5203125 0.028125 0.025
0 0.58984375 0.521875 0.034375 0.0296875
0 0.28203125 0.4421875 0.03125 0.025
0 0.546875 0.74453125 0.0296875 0.0296875
0 0.721875 0.53984375 0.03125 0.0359375
0 0.64609375 0.45234375 0.028125 0.025
0 0.4 0.50625 0.0328125 0.0296875
0 0.2953125 0.41953125 0.03125 0.03125
0 0.721875 0.50625 0.0296875 0.0296875
0 0.665625 0.4375 0.03125 0.0265625
0 0.45546875 0.4015625 0.0265625 0.0265625
0 0.6578125 0.565625 0.028125 0.028125
0 0.6 0.725 0.03125 0.0296875
0 0.30078125 0.4640625 0.025 0.0265625
0 0.42734375 0.409375 0.0296875 0.0296875
0 0.60546875 0.4984375 0.0328125 0.028125
0 0.48671875 0.75 0.03125 0.028125
0 0.40625 0.5625 0.0328125 0.03125
0 0.45546875 0.746875 0.0296875 0.0234375
0 0.65 0.625 0.03125 0.034375
0 0.6953125 0.6265625 0.03125 0.034375
0 0.49921875 0.45703125 0.03125 0.034375
0 0.3875 0.3703125 0.03125 0.0234375
0 0.3421875 0.62734375 0.0265625 0.025
0 0.46171875 0.72421875 0.0375 0.0265625
0 0.6609375 0.475 0.028125 0.0265625
0 0.35234375 0.4671875 0.0296875 0.0296875
0 0.32265625 0.4828125 0.028125 0.0265625
0 0.3359375 0.53828125 0.028125 0.028125
0 0.33203125 0.41328125 0.0328125 0.0421875
0 0.4203125 0.34375 0.03125 0.025
0 0.56015625 0.51484375 0.0328125 0.03125
0 0.625 0.47421875 0.03125 0.028125
0 0.29296875 0.61171875 0.025 0.028125
0 0.515625 0.7484375 0.0296875 0.0265625
0 0.46484375 0.67265625 0.0296875 0.0234375
0 0.41796875 0.65859375 0.03125 0.028125
0 0.65859375 0.509375 0.0234375 0.0296875
0 0.43984375 0.32890625 0.0265625 0.021875
0 0.71875 0.4796875 0.0296875 0.03125
0 0.67578125 0.525 0.025 0.028125
0 0.296875 0.54765625 0.0265625 0.03125
0 0.7046875 0.6 0.0328125 0.03125
0 0.63203125 0.553125 0.0265625 0.028125
0 0.32109375 0.6375 0.0453125 0.0453125
0 0.678125 0.5890625 0.0265625 0.0359375
0 0.45390625 0.3765625 0.03125 0.028125
0 0.36015625 0.6109375 0.03125 0.03125
0 0.40390625 0.47890625 0.03125 0.03125
0 0.384375 0.58671875 0.0359375 0.03125
0 0.71328125 0.56953125 0.034375 0.03125
0 0.63359375 0.5203125 0.0265625 0.028125
0 0.453125 0.3484375 0.034375 0.025
0 0.6984375 0.5390625 0.0234375 0.0296875
0 0.384375 0.71171875 0.034375 0.0265625
0 0.57578125 0.48984375 0.028125 0.03125
0 0.67578125 0.5515625 0.0234375 0.0265625
0 0.51171875 0.59453125 0.034375 0.0328125
0 0.65703125 0.5390625 0.025 0.0296875
0 0.36875 0.55234375 0.0328125 0.0328125
0 0.503125 0.7171875 0.034375 0.040625
0 0.30859375 0.4421875 0.025 0.0234375
0 0.3234375 0.559375 0.028125 0.0296875
0 0.35234375 0.434375 0.0234375 0.0328125
0 0.61171875 0.7015625 0.0328125 0.0203125
0 0.3953125 0.67890625 0.0390625 0.03125
0 0.4953125 0.3265625 0.0328125 0.03125
0 0.52734375 0.44375 0.03125 0.0296875
0 0.37890625 0.48984375 0.03125 0.04375
0 0.403125 0.39140625 0.03125 0.03125
0 0.6171875 0.446875 0.03125 0.0296875
0 0.64453125 0.58203125 0.028125 0.0234375
0 0.69921875 0.509375 0.0265625 0.0296875
0 0.33203125 0.50703125 0.028125 0.025
0 0.54453125 0.328125 0.025 0.025
0 0.575 0.70546875 0.03125 0.028125
0 0.6390625 0.42734375 0.0296875 0.0296875
0 0.678125 0.496875 0.028125 0.025
0 0.59765625 0.46640625 0.028125 0.0296875
0 0.45703125 0.60546875 0.0328125 0.021875
0 0.51796875 0.65390625 0.0234375 0.0234375
0 0.42890625 0.6953125 0.028125 0.0265625
0 0.57109375 0.734375 0.028125 0.0296875
0 0.66328125 0.60078125 0.025 0.0265625
0 0.56953125 0.33828125 0.03125 0.028125
0 0.31171875 0.5359375 0.0265625 0.03125
0 0.378125 0.4484375 0.03125 0.0375
0 0.44765625 0.3 0.0328125 0.03125
0 0.4 0.53515625 0.03125 0.028125
0 0.346875 0.48984375 0.0265625 0.0359375
0 0.61796875 0.5390625 0.0296875 0.0375
0 0.4625 0.32578125 0.0265625 0.0234375
0 0.49453125 0.6515625 0.034375 0.0390625
0 0.6 0.353125 0.03125 0.0265625
0 0.29140625 0.5203125 0.0265625 0.0296875
0 0.43125 0.50703125 0.028125 0.03125
0 0.38046875 0.521875 0.0234375 0.0265625
0 0.434375 0.38359375 0.0296875 0.0265625
0 0.53359375 0.69765625 0.03125 0.0234375
0 0.58203125 0.3765625 0.028125 0.028125
0 0.5390625 0.6734375 0.03125 0.0234375