0 0.26953125 0.5328125 0.03125 0.0328125
0 0.26796875 0.50078125 0.03125 0.03125
0 0.2796875 0.590625 0.0296875 0.028125
0 0.43046875 0.73671875 0.0296875 0.03125
0 0.27421875 0.5609375 0.0296875 0.0296875
0 0.47890625 0.42734375 0.0265625 0.025
0 0.275 0.46796875 0.0328125 0.03125
0 0.5796875 0.56640625 0.034375 0.0265625
0 0.709375 0.45234375 0.0328125 0.028125
0 0.421875 0.36796875 0.03125 0.0234375
0 0.3328125 0.45 0.0296875 0.0328125
0 0.30234375 0.575 0.0296875 0.025
0 0.32578125 0.60078125 0.0390625 0.0296875
0 0.6984375 0.428125 0.0359375 0.0265625
0 0.56328125 0.54453125 0.0328125 0.028125
0 0.6953125 0.48203125 0.0265625 0.025
0 0.60625 0.58515625 0.034375 0.0328125
0 0.3328125 0.5078125 0.028125 0.025
0 0.646875 0.45234375 0.0265625 0.025
0 0.2921875 0.51875 0.025 0.0296875
0 0.68046875 0.45625 0.0234375 0.0234375
0 0.72109375 0.50625 0.0296875 0.03125
0 0.28359375 0.44296875 0.03125 0.025
0 0.29375 0.49375 0.0265625 0.0265625
0 0.44921875 0.4328125 0.03125 0.028125
0 0.321875 0.4828125 0.028125 0.0265625
0 0.40234375 0.725 0.0296875 0.028125
0 0.590625 0.52109375 0.03125 0.028125
0 0.5984375 0.5484375 0.028125 0.0234375
0 0.60390625 0.49765625 0.0328125 0.028125
0 0.49921875 0.45625 0.03125 0.03125
0 0.65546875 0.4078125 0.0296875 0.028125
0 0.4046875 0.5625 0.0328125 0.028125
0 0.29609375 0.5484375 0.0265625 0.028125
0 0.33671875 0.53828125 0.0234375 0.025
0 0.65703125 0.565625 0.028125 0.0265625
0 0.471875 0.453125 0.0296875 0.03125
0 0.4 0.50625 0.03125 0.028125
0 0.6609375 0.478125 0.028125 0.0265625
0 0.428125 0.40859375 0.028125 0.0265625
0 0.7046875 0.60078125 0.03125 0.0296875
0 0.5765625 0.70546875 0.0296875 0.025
0 0.35546875 0.51953125 0.025 0.0234375
0 0.62734375 0.60546875 0.0296875 0.0296875
0 0.51484375 0.74765625 0.03125 0.025
0 0.64921875 0.625 0.028125 0.03125
0 0.5125 0.59453125 0.034375 0.03125
0 0.29296875 0.6140625 0.025 0.028125
0 0.3 0.4640625 0.025 0.025
0 0.57109375 0.73515625 0.0296875 0.0296875
0 0.7125 0.56953125 0.0359375 0.03125
0 0.6 0.725 0.0328125 0.028125
0 0.72265625 0.53984375 0.0296875 0.0328125
0 0.321875 0.6375 0.0421875 0.04375
0 0.66484375 0.4375 0.0296875 0.025
0 0.2953125 0.41875 0.03125 0.0296875
0 0.67578125 0.55234375 0.025 0.0265625
0 0.67890625 0.5890625 0.0234375 0.0328125
0 0.65703125 0.50625 0.0234375 0.025
0 0.45546875 0.69921875 0.028125 0.025
0 0.38828125 0.7109375 0.0421875 0.028125
0 0.40390625 0.390625 0.0296875 0.0265625
0 0.58359375 0.378125 0.03125 0.0265625
0 0.45546875 0.746875 0.028125 0.0234375
0 0.68046875 0.4015625 0.028125 0.028125
0 0.71953125 0.4796875 0.028125 0.028125
0 0.34375 0.62734375 0.0265625 0.025
0 0.50234375 0.428125 0.0265625 0.025
0 0.4546875 0.40234375 0.0265625 0.0234375
0 0.36875 0.55 0.03125 0.0296875
0 0.66953125 0.6296875 0.0234375 0.034375
0 0.62578125 0.4734375 0.034375 0.025
0 0.61796875 0.44609375 0.03125 0.028125
0 0.6625 0.6 0.025 0.025
0 0.384375 0.58828125 0.03125 0.03125
0 0.36015625 0.609375 0.028125 0.028125
0 0.546875 0.74375 0.025 0.0265625
0 0.34765625 0.48359375 0.025 0.025
0 0.3140625 0.53359375 0.0234375 0.0265625
0 0.515625 0.321875 0.0328125 0.0203125
0 0.3078125 0.50390625 0.0203125 0.021875
0 0.621875 0.56484375 0.025 0.0234375
0 0.48515625 0.75078125 0.028125 0.028125
0 0.54453125 0.32578125 0.0234375 0.021875
0 0.37890625 0.521875 0.0234375 0.0234375
0 0.6328125 0.5515625 0.025 0.0234375
0 0.675 0.521875 0.028125 0.028125
0 0.39296875 0.3265625 0.0296875 0.0234375
0 0.32265625 0.5578125 0.025 0.0234375
0 0.42890625 0.69296875 0.0265625 0.025
0 0.6953125 0.6265625 0.0296875 0.03125
0 0.6125 0.7015625 0.0328125 0.0203125
0 0.41796875 0.6578125 0.03125 0.028125
0 0.56015625 0.51484375 0.03125 0.03125
0 0.61328125 0.53671875 0.0265625 0.0328125
0 0.43203125 0.71328125 0.0265625 0.01875
0 0.35234375 0.46484375 0.028125 0.028125
0 0.56953125 0.33671875 0.03125 0.0265625
0 0.41953125 0.34375 0.0328125 0.0234375
0 0.69921875 0.5078125 0.025 0.03125
0 0.4046875 0.4796875 0.0296875 0.0296875
0 0.33203125 0.41796875 0.0296875 0.0296875
0 0.528125 0.440625 0.028125 0.028125
0 0.43125 0.50625 0.028125 0.0296875
0 0.6390625 0.42734375 0.0296875 0.0265625
0 0.565625 0.6421875 0.028125 0.025
0 0.3078125 0.4421875 0.021875 0.021875
0 0.45234375 0.378125 0.0328125 0.03125
0 0.34765625 0.565625 0.03125 0.0328125
0 0.6453125 0.58046875 0.025 0.021875
0 0.3734375 0.4984375 0.0296875 0.021875
0 0.38828125 0.37109375 0.0296875 0.021875
0 0.57265625 0.678125 0.0328125 0.0234375
0 0.69921875 0.53828125 0.0265625 0.03125
0 0.31953125 0.403125 0.03125 0.0265625
0 0.63515625 0.521875 0.025 0.025
0 0.39921875 0.5359375 0.03125 0.025
0 0.37890625 0.48125 0.0296875 0.0265625
0 0.6765625 0.49609375 0.0265625 0.0234375
0 0.4625 0.7234375 0.0359375 0.0234375
0 0.4546875 0.60546875 0.0359375 0.021875
0 0.575 0.490625 0.0265625 0.0296875
0 0.553125 0.65625 0.03125 0.0203125
0 0.446875 0.30078125 0.034375 0.0265625
0 0.56015625 0.35390625 0.034375 0.0234375
0 0.46328125 0.6734375 0.028125 0.0234375
0 0.42265625 0.31484375 0.028125 0.03125
0 0.5328125 0.40234375 0.0265625 0.0234375
0 0.4828125 0.58671875 0.0328125 0.03125
0 0.50546875 0.296875 0.028125 0.021875
0 0.553125 0.71484375 0.028125 0.0265625
0 0.378125 0.34453125 0.03125 0.0265625
0 0.54296875 0.67421875 0.0265625 0.0234375
0 0.45234375 0.3484375 0.0296875 0.0234375
0 0.50234375 0.72265625 0.03125 0.03125
0 0.65703125 0.5359375 0.0234375 0.03125
0 0.44609375 0.64765625 0.040625 0.028125
0 0.49765625 0.4015625 0.0296875 0.025
0 0.46015625 0.62265625 0.04375 0.021875
0 0.46953125 0.3921875 0.025 0.025