0 0.26875 0.50078125 0.0328125 0.03125
0 0.26953125 0.53359375 0.03125 0.0328125
0 0.27578125 0.46796875 0.03125 0.0328125
0 0.6984375 0.4265625 0.0359375 0.028125
0 0.43125 0.73828125 0.03125 0.034375
0 0.709375 0.4515625 0.034375 0.0296875
0 0.3328125 0.45 0.0265625 0.034375
0 0.2734375 0.5609375 0.0296875 0.03125
0 0.60703125 0.58359375 0.034375 0.0375
0 0.69609375 0.4828125 0.028125 0.0265625
0 0.56328125 0.54453125 0.0328125 0.03125
0 0.328125 0.6 0.046875 0.034375
0 0.40625 0.725 0.0296875 0.03125
0 0.68125 0.40078125 0.028125 0.03125
0 0.30234375 0.57421875 0.03125 0.0296875
0 0.6796875 0.45546875 0.025 0.0265625
0 0.421875 0.3671875 0.03125 0.0265625
0 0.33203125 0.50859375 0.028125 0.0265625
0 0.40625 0.5625 0.0328125 0.0328125
0 0.5453125 0.7453125 0.0265625 0.0265625
0 0.45625 0.703125 0.03125 0.034375
0 0.35390625 0.465625 0.028125 0.03125
0 0.5796875 0.565625 0.03125 0.0265625
0 0.59921875 0.55 0.03125 0.028125
0 0.40078125 0.50625 0.034375 0.0296875
0 0.65546875 0.40703125 0.03125 0.03125
0 0.5703125 0.73515625 0.03125 0.03125
0 0.646875 0.45390625 0.028125 0.0234375
0 0.44765625 0.43515625 0.03125 0.0328125
0 0.6578125 0.56640625 0.028125 0.034375
0 0.60390625 0.4984375 0.03125 0.0296875
0 0.47421875 0.45390625 0.0296875 0.034375
0 0.478125 0.42578125 0.028125 0.0265625
0 0.66796875 0.6296875 0.0296875 0.0390625
0 0.2953125 0.41875 0.03125 0.03125
0 0.32265625 0.48203125 0.028125 0.028125
0 0.59921875 0.725 0.0328125 0.028125
0 0.41796875 0.66015625 0.0328125 0.028125
0 0.321875 0.63828125 0.046875 0.04375
0 0.66484375 0.4375 0.03125 0.025
0 0.29453125 0.49296875 0.028125 0.028125
0 0.57578125 0.490625 0.028125 0.034375
0 0.2796875 0.58984375 0.025 0.0296875
0 0.625 0.47421875 0.03125 0.03125
0 0.3875 0.36953125 0.03125 0.025
0 0.33515625 0.53671875 0.0265625 0.0265625
0 0.61171875 0.703125 0.034375 0.025
0 0.3421875 0.628125 0.028125 0.0265625
0 0.7203125 0.50703125 0.03125 0.03125
0 0.721875 0.53984375 0.03125 0.03125
0 0.45703125 0.746875 0.028125 0.025
0 0.6265625 0.60703125 0.03125 0.034375
0 0.28203125 0.44140625 0.0296875 0.025
0 0.30703125 0.5046875 0.021875 0.0296875
0 0.70390625 0.6 0.03125 0.028125
0 0.56953125 0.3390625 0.0328125 0.034375
0 0.69375 0.6265625 0.0328125 0.0328125
0 0.35625 0.52109375 0.025 0.028125
0 0.6765625 0.52578125 0.0265625 0.028125
0 0.31328125 0.44453125 0.0296875 0.0296875
0 0.709375 0.56875 0.0421875 0.034375
0 0.63125 0.52109375 0.034375 0.0328125
0 0.384375 0.58984375 0.0359375 0.03125
0 0.45546875 0.4015625 0.028125 0.0265625
0 0.50078125 0.4578125 0.03125 0.0359375
0 0.66015625 0.478125 0.03125 0.0265625
0 0.32265625 0.55859375 0.0265625 0.028125
0 0.38359375 0.71171875 0.034375 0.0265625
0 0.559375 0.51484375 0.0296875 0.03125
0 0.3953125 0.6984375 0.0375 0.0234375
0 0.3640625 0.6109375 0.0296875 0.0265625
0 0.3234375 0.40546875 0.0390625 0.0359375
0 0.71875 0.4796875 0.028125 0.03125
0 0.37890625 0.45 0.0296875 0.034375
0 0.3 0.4640625 0.025 0.0265625
0 0.68125 0.58828125 0.0265625 0.0375
0 0.3484375 0.565625 0.03125 0.0359375
0 0.4296875 0.69375 0.0265625 0.0234375
0 0.378125 0.55859375 0.028125 0.0265625
0 0.58984375 0.52109375 0.0328125 0.0265625
0 0.4640625 0.67265625 0.0265625 0.0234375
0 0.6625 0.6 0.0265625 0.0265625
0 0.29375 0.51875 0.0296875 0.03125
0 0.42734375 0.409375 0.0296875 0.0296875
0 0.403125 0.47890625 0.0296875 0.0296875
0 0.515625 0.3234375 0.034375 0.0234375
0 0.6171875 0.44609375 0.0296875 0.028125
0 0.6375 0.42734375 0.0296875 0.0296875
0 0.69765625 0.540625 0.0234375 0.028125
0 0.64453125 0.5796875 0.028125 0.0234375
0 0.50546875 0.42890625 0.0328125 0.028125
0 0.6578125 0.54375 0.0265625 0.0359375
0 0.29765625 0.546875 0.025 0.03125
0 0.63046875 0.55390625 0.0265625 0.028125
0 0.51171875 0.59453125 0.034375 0.03125
0 0.29296875 0.6109375 0.025 0.03125
0 0.55625 0.3796875 0.025 0.025
0 0.459375 0.3265625 0.0296875 0.0234375
0 0.67734375 0.49609375 0.028125 0.028125
0 0.353125 0.4375 0.0234375 0.0296875
0 0.59765625 0.465625 0.028125 0.028125
0 0.6578125 0.50546875 0.0234375 0.028125
0 0.43359375 0.71171875 0.028125 0.0203125
0 0.37890625 0.52265625 0.0234375 0.028125
0 0.55234375 0.715625 0.03125 0.0234375
0 0.48671875 0.74921875 0.0265625 0.0265625
0 0.53515625 0.67734375 0.040625 0.028125
0 0.45703125 0.603125 0.0296875 0.01875
0 0.37890625 0.48828125 0.028125 0.040625
0 0.49375 0.321875 0.0296875 0.021875
0 0.5734375 0.70390625 0.028125 0.0265625
0 0.67734375 0.55078125 0.0265625 0.028125