0 0.26796875 0.50078125 0.03125 0.03125
0 0.26953125 0.5328125 0.03125 0.0328125
0 0.43203125 0.7375 0.028125 0.034375
0 0.709375 0.4515625 0.0328125 0.028125
0 0.42265625 0.36796875 0.0296875 0.025
0 0.47890625 0.42578125 0.028125 0.028125
0 0.6984375 0.42734375 0.0359375 0.028125
0 0.5796875 0.56640625 0.0328125 0.0296875
0 0.68046875 0.45546875 0.025 0.0265625
0 0.2734375 0.56015625 0.0296875 0.03125
0 0.4046875 0.72578125 0.028125 0.03125
0 0.56328125 0.54453125 0.0328125 0.0296875
0 0.325 0.6 0.0375 0.03125
0 0.45625 0.74765625 0.028125 0.028125
0 0.50546875 0.7078125 0.0265625 0.0265625
0 0.40625 0.56171875 0.03125 0.0296875
0 0.51875 0.65546875 0.0265625 0.0265625
0 0.45546875 0.40234375 0.0265625 0.025
0 0.33359375 0.45 0.025 0.0328125
0 0.51796875 0.32265625 0.028125 0.0234375
0 0.69609375 0.4828125 0.0265625 0.0265625
0 0.6265625 0.6078125 0.03125 0.0328125
0 0.29296875 0.61171875 0.0265625 0.028125
0 0.45546875 0.69921875 0.0265625 0.025
0 0.3875 0.37109375 0.0328125 0.025
0 0.2796875 0.5890625 0.028125 0.03125
0 0.29921875 0.46484375 0.0265625 0.0265625
0 0.51484375 0.74921875 0.028125 0.028125
0 0.30234375 0.57421875 0.0296875 0.028125
0 0.54609375 0.74453125 0.028125 0.028125
0 0.60703125 0.58515625 0.034375 0.0359375
0 0.6578125 0.56484375 0.0265625 0.028125
0 0.528125 0.44296875 0.03125 0.03125
0 0.3328125 0.5078125 0.025 0.025
0 0.60390625 0.49765625 0.0296875 0.0296875
0 0.48671875 0.753125 0.028125 0.0265625
0 0.446875 0.4328125 0.0296875 0.03125
0 0.384375 0.7109375 0.034375 0.0296875
0 0.646875 0.453125 0.0265625 0.0265625
0 0.35546875 0.51953125 0.025 0.025
0 0.4734375 0.453125 0.0296875 0.0328125
0 0.6765625 0.5515625 0.025 0.028125
0 0.29296875 0.49296875 0.025 0.0265625
0 0.5703125 0.64375 0.034375 0.028125
0 0.6703125 0.63046875 0.0234375 0.0359375
0 0.42734375 0.409375 0.0296875 0.0296875
0 0.2734375 0.46796875 0.028125 0.0296875
0 0.34296875 0.62734375 0.0265625 0.025
0 0.721875 0.5390625 0.028125 0.0359375
0 0.721875 0.50625 0.028125 0.03125
0 0.5703125 0.3375 0.028125 0.0296875
0 0.32265625 0.48203125 0.0265625 0.028125
0 0.4921875 0.32578125 0.0296875 0.0296875
0 0.50703125 0.3578125 0.0265625 0.0296875
0 0.4296875 0.69296875 0.025 0.0234375
0 0.59921875 0.5484375 0.028125 0.025
0 0.3359375 0.53828125 0.0234375 0.0265625
0 0.38046875 0.521875 0.021875 0.025
0 0.575 0.70546875 0.0296875 0.028125
0 0.35234375 0.43359375 0.028125 0.0296875
0 0.6125 0.70234375 0.0328125 0.021875
0 0.6765625 0.52421875 0.0234375 0.0296875
0 0.4171875 0.6578125 0.0328125 0.028125
0 0.6515625 0.62421875 0.0265625 0.0328125
0 0.4 0.50625 0.03125 0.0296875
0 0.43203125 0.50703125 0.028125 0.034375
0 0.2828125 0.4421875 0.0296875 0.025
0 0.50390625 0.42734375 0.028125 0.028125
0 0.7140625 0.5703125 0.034375 0.034375
0 0.55390625 0.71640625 0.0265625 0.025
0 0.54609375 0.32734375 0.0234375 0.025
0 0.46328125 0.67265625 0.0296875 0.0234375
0 0.5125 0.59453125 0.034375 0.03125
0 0.35390625 0.46484375 0.028125 0.028125
0 0.43359375 0.7125 0.025 0.0203125
0 0.6 0.7234375 0.03125 0.028125
0 0.3234375 0.40390625 0.0390625 0.0328125
0 0.4046875 0.478125 0.03125 0.0328125
0 0.32265625 0.55859375 0.0234375 0.025
0 0.65625 0.40703125 0.028125 0.028125
0 0.5046875 0.29453125 0.0296875 0.025
0 0.46796875 0.6234375 0.0296875 0.0265625
0 0.571875 0.7359375 0.03125 0.03125
0 0.5875 0.52109375 0.028125 0.028125
0 0.29609375 0.546875 0.0265625 0.0328125
0 0.51171875 0.68046875 0.0234375 0.025
0 0.665625 0.43671875 0.0296875 0.0265625
0 0.625 0.4734375 0.0296875 0.028125
0 0.30859375 0.50546875 0.0203125 0.028125
0 0.66015625 0.478125 0.0296875 0.0265625
0 0.453125 0.3484375 0.0328125 0.0265625
0 0.57578125 0.49140625 0.028125 0.0328125
0 0.6796875 0.58828125 0.0234375 0.034375
0 0.31640625 0.63671875 0.0359375 0.0453125
0 0.58359375 0.37734375 0.0296875 0.0265625
0 0.47734375 0.2953125 0.028125 0.0265625
0 0.2953125 0.41875 0.03125 0.03125
0 0.5375 0.29765625 0.0328125 0.028125
0 0.49921875 0.7265625 0.028125 0.0234375
0 0.44609375 0.3 0.03125 0.0265625
0 0.4953125 0.66484375 0.025 0.025
0 0.6953125 0.62578125 0.028125 0.034375
0 0.56015625 0.51484375 0.03125 0.03125
0 0.309375 0.4421875 0.021875 0.0234375
0 0.71953125 0.47890625 0.028125 0.03125
0 0.40390625 0.39140625 0.0296875 0.0265625
0 0.346875 0.56328125 0.0265625 0.03125
0 0.61015625 0.6765625 0.034375 0.0265625
0 0.53984375 0.64765625 0.028125 0.025
0 0.68046875 0.4015625 0.028125 0.0296875
0 0.36015625 0.61015625 0.03125 0.03125
0 0.45234375 0.3796875 0.03125 0.03125
0 0.7046875 0.6 0.03125 0.03125
0 0.65703125 0.5359375 0.0203125 0.03125
0 0.45859375 0.7234375 0.028125 0.0234375
0 0.42890625 0.53828125 0.025 0.025
0 0.6765625 0.496875 0.025 0.025
0 0.4 0.53515625 0.0296875 0.0265625
0 0.4609375 0.32578125 0.028125 0.0234375
0 0.6203125 0.5640625 0.0265625 0.025
0 0.43984375 0.33046875 0.0234375 0.021875
0 0.45703125 0.60390625 0.03125 0.0203125
0 0.44921875 0.646875 0.03125 0.0265625
0 0.48203125 0.58359375 0.0328125 0.03125
0 0.5296875 0.72421875 0.0234375 0.0234375
0 0.3625 0.54765625 0.0265625 0.0265625
0 0.53515625 0.3703125 0.0234375 0.028125
0 0.39453125 0.3265625 0.028125 0.0234375
0 0.69921875 0.50859375 0.0265625 0.03125
0 0.6328125 0.55390625 0.025 0.0265625
0 0.49921875 0.45703125 0.03125 0.0328125
0 0.34609375 0.48671875 0.0234375 0.0265625
0 0.65859375 0.50859375 0.0203125 0.028125
0 0.56953125 0.4 0.0296875 0.028125
0 0.30625 0.628125 0.025 0.0265625
0 0.57421875 0.678125 0.0296875 0.025
0 0.5640625 0.30390625 0.028125 0.0296875
0 0.64453125 0.58125 0.025 0.0234375
0 0.37890625 0.48828125 0.0296875 0.040625
0 0.53515625 0.7 0.025 0.021875
0 0.3796875 0.55625 0.0234375 0.028125
0 0.59140625 0.31796875 0.03125 0.0265625
0 0.290625 0.51796875 0.0234375 0.028125
0 0.66328125 0.6 0.0234375 0.0265625
0 0.61796875 0.4453125 0.0296875 0.028125
0 0.63984375 0.42734375 0.028125 0.028125
0 0.42109375 0.31015625 0.028125 0.0296875
0 0.3765625 0.34375 0.0328125 0.0265625
0 0.53125 0.34375 0.025 0.0234375
0 0.42265625 0.7296875 0.01875 0.03125
0 0.43828125 0.38515625 0.0234375 0.0234375
0 0.396875 0.69921875 0.034375 0.0234375
0 0.515625 0.38828125 0.025 0.028125
0 0.5484375 0.42265625 0.03125 0.028125
0 0.55390625 0.37890625 0.0265625 0.0234375
0 0.6375 0.52421875 0.028125 0.03125
0 0.51796875 0.62265625 0.03125 0.0328125
0 0.378125 0.44921875 0.03125 0.034375
0 0.49765625 0.6421875 0.0265625 0.0234375
0 0.31015625 0.53671875 0.021875 0.03125
0 0.4875 0.690625 0.028125 0.0203125
0 0.41953125 0.3421875 0.028125 0.0234375
0 0.59765625 0.465625 0.0296875 0.0296875
0 0.69765625 0.53828125 0.0234375 0.03125
0 0.48203125 0.7125 0.0234375 0.0265625
0 0.49296875 0.61171875 0.0265625 0.0265625
0 0.55859375 0.35703125 0.03125 0.0234375
0 0.38515625 0.590625 0.0328125 0.03125
0 0.478125 0.65 0.025 0.0234375
0 0.69765625 0.5640625 0.0203125 0.028125
0 0.61484375 0.53671875 0.021875 0.034375
0 0.43359375 0.63828125 0.034375 0.0359375
0 0.47109375 0.39296875 0.0234375 0.028125
0 0.55859375 0.66171875 0.0234375 0.025
0 0.540625 0.67265625 0.0265625 0.025
0 0.60078125 0.3515625 0.03125 0.028125
0 0.5359375 0.4 0.03125 0.028125