0 0.26953125 0.53359375 0.0296875 0.0328125
0 0.26796875 0.50078125 0.03125 0.03125
0 0.275 0.46796875 0.03125 0.0328125
0 0.56328125 0.54453125 0.0328125 0.028125
0 0.321875 0.60078125 0.0328125 0.0296875
0 0.27421875 0.5609375 0.03125 0.0296875
0 0.3328125 0.45078125 0.028125 0.0328125
0 0.43125 0.7375 0.028125 0.03125
0 0.2796875 0.590625 0.0296875 0.028125
0 0.478125 0.4265625 0.028125 0.0265625
0 0.70859375 0.4515625 0.0328125 0.028125
0 0.69765625 0.428125 0.0359375 0.0265625
0 0.30234375 0.57421875 0.03125 0.028125
0 0.3328125 0.5078125 0.0265625 0.0265625
0 0.42265625 0.36875 0.0296875 0.0234375
0 0.35546875 0.51953125 0.0265625 0.025
0 0.60703125 0.5859375 0.0328125 0.0328125
0 0.64609375 0.45234375 0.0265625 0.025
0 0.5796875 0.56640625 0.0328125 0.0265625
0 0.40390625 0.725 0.028125 0.028125
0 0.4 0.50546875 0.03125 0.028125
0 0.4046875 0.5625 0.0328125 0.028125
0 0.603125 0.49765625 0.03125 0.028125
0 0.6796875 0.4015625 0.03125 0.028125
0 0.69609375 0.4828125 0.028125 0.025
0 0.6796875 0.45546875 0.0265625 0.025
0 0.3421875 0.6265625 0.028125 0.0203125
0 0.29921875 0.4640625 0.0265625 0.0265625
0 0.68125 0.58984375 0.025 0.034375
0 0.2828125 0.4421875 0.03125 0.025
0 0.51875 0.321875 0.028125 0.021875
0 0.6578125 0.565625 0.028125 0.028125
0 0.56015625 0.5140625 0.0296875 0.028125
0 0.45703125 0.74609375 0.03125 0.025
0 0.44765625 0.4328125 0.03125 0.028125
0 0.30703125 0.5046875 0.021875 0.0265625
0 0.3234375 0.48203125 0.028125 0.0265625
0 0.65 0.62421875 0.0296875 0.03125
0 0.5703125 0.3390625 0.03125 0.03125
0 0.321875 0.63671875 0.040625 0.0453125
0 0.4546875 0.69921875 0.028125 0.025
0 0.38203125 0.71015625 0.03125 0.0265625
0 0.2953125 0.41875 0.03125 0.0296875
0 0.65546875 0.40703125 0.028125 0.03125
0 0.575 0.490625 0.028125 0.0328125
0 0.72265625 0.53984375 0.0296875 0.034375
0 0.353125 0.4640625 0.028125 0.028125
0 0.59921875 0.5484375 0.03125 0.025
0 0.70546875 0.6 0.03125 0.0296875
0 0.41796875 0.65859375 0.03125 0.028125
0 0.32265625 0.55859375 0.0234375 0.025
0 0.62578125 0.4734375 0.03125 0.0265625
0 0.71875 0.4796875 0.03125 0.0296875
0 0.51171875 0.59453125 0.034375 0.03125
0 0.296875 0.54765625 0.0265625 0.03125
0 0.35859375 0.61015625 0.03125 0.028125
0 0.29375 0.49296875 0.028125 0.0265625
0 0.6125 0.70234375 0.0328125 0.0203125
0 0.5875 0.5203125 0.0296875 0.0265625
0 0.71015625 0.56875 0.0390625 0.03125
0 0.72109375 0.50625 0.0296875 0.03125
0 0.4328125 0.7140625 0.0265625 0.0203125
0 0.33671875 0.53828125 0.0234375 0.0234375
0 0.33203125 0.41640625 0.0296875 0.034375
0 0.515625 0.74765625 0.0296875 0.0265625
0 0.3140625 0.440625 0.025 0.0234375
0 0.2953125 0.525 0.028125 0.0328125
0 0.46875 0.453125 0.03125 0.0296875
0 0.2921875 0.61328125 0.028125 0.03125
0 0.42890625 0.69375 0.0265625 0.0234375
0 0.62734375 0.60546875 0.0296875 0.028125
0 0.5046875 0.428125 0.028125 0.028125
0 0.45546875 0.40390625 0.028125 0.0234375
0 0.6609375 0.478125 0.0296875 0.025
0 0.67109375 0.62890625 0.0234375 0.0359375
0 0.57578125 0.70390625 0.028125 0.0234375
0 0.54609375 0.32734375 0.0234375 0.0234375
0 0.6203125 0.5640625 0.0265625 0.021875
0 0.38046875 0.52265625 0.021875 0.0234375
0 0.39921875 0.53515625 0.0296875 0.028125
0 0.46015625 0.7234375 0.0328125 0.0234375
0 0.6 0.72421875 0.0296875 0.0265625
0 0.69453125 0.62578125 0.0296875 0.03125
0 0.4328125 0.63203125 0.0359375 0.0234375
0 0.675 0.52265625 0.028125 0.028125
0 0.6640625 0.43671875 0.03125 0.0234375
0 0.63046875 0.525 0.0359375 0.03125
0 0.49921875 0.45625 0.03125 0.03125
0 0.3703125 0.54921875 0.034375 0.028125
0 0.4484375 0.6484375 0.034375 0.028125
0 0.546875 0.74296875 0.0234375 0.028125
0 0.38515625 0.5875 0.03125 0.028125
0 0.66328125 0.6 0.0234375 0.025
0 0.34765625 0.565625 0.03125 0.0328125
0 0.57109375 0.734375 0.03125 0.0296875
0 0.6390625 0.5796875 0.03125 0.0234375
0 0.34765625 0.484375 0.0234375 0.0265625
0 0.3125 0.53515625 0.025 0.0265625
0 0.48828125 0.74765625 0.0265625 0.0265625
0 0.43203125 0.50625 0.0265625 0.028125
0 0.6390625 0.42734375 0.028125 0.028125
0 0.38828125 0.371875 0.03125 0.0234375
0 0.45546875 0.60625 0.0359375 0.025
0 0.5828125 0.37734375 0.03125 0.0265625
0 0.378125 0.4859375 0.03125 0.0359375
0 0.39453125 0.69921875 0.0359375 0.021875
0 0.6765625 0.55078125 0.021875 0.0265625
0 0.459375 0.671875 0.034375 0.021875
0 0.40390625 0.47890625 0.0296875 0.03125
0 0.56796875 0.64296875 0.0328125 0.0265625
0 0.4203125 0.34375 0.0296875 0.021875
0 0.6765625 0.496875 0.0265625 0.025
0 0.63125 0.55234375 0.028125 0.021875
0 0.53515625 0.37109375 0.025 0.025
0 0.39453125 0.6765625 0.0375 0.028125
0 0.4609375 0.62265625 0.0453125 0.025
0 0.5546875 0.715625 0.028125 0.0234375
0 0.57265625 0.6796875 0.03125 0.0203125
0 0.42890625 0.53671875 0.025 0.028125
0 0.65703125 0.540625 0.0234375 0.028125
0 0.53359375 0.70234375 0.028125 0.025
0 0.37890625 0.45 0.0328125 0.03125
0 0.659375 0.51171875 0.0203125 0.0296875
0 0.44140625 0.328125 0.0234375 0.0203125
0 0.48671875 0.58984375 0.0390625 0.0296875