0 0.26875 0.50078125 0.0328125 0.0328125
0 0.2703125 0.5328125 0.0296875 0.034375
0 0.33203125 0.45 0.028125 0.034375
0 0.609375 0.5828125 0.0375 0.0359375
0 0.62734375 0.60625 0.03125 0.03125
0 0.6984375 0.4265625 0.0359375 0.028125
0 0.58046875 0.565625 0.0359375 0.028125
0 0.57578125 0.490625 0.028125 0.0359375
0 0.27421875 0.56015625 0.0296875 0.028125
0 0.56328125 0.54453125 0.034375 0.03125
0 0.403125 0.72578125 0.034375 0.028125
0 0.65234375 0.625 0.0328125 0.0375
0 0.68046875 0.4015625 0.03125 0.0296875
0 0.40625 0.5625 0.0328125 0.0328125
0 0.31953125 0.6375 0.040625 0.04375
0 0.33125 0.5078125 0.0296875 0.0265625
0 0.709375 0.45078125 0.0359375 0.0296875
0 0.34609375 0.5640625 0.03125 0.034375
0 0.665625 0.43671875 0.03125 0.0265625
0 0.27578125 0.46796875 0.0328125 0.0296875
0 0.65625 0.4078125 0.028125 0.028125
0 0.39921875 0.50703125 0.0328125 0.03125
0 0.6953125 0.4828125 0.0265625 0.0265625
0 0.60390625 0.496875 0.028125 0.0265625
0 0.56953125 0.64453125 0.0390625 0.0296875
0 0.64765625 0.45234375 0.028125 0.021875
0 0.27890625 0.58984375 0.028125 0.0296875
0 0.28203125 0.44296875 0.0296875 0.0265625
0 0.421875 0.36875 0.0296875 0.0234375
0 0.30234375 0.575 0.0296875 0.028125
0 0.70390625 0.6 0.034375 0.03125
0 0.6609375 0.478125 0.03125 0.028125
0 0.3296875 0.4125 0.0328125 0.0421875
0 0.42734375 0.409375 0.03125 0.0328125
0 0.45546875 0.60859375 0.034375 0.028125
0 0.328125 0.6 0.0453125 0.0375
0 0.43203125 0.50703125 0.028125 0.03125
0 0.35234375 0.46484375 0.03125 0.03125
0 0.60078125 0.546875 0.034375 0.025
0 0.54375 0.67265625 0.025 0.0234375
0 0.59921875 0.72421875 0.03125 0.0265625
0 0.36015625 0.6109375 0.0265625 0.0265625
0 0.4203125 0.34296875 0.0296875 0.0234375
0 0.6796875 0.4546875 0.0265625 0.025
0 0.384375 0.58828125 0.03125 0.0328125
0 0.45703125 0.74609375 0.0328125 0.0265625
0 0.34296875 0.62578125 0.025 0.0203125
0 0.41953125 0.65625 0.0328125 0.0265625
0 0.35234375 0.43359375 0.0265625 0.028125
0 0.68125 0.62734375 0.0515625 0.0359375
0 0.33671875 0.53671875 0.0265625 0.0234375
0 0.478125 0.4265625 0.028125 0.0296875
0 0.46875 0.45390625 0.0328125 0.03125
0 0.61796875 0.446875 0.0296875 0.028125
0 0.721875 0.50546875 0.03125 0.0328125
0 0.54609375 0.74296875 0.028125 0.0265625
0 0.6765625 0.52578125 0.028125 0.0296875
0 0.39296875 0.7015625 0.040625 0.03125
0 0.5875 0.5203125 0.03125 0.0265625
0 0.6578125 0.565625 0.0296875 0.028125
0 0.43203125 0.73671875 0.025 0.028125
0 0.559375 0.515625 0.03125 0.03125
0 0.40390625 0.47890625 0.0296875 0.03125
0 0.35546875 0.52109375 0.0234375 0.028125
0 0.29375 0.61171875 0.0234375 0.0296875
0 0.6796875 0.58828125 0.0265625 0.034375
0 0.321875 0.5578125 0.025 0.0265625
0 0.37421875 0.55234375 0.034375 0.0375
0 0.44765625 0.43203125 0.028125 0.025
0 0.2953125 0.4953125 0.0296875 0.028125
0 0.296875 0.41953125 0.0328125 0.0296875
0 0.62578125 0.47578125 0.034375 0.03125
0 0.609375 0.67734375 0.0328125 0.025
0 0.51875 0.32109375 0.0265625 0.0203125
0 0.43125 0.6328125 0.034375 0.028125
0 0.48203125 0.5859375 0.0328125 0.0359375
0 0.72109375 0.53828125 0.03125 0.034375
0 0.5703125 0.3390625 0.0328125 0.0296875
0 0.3 0.46484375 0.028125 0.028125
0 0.52734375 0.440625 0.0296875 0.0296875
0 0.57109375 0.7359375 0.0296875 0.028125
0 0.5 0.45703125 0.03125 0.0296875
0 0.37890625 0.34453125 0.028125 0.0203125
0 0.37734375 0.45 0.03125 0.0328125
0 0.70859375 0.56796875 0.04375 0.0328125
0 0.6390625 0.42578125 0.028125 0.03125
0 0.6109375 0.70234375 0.03125 0.0203125
0 0.50390625 0.42890625 0.03125 0.028125
0 0.59765625 0.4671875 0.028125 0.028125
0 0.43125 0.33125 0.021875 0.021875
0 0.45625 0.403125 0.0296875 0.0234375
0 0.71796875 0.47578125 0.03125 0.0296875
0 0.55625 0.378125 0.025 0.021875
0 0.51171875 0.59375 0.03125 0.03125