0 0.26640625 0.52890625 0.0296875 0.0328125
0 0.428125 0.73671875 0.0296875 0.034375
0 0.41953125 0.3640625 0.0328125 0.025
0 0.4765625 0.42421875 0.0265625 0.028125
0 0.26640625 0.49921875 0.0296875 0.0328125
0 0.60703125 0.58671875 0.0359375 0.0359375
0 0.67890625 0.45390625 0.025 0.025
0 0.56171875 0.54140625 0.034375 0.034375
0 0.69453125 0.42421875 0.0359375 0.028125
0 0.271875 0.559375 0.0296875 0.028125
0 0.384375 0.36640625 0.03125 0.0265625
0 0.40703125 0.559375 0.0296875 0.028125
0 0.33671875 0.534375 0.0234375 0.028125
0 0.2921875 0.49140625 0.025 0.0265625
0 0.54453125 0.74453125 0.025 0.028125
0 0.64453125 0.45390625 0.028125 0.025
0 0.51640625 0.31953125 0.0296875 0.021875
0 0.3140625 0.59921875 0.025 0.0328125
0 0.38203125 0.709375 0.034375 0.0328125
0 0.29921875 0.4640625 0.028125 0.028125
0 0.56640625 0.6390625 0.034375 0.028125
0 0.5140625 0.74921875 0.028125 0.028125
0 0.31953125 0.55703125 0.021875 0.0234375
0 0.45703125 0.40078125 0.0265625 0.025
0 0.51953125 0.65390625 0.025 0.028125
0 0.33046875 0.44921875 0.025 0.0328125
0 0.4265625 0.6890625 0.0265625 0.021875
0 0.446875 0.43203125 0.034375 0.0265625
0 0.69140625 0.47890625 0.0265625 0.028125
0 0.29140625 0.61171875 0.0265625 0.0296875
0 0.4890625 0.31953125 0.028125 0.028125
0 0.50390625 0.70703125 0.025 0.0265625
0 0.50703125 0.359375 0.0234375 0.028125
0 0.7140625 0.56953125 0.03125 0.0359375
0 0.65703125 0.5640625 0.0265625 0.028125
0 0.52421875 0.44140625 0.03125 0.0296875
0 0.45703125 0.69453125 0.0265625 0.025
0 0.33046875 0.50703125 0.025 0.0234375
0 0.271875 0.46640625 0.0296875 0.034375
0 0.28203125 0.4390625 0.034375 0.025
0 0.56953125 0.334375 0.028125 0.028125
0 0.484375 0.74921875 0.0328125 0.03125
0 0.35390625 0.4640625 0.028125 0.028125
0 0.71953125 0.50703125 0.028125 0.034375
0 0.34140625 0.56171875 0.0234375 0.0265625
0 0.29453125 0.546875 0.025 0.0296875
0 0.40390625 0.4765625 0.03125 0.034375
0 0.42890625 0.50703125 0.028125 0.034375
0 0.29453125 0.4140625 0.03125 0.028125
0 0.659375 0.4765625 0.03125 0.0265625
0 0.596875 0.546875 0.0265625 0.0234375
0 0.35703125 0.51953125 0.0234375 0.021875
0 0.596875 0.721875 0.034375 0.0265625
0 0.66953125 0.63203125 0.021875 0.034375
0 0.33203125 0.41171875 0.034375 0.0328125
0 0.34140625 0.62890625 0.0265625 0.028125
0 0.4140625 0.65703125 0.0328125 0.0265625
0 0.584375 0.3765625 0.0328125 0.0265625
0 0.65703125 0.534375 0.0234375 0.03125
0 0.534375 0.296875 0.03125 0.0296875
0 0.37890625 0.51953125 0.021875 0.025
0 0.41640625 0.31171875 0.0265625 0.0296875
0 0.51171875 0.68203125 0.0234375 0.0234375
0 0.49140625 0.66171875 0.0265625 0.0234375
0 0.58671875 0.51953125 0.0296875 0.028125
0 0.46171875 0.671875 0.0265625 0.0265625
0 0.61171875 0.69921875 0.034375 0.021875
0 0.51171875 0.59140625 0.034375 0.034375
0 0.67890625 0.58671875 0.025 0.034375
0 0.5515625 0.7140625 0.0296875 0.028125
0 0.60390625 0.496875 0.0328125 0.0296875
0 0.53203125 0.36640625 0.0265625 0.0265625
0 0.50390625 0.29140625 0.028125 0.0265625
0 0.69140625 0.62421875 0.0265625 0.0359375
0 0.46171875 0.32265625 0.0265625 0.025
0 0.47890625 0.584375 0.0328125 0.0328125
0 0.37890625 0.55703125 0.021875 0.0265625
0 0.403125 0.3890625 0.0296875 0.028125
0 0.63671875 0.4265625 0.0265625 0.0296875
0 0.6765625 0.521875 0.0234375 0.0296875
0 0.47421875 0.29453125 0.028125 0.028125
0 0.634375 0.5515625 0.025 0.0265625
0 0.45390625 0.34765625 0.0328125 0.025
0 0.54140625 0.3265625 0.0234375 0.0265625
0 0.446875 0.64140625 0.0296875 0.034375
0 0.48671875 0.68671875 0.0265625 0.0234375
0 0.4140625 0.3390625 0.028125 0.025
0 0.65703125 0.50703125 0.0234375 0.0265625
0 0.5140625 0.38671875 0.028125 0.0265625
0 0.42578125 0.534375 0.025 0.025
0 0.609375 0.6765625 0.0328125 0.0265625
0 0.5640625 0.30390625 0.028125 0.028125
0 0.496875 0.6390625 0.0234375 0.025
0 0.696875 0.534375 0.0203125 0.028125
0 0.709375 0.44921875 0.0328125 0.028125
0 0.5265625 0.721875 0.0234375 0.0234375
0 0.51640625 0.621875 0.0265625 0.034375
0 0.57421875 0.67890625 0.028125 0.01875
0 0.4515625 0.37421875 0.0265625 0.028125
0 0.49921875 0.45703125 0.0328125 0.034375
0 0.384375 0.58671875 0.03125 0.0296875
0 0.459375 0.721875 0.025 0.0234375
0 0.44453125 0.29921875 0.0328125 0.028125
0 0.37421875 0.34140625 0.03125 0.0265625
0 0.621875 0.47265625 0.0265625 0.025
0 0.4015625 0.50703125 0.034375 0.034375
0 0.5390625 0.671875 0.028125 0.0265625
0 0.596875 0.46640625 0.0296875 0.0265625
0 0.45703125 0.6140625 0.0375 0.028125
0 0.3640625 0.49453125 0.028125 0.028125
0 0.634375 0.521875 0.025 0.0296875
0 0.61171875 0.33203125 0.0296875 0.0265625
0 0.55703125 0.36640625 0.0265625 0.0265625
0 0.63671875 0.59140625 0.0296875 0.034375
0 0.31171875 0.634375 0.0265625 0.0390625
0 0.53671875 0.4140625 0.0359375 0.028125
0 0.46953125 0.45390625 0.0328125 0.0359375