0 0.2890625 0.64609375 0.025 0.0203125
0 0.45546875 0.39609375 0.0203125 0.0234375
0 0.4390625 0.36328125 0.025 0.0203125
0 0.43828125 0.3421875 0.0265625 0.0203125
0 0.66796875 0.5609375 0.0203125 0.025
0 0.60625 0.60390625 0.028125 0.0203125
0 0.64453125 0.58515625 0.0203125 0.0203125
0 0.64765625 0.5625 0.0203125 0.025
0 0.36640625 0.62578125 0.01875 0.0203125
0 0.646875 0.6109375 0.01875 0.025
0 0.35390625 0.571875 0.0234375 0.025
0 0.334375 0.57109375 0.021875 0.025
0 0.6265625 0.57109375 0.0203125 0.0234375
0 0.4421875 0.38125 0.021875 0.01875
0 0.303125 0.62421875 0.015625 0.0203125
0 0.45859375 0.35 0.0203125 0.0234375
0 0.3265625 0.596875 0.021875 0.0203125
0 0.3078125 0.64375 0.01875 0.0203125
0 0.68046875 0.6703125 0.0203125 0.028125
0 0.6796875 0.58203125 0.021875 0.021875
0 0.64765625 0.65703125 0.021875 0.03125
0 0.4828125 0.32109375 0.0203125 0.0296875
0 0.7 0.59609375 0.0203125 0.0203125
0 0.48125 0.3453125 0.01875 0.0234375
0 0.365625 0.59609375 0.0234375 0.0203125
0 0.33359375 0.64375 0.021875 0.0203125
0 0.28828125 0.6078125 0.0265625 0.0203125
0 0.2828125 0.62421875 0.021875 0.0203125
0 0.70390625 0.61484375 0.0203125 0.0265625
0 0.38203125 0.62890625 0.021875 0.0234375
0 0.33515625 0.68125 0.0203125 0.025
0 0.4 0.64609375 0.0234375 0.0203125
0 0.72109375 0.6265625 0.021875 0.0203125
0 0.35859375 0.61328125 0.0203125 0.025
0 0.6625 0.59921875 0.01875 0.021875
0 0.6125 0.64140625 0.025 0.0203125
0 0.71796875 0.5921875 0.025 0.0203125
0 0.5328125 0.4015625 0.0203125 0.025
0 0.34609375 0.59140625 0.01875 0.021875
0 0.68359375 0.62265625 0.01875 0.0234375
0 0.5328125 0.3671875 0.0203125 0.028125
0 0.6125 0.5859375 0.0234375 0.0203125
0 0.51015625 0.3890625 0.0203125 0.021875
0 0.62890625 0.64375 0.01875 0.0265625
0 0.60546875 0.6234375 0.025 0.0203125
0 0.30859375 0.60625 0.01875 0.0203125
0 0.6265625 0.6 0.01875 0.021875
0 0.70546875 0.57421875 0.025 0.0265625
0 0.5375 0.31953125 0.0203125 0.0234375
0 0.6625 0.6734375 0.0203125 0.025
0 0.36953125 0.66328125 0.021875 0.025
0 0.37890625 0.6109375 0.0203125 0.01875
0 0.534375 0.34140625 0.0203125 0.0234375
0 0.459375 0.37421875 0.01875 0.021875
0 0.6796875 0.60703125 0.01875 0.0234375
0 0.4 0.6078125 0.0234375 0.0203125
0 0.4703125 0.40546875 0.0203125 0.021875
0 0.29921875 0.59453125 0.025 0.0203125
0 0.32734375 0.6234375 0.0203125 0.0234375
0 0.390625 0.59140625 0.028125 0.0234375
0 0.3546875 0.6796875 0.0203125 0.025
0 0.478125 0.36640625 0.01875 0.0234375
0 0.496875 0.37265625 0.01875 0.0296875
0 0.5 0.3390625 0.0234375 0.0234375
0 0.45078125 0.3296875 0.03125 0.021875
0 0.35 0.64453125 0.021875 0.021875
0 0.378125 0.64609375 0.0203125 0.0203125
0 0.66953125 0.6375 0.01875 0.0234375
0 0.68515625 0.5640625 0.01875 0.0234375
0 0.29765625 0.66328125 0.0234375 0.0234375
0 0.346875 0.62890625 0.0203125 0.025
0 0.4609375 0.31328125 0.0265625 0.0296875
0 0.315625 0.675 0.0203125 0.021875
0 0.4046875 0.6234375 0.021875 0.01875
0 0.51640625 0.328125 0.0203125 0.0234375
0 0.553125 0.36640625 0.0265625 0.03125
0 0.4984375 0.321875 0.021875 0.021875
0 0.7234375 0.6109375 0.0203125 0.0203125
0 0.6515625 0.62734375 0.0203125 0.025
0 0.51484375 0.309375 0.0296875 0.03125
0 0.315625 0.578125 0.021875 0.0234375
0 0.684375 0.646875 0.0203125 0.025
0 0.5484375 0.3890625 0.0203125 0.0234375
0 0.625 0.61953125 0.0203125 0.021875
0 0.6234375 0.6578125 0.0234375 0.025
0 0.5125 0.353125 0.01875 0.025
0 0.49375 0.40625 0.0203125 0.0328125
0 0.66171875 0.58046875 0.01875 0.01875
0 0.33828125 0.6125 0.0234375 0.0203125
0 0.34375 0.66171875 0.01875 0.0203125
0 0.665625 0.61875 0.01875 0.0265625