0 0.2890625 0.64609375 0.025 0.0203125
0 0.43828125 0.34296875 0.0265625 0.0203125
0 0.45546875 0.396875 0.0203125 0.025
0 0.4390625 0.36328125 0.0265625 0.0203125
0 0.64765625 0.5625 0.021875 0.025
0 0.70390625 0.61328125 0.0203125 0.025
0 0.64453125 0.58515625 0.0203125 0.0203125
0 0.4828125 0.34453125 0.0203125 0.0234375
0 0.7203125 0.62734375 0.021875 0.0203125
0 0.30859375 0.64375 0.0203125 0.01875
0 0.45859375 0.35 0.0203125 0.021875
0 0.3453125 0.5921875 0.0203125 0.0203125
0 0.51015625 0.39140625 0.0234375 0.0265625
0 0.66796875 0.56171875 0.021875 0.0265625
0 0.5375 0.31953125 0.0203125 0.0234375
0 0.4421875 0.38125 0.021875 0.0203125
0 0.4796875 0.31875 0.025 0.0328125
0 0.36640625 0.62734375 0.0203125 0.0203125
0 0.29765625 0.5921875 0.021875 0.0203125
0 0.35390625 0.57265625 0.0234375 0.025
0 0.33359375 0.64453125 0.021875 0.021875
0 0.60546875 0.60390625 0.0265625 0.0203125
0 0.6484375 0.65625 0.0234375 0.0296875
0 0.4 0.60703125 0.0296875 0.0234375
0 0.6265625 0.5703125 0.0203125 0.021875
0 0.28828125 0.60625 0.028125 0.0203125
0 0.54765625 0.38984375 0.0203125 0.025
0 0.6796875 0.58203125 0.0203125 0.0203125
0 0.365625 0.59765625 0.0234375 0.021875
0 0.28359375 0.62421875 0.0234375 0.0203125
0 0.32578125 0.59609375 0.0203125 0.0203125
0 0.71875 0.5921875 0.0234375 0.0234375
0 0.303125 0.62421875 0.015625 0.0203125
0 0.33359375 0.57109375 0.021875 0.0234375
0 0.5296875 0.37890625 0.0203125 0.0234375
0 0.334375 0.68125 0.0203125 0.0234375
0 0.646875 0.61171875 0.01875 0.0234375
0 0.5328125 0.36171875 0.01875 0.0265625
0 0.51640625 0.32734375 0.0203125 0.021875
0 0.53359375 0.340625 0.0203125 0.0234375
0 0.7 0.59609375 0.0203125 0.01875
0 0.6125 0.64140625 0.025 0.0203125
0 0.45859375 0.3734375 0.01875 0.0234375
0 0.6625 0.59921875 0.01875 0.0234375
0 0.4625 0.31328125 0.0296875 0.0296875
0 0.38125 0.62890625 0.0203125 0.0234375
0 0.7046875 0.5734375 0.0234375 0.0265625
0 0.6140625 0.58828125 0.0265625 0.021875
0 0.5171875 0.30625 0.0234375 0.0234375
0 0.66796875 0.63515625 0.0171875 0.0234375
0 0.35859375 0.6109375 0.0203125 0.0203125
0 0.68359375 0.62265625 0.01875 0.0234375
0 0.4515625 0.32890625 0.0328125 0.021875
0 0.3140625 0.61015625 0.021875 0.01875
0 0.325 0.6234375 0.0203125 0.0203125
0 0.50390625 0.33984375 0.025 0.0234375
0 0.6796875 0.60625 0.01875 0.0234375
0 0.66171875 0.671875 0.021875 0.0265625
0 0.2984375 0.6640625 0.028125 0.0265625
0 0.4 0.64609375 0.025 0.021875
0 0.5328125 0.4015625 0.0203125 0.025
0 0.621875 0.65703125 0.0234375 0.0234375
0 0.68046875 0.67109375 0.0203125 0.0265625
0 0.66484375 0.5796875 0.0234375 0.0203125
0 0.378125 0.6453125 0.0203125 0.0203125
0 0.346875 0.6265625 0.0203125 0.021875
0 0.3890625 0.590625 0.0265625 0.0203125
0 0.36796875 0.665625 0.0234375 0.0296875
0 0.55234375 0.3609375 0.028125 0.040625
0 0.65 0.62890625 0.0203125 0.0234375
0 0.60625 0.6234375 0.0234375 0.0203125
0 0.68515625 0.5640625 0.01875 0.0234375