1 0.28828125 0.6453125 0.021875 0.02109375
1 0.45546875 0.39609375 0.02109375 0.0234375
1 0.309375 0.64375 0.01796875 0.01953125
1 0.64765625 0.5625 0.02109375 0.0234375
1 0.4390625 0.34140625 0.025 0.02109375
1 0.66875 0.5609375 0.02109375 0.025
1 0.64453125 0.584375 0.01953125 0.02109375
1 0.3671875 0.6265625 0.02109375 0.02109375
1 0.6265625 0.5703125 0.01953125 0.02109375
1 0.4390625 0.36328125 0.0234375 0.02109375
1 0.3453125 0.59140625 0.01796875 0.021875
1 0.32578125 0.59609375 0.01953125 0.02109375
1 0.28203125 0.62421875 0.01953125 0.02109375
1 0.3546875 0.571875 0.021875 0.025
1 0.51015625 0.38984375 0.02109375 0.021875
1 0.72109375 0.6265625 0.02109375 0.02109375
1 0.44140625 0.38125 0.02109375 0.02109375
1 0.5296875 0.37890625 0.01796875 0.0234375
1 0.48203125 0.34453125 0.01953125 0.021875
1 0.68046875 0.58125 0.02109375 0.02109375
1 0.60546875 0.603125 0.0234375 0.02109375
1 0.334375 0.5703125 0.021875 0.025
1 0.534375 0.3609375 0.01796875 0.021875
1 0.646875 0.6109375 0.01796875 0.0234375
1 0.378125 0.6109375 0.01953125 0.01953125
1 0.33359375 0.64296875 0.01953125 0.02109375
1 0.45859375 0.35 0.01953125 0.021875
1 0.53359375 0.40234375 0.02109375 0.0234375
1 0.365625 0.596875 0.021875 0.01953125
1 0.68046875 0.67109375 0.01953125 0.0265625
1 0.48359375 0.325 0.01796875 0.021875
1 0.28828125 0.60546875 0.028125 0.02109375
1 0.30234375 0.62421875 0.01640625 0.02109375
1 0.4 0.646875 0.025 0.02109375
1 0.70390625 0.6125 0.02109375 0.0234375
1 0.534375 0.340625 0.01953125 0.021875
1 0.36875 0.66328125 0.01953125 0.021875
1 0.3828125 0.628125 0.01953125 0.02109375
1 0.54765625 0.3890625 0.01953125 0.0234375
1 0.68359375 0.621875 0.01796875 0.021875
1 0.66484375 0.5796875 0.02109375 0.02109375
1 0.61328125 0.58828125 0.025 0.02109375
1 0.35859375 0.6125 0.01953125 0.021875
1 0.553125 0.37109375 0.025 0.02109375
1 0.29765625 0.590625 0.021875 0.01953125
1 0.4 0.6078125 0.0234375 0.02109375
1 0.7 0.59609375 0.01953125 0.01953125
1 0.309375 0.60546875 0.01796875 0.02109375
1 0.64765625 0.65703125 0.021875 0.03046875
1 0.6125 0.64140625 0.0234375 0.02109375
1 0.35 0.6453125 0.02109375 0.01953125
1 0.67890625 0.60546875 0.01953125 0.021875
1 0.32421875 0.621875 0.01953125 0.02109375
1 0.51796875 0.30625 0.0234375 0.0234375
1 0.51640625 0.328125 0.01953125 0.021875
1 0.66171875 0.6734375 0.01953125 0.025
1 0.6609375 0.60078125 0.01796875 0.0234375
1 0.334375 0.68125 0.01953125 0.025
1 0.35625 0.6296875 0.01640625 0.02109375
1 0.5375 0.31953125 0.02109375 0.0234375
1 0.4453125 0.32578125 0.01953125 0.021875
1 0.66953125 0.63828125 0.01796875 0.0234375
1 0.3546875 0.67890625 0.02109375 0.0234375
1 0.48125 0.303125 0.02109375 0.025
1 0.375 0.6453125 0.01796875 0.01640625
1 0.47109375 0.40703125 0.02109375 0.0234375
1 0.45859375 0.37421875 0.01640625 0.02109375
1 0.60546875 0.6234375 0.02109375 0.01953125
1 0.47890625 0.365625 0.01796875 0.02109375
1 0.315625 0.57734375 0.02109375 0.0234375
1 0.296875 0.66328125 0.0234375 0.0234375
1 0.684375 0.646875 0.01953125 0.0234375
1 0.62734375 0.6 0.01796875 0.02109375
1 0.71875 0.59140625 0.0234375 0.02109375
1 0.4953125 0.3765625 0.01640625 0.0234375
1 0.34296875 0.66171875 0.01796875 0.01953125
1 0.5015625 0.33984375 0.021875 0.021875
1 0.6296875 0.64296875 0.01796875 0.025
1 0.6515625 0.628125 0.01953125 0.0234375
1 0.3171875 0.67578125 0.02109375 0.025
1 0.49921875 0.321875 0.01953125 0.01953125
1 0.7046875 0.5734375 0.0234375 0.025
1 0.68515625 0.5640625 0.01796875 0.0234375
1 0.51328125 0.34921875 0.01796875 0.02109375
1 0.33828125 0.61171875 0.021875 0.01796875