0 0.43828125 0.3421875 0.0265625 0.01875
0 0.2890625 0.6453125 0.0234375 0.0203125
0 0.64453125 0.58515625 0.01875 0.0203125
0 0.47578125 0.315625 0.034375 0.0421875
0 0.2890625 0.6078125 0.0265625 0.0203125
0 0.6484375 0.56328125 0.0203125 0.0234375
0 0.66796875 0.56171875 0.021875 0.0234375
0 0.4390625 0.36328125 0.0265625 0.021875
0 0.6140625 0.58828125 0.028125 0.0234375
0 0.60703125 0.6046875 0.025 0.0203125
0 0.51640625 0.31171875 0.028125 0.0359375
0 0.7203125 0.6265625 0.0234375 0.0203125
0 0.309375 0.64453125 0.021875 0.021875
0 0.3265625 0.59609375 0.021875 0.0203125
0 0.6265625 0.56953125 0.01875 0.0203125
0 0.45546875 0.3953125 0.0203125 0.021875
0 0.534375 0.33984375 0.0203125 0.0234375
0 0.29921875 0.59296875 0.0265625 0.0203125
0 0.66171875 0.60078125 0.01875 0.0265625
0 0.509375 0.38984375 0.0234375 0.0234375
0 0.6125 0.64140625 0.0265625 0.0203125
0 0.35390625 0.571875 0.0234375 0.025
0 0.33515625 0.64375 0.0203125 0.0203125
0 0.5375 0.31875 0.021875 0.0265625
0 0.3078125 0.60625 0.021875 0.0203125
0 0.334375 0.68203125 0.021875 0.025
0 0.37890625 0.61015625 0.01875 0.0203125
0 0.66875 0.6328125 0.01875 0.025
0 0.3453125 0.5921875 0.0203125 0.0203125
0 0.64609375 0.6125 0.01875 0.025
0 0.6796875 0.60625 0.0203125 0.025
0 0.36953125 0.66875 0.0265625 0.0359375
0 0.284375 0.62578125 0.0234375 0.0203125
0 0.3578125 0.61484375 0.0203125 0.0265625
0 0.534375 0.36171875 0.0203125 0.025
0 0.653125 0.628125 0.0234375 0.0234375
0 0.33359375 0.57109375 0.021875 0.0234375
0 0.296875 0.6640625 0.028125 0.0265625
0 0.45703125 0.375 0.0203125 0.025
0 0.32890625 0.6203125 0.021875 0.028125