0 0.28984375 0.64609375 0.025 0.0203125
0 0.35390625 0.5734375 0.025 0.028125
0 0.4390625 0.3421875 0.0265625 0.0203125
0 0.45546875 0.39609375 0.021875 0.0234375
0 0.6421875 0.58515625 0.025 0.0203125
0 0.646875 0.56328125 0.0234375 0.0234375
0 0.7203125 0.6265625 0.0234375 0.0203125
0 0.2890625 0.60859375 0.028125 0.0203125
0 0.66796875 0.56171875 0.0203125 0.0234375
0 0.32734375 0.59609375 0.0234375 0.0203125
0 0.4390625 0.36328125 0.0265625 0.0203125
0 0.28359375 0.62421875 0.0234375 0.0203125
0 0.68046875 0.58125 0.021875 0.0203125
0 0.30859375 0.6453125 0.021875 0.0203125
0 0.60703125 0.6046875 0.0265625 0.0203125
0 0.6140625 0.64609375 0.03125 0.028125
0 0.66015625 0.60234375 0.0203125 0.028125
0 0.40078125 0.646875 0.0265625 0.021875
0 0.365625 0.59921875 0.025 0.0203125
0 0.7171875 0.5921875 0.0265625 0.0234375
0 0.40078125 0.60625 0.0265625 0.021875
0 0.45859375 0.35 0.0203125 0.0234375
0 0.5515625 0.36171875 0.0296875 0.04375
0 0.7 0.59609375 0.0203125 0.01875
0 0.628125 0.5703125 0.021875 0.0234375
0 0.30234375 0.6234375 0.0171875 0.0203125
0 0.36796875 0.628125 0.021875 0.0203125
0 0.48125 0.31875 0.0234375 0.034375
0 0.3328125 0.571875 0.0234375 0.0265625
0 0.3578125 0.6109375 0.0203125 0.0203125
0 0.48203125 0.34375 0.0203125 0.021875
0 0.7046875 0.57421875 0.025 0.025
0 0.646875 0.61171875 0.01875 0.025
0 0.67890625 0.60703125 0.0203125 0.028125
0 0.5171875 0.3125 0.028125 0.0390625
0 0.37890625 0.61171875 0.0203125 0.0203125
0 0.53359375 0.34140625 0.0203125 0.025
0 0.334375 0.64453125 0.0203125 0.021875
0 0.6140625 0.5859375 0.0265625 0.021875
0 0.4421875 0.38125 0.0234375 0.01875
0 0.4796875 0.36484375 0.01875 0.021875
0 0.646875 0.6609375 0.025 0.040625
0 0.70390625 0.6140625 0.0203125 0.0234375
0 0.5375 0.31875 0.0203125 0.0265625
0 0.34453125 0.59296875 0.01875 0.0203125
0 0.334375 0.68125 0.0203125 0.025
0 0.29765625 0.5921875 0.0234375 0.0203125
0 0.31328125 0.6109375 0.021875 0.01875
0 0.68125 0.671875 0.0203125 0.0265625
0 0.51171875 0.390625 0.021875 0.025
0 0.35625 0.6328125 0.0203125 0.025
0 0.38984375 0.590625 0.0265625 0.021875
0 0.66953125 0.63359375 0.01875 0.0234375
0 0.68515625 0.5640625 0.01875 0.0234375
0 0.32421875 0.621875 0.021875 0.0234375
0 0.496875 0.375 0.01875 0.0296875
0 0.47109375 0.40625 0.021875 0.0234375
0 0.37890625 0.64609375 0.021875 0.0203125
0 0.546875 0.390625 0.0203125 0.025
0 0.53515625 0.3609375 0.01875 0.028125
0 0.66171875 0.67109375 0.025 0.0296875
0 0.45859375 0.37421875 0.01875 0.0234375
0 0.5296875 0.38046875 0.0203125 0.0234375
0 0.60625 0.6234375 0.0234375 0.0203125
0 0.6515625 0.62734375 0.0203125 0.0234375
0 0.3671875 0.66328125 0.025 0.0265625
0 0.3546875 0.68046875 0.021875 0.0234375
0 0.315625 0.67578125 0.0203125 0.021875
0 0.5328125 0.403125 0.01875 0.028125
0 0.296875 0.6640625 0.0265625 0.025
0 0.5140625 0.35078125 0.0203125 0.0234375
0 0.3765625 0.57890625 0.0234375 0.0265625
0 0.49921875 0.33984375 0.0234375 0.0234375
0 0.45234375 0.32734375 0.0359375 0.025
0 0.49375 0.40703125 0.0203125 0.0328125
0 0.6265625 0.60078125 0.0203125 0.0203125
0 0.4984375 0.32265625 0.0234375 0.021875
0 0.62421875 0.61953125 0.0203125 0.0234375
0 0.33828125 0.61328125 0.021875 0.021875
0 0.6921875 0.65703125 0.03125 0.0390625