0 0.28828125 0.6453125 0.021875 0.0203125
0 0.45546875 0.3953125 0.0203125 0.0234375
0 0.309375 0.64375 0.01875 0.0203125
0 0.4390625 0.36328125 0.025 0.0203125
0 0.64453125 0.584375 0.0203125 0.0203125
0 0.43828125 0.3421875 0.025 0.0203125
0 0.6265625 0.5703125 0.0203125 0.021875
0 0.6484375 0.5625 0.0203125 0.0234375
0 0.66875 0.5609375 0.0203125 0.025
0 0.3453125 0.59140625 0.0171875 0.0203125
0 0.32578125 0.59609375 0.0203125 0.0203125
0 0.3671875 0.6265625 0.0203125 0.0203125
0 0.3546875 0.57109375 0.021875 0.0234375
0 0.28125 0.62421875 0.0203125 0.0203125
0 0.48203125 0.34375 0.01875 0.021875
0 0.4421875 0.38125 0.0203125 0.0203125
0 0.60546875 0.603125 0.0234375 0.0203125
0 0.33359375 0.5703125 0.021875 0.025
0 0.72109375 0.6265625 0.0203125 0.0203125
0 0.51015625 0.38984375 0.0203125 0.021875
0 0.5296875 0.3796875 0.01875 0.0234375
0 0.68046875 0.58125 0.0203125 0.0203125
0 0.33359375 0.64296875 0.0203125 0.0203125
0 0.53359375 0.3609375 0.01875 0.021875
0 0.646875 0.6109375 0.0171875 0.025
0 0.68046875 0.6703125 0.0203125 0.0265625
0 0.28828125 0.60546875 0.0265625 0.0203125
0 0.5328125 0.4015625 0.0203125 0.025
0 0.37890625 0.6109375 0.01875 0.0203125
0 0.30234375 0.625 0.015625 0.0203125
0 0.7046875 0.6125 0.0203125 0.0234375
0 0.36484375 0.59765625 0.021875 0.0203125
0 0.4578125 0.35 0.0203125 0.021875
0 0.4828125 0.325 0.01875 0.021875
0 0.61328125 0.58828125 0.025 0.0203125
0 0.534375 0.340625 0.0203125 0.0234375
0 0.553125 0.37109375 0.025 0.0203125
0 0.2984375 0.590625 0.021875 0.0203125
0 0.6640625 0.5796875 0.021875 0.0203125
0 0.68359375 0.62265625 0.01875 0.021875
0 0.3828125 0.628125 0.0203125 0.0203125
0 0.7 0.59609375 0.01875 0.01875
0 0.4453125 0.325 0.0203125 0.0234375
0 0.51796875 0.30625 0.0234375 0.0234375
0 0.309375 0.60546875 0.01875 0.0203125
0 0.4 0.6078125 0.0234375 0.0203125
0 0.35859375 0.6109375 0.01875 0.0203125
0 0.54765625 0.3890625 0.01875 0.0234375
0 0.36875 0.6625 0.01875 0.0203125
0 0.66171875 0.6734375 0.0203125 0.025
0 0.5171875 0.328125 0.01875 0.021875
0 0.64765625 0.65546875 0.0203125 0.028125
0 0.4 0.64609375 0.0234375 0.0203125
0 0.67890625 0.60546875 0.01875 0.0234375
0 0.33515625 0.68125 0.01875 0.025
0 0.35 0.6453125 0.021875 0.0203125
0 0.325 0.62265625 0.0203125 0.0203125
0 0.66953125 0.63828125 0.0171875 0.0234375
0 0.6609375 0.60078125 0.01875 0.0234375
0 0.5375 0.31953125 0.0203125 0.0234375
0 0.346875 0.62578125 0.01875 0.0203125
0 0.375 0.6453125 0.01875 0.015625
0 0.6125 0.64140625 0.0234375 0.0203125
0 0.47109375 0.40625 0.0203125 0.0234375
0 0.45859375 0.37421875 0.0171875 0.021875
0 0.3546875 0.67890625 0.0203125 0.0234375
0 0.48125 0.303125 0.0203125 0.0234375
0 0.29765625 0.66328125 0.0234375 0.0234375
0 0.4796875 0.365625 0.01875 0.021875
0 0.6046875 0.6234375 0.0203125 0.0203125
0 0.684375 0.64765625 0.01875 0.0234375
0 0.62734375 0.6 0.01875 0.0203125
0 0.315625 0.57734375 0.021875 0.0234375
0 0.49453125 0.3765625 0.0171875 0.0234375
0 0.46015625 0.31015625 0.0203125 0.0234375
0 0.3171875 0.6765625 0.021875 0.0234375
0 0.34375 0.66171875 0.01875 0.01875
0 0.6296875 0.6421875 0.0171875 0.0234375
0 0.71875 0.5921875 0.0234375 0.0203125
0 0.6515625 0.62734375 0.0203125 0.0234375
0 0.49921875 0.321875 0.01875 0.0203125
0 0.7046875 0.5734375 0.0234375 0.0234375
0 0.51328125 0.35 0.01875 0.0203125
0 0.5015625 0.3390625 0.0234375 0.0234375
0 0.6859375 0.5640625 0.01875 0.0234375