0 0.2890625 0.6453125 0.025 0.021875
0 0.64765625 0.56328125 0.021875 0.025
0 0.34453125 0.5921875 0.01875 0.021875
0 0.43828125 0.3421875 0.0265625 0.0203125
0 0.28203125 0.62421875 0.0203125 0.0203125
0 0.45546875 0.3953125 0.0203125 0.021875
0 0.64375 0.58515625 0.0203125 0.0203125
0 0.6265625 0.56953125 0.01875 0.0203125
0 0.48046875 0.3203125 0.0234375 0.03125
0 0.7046875 0.61328125 0.021875 0.0265625
0 0.32421875 0.59453125 0.01875 0.0171875
0 0.334375 0.57109375 0.021875 0.0234375
0 0.66875 0.5609375 0.0203125 0.025
0 0.51015625 0.39140625 0.0234375 0.028125
0 0.4390625 0.36328125 0.025 0.0203125
0 0.3078125 0.64609375 0.021875 0.0234375
0 0.3546875 0.571875 0.0234375 0.0234375
0 0.36484375 0.59609375 0.021875 0.0203125
0 0.36796875 0.62734375 0.0203125 0.0203125
0 0.33359375 0.64375 0.0203125 0.0203125
0 0.2890625 0.60859375 0.025 0.0203125
0 0.53359375 0.3421875 0.0203125 0.025
0 0.40078125 0.60625 0.025 0.021875
0 0.37890625 0.61171875 0.0203125 0.0203125
0 0.29765625 0.5921875 0.0234375 0.0203125
0 0.61328125 0.6421875 0.025 0.021875
0 0.44296875 0.38125 0.0203125 0.01875
0 0.646875 0.61171875 0.01875 0.025
0 0.30234375 0.62421875 0.0171875 0.0203125
0 0.35859375 0.6125 0.01875 0.021875
0 0.30859375 0.6078125 0.01875 0.01875
0 0.646875 0.65859375 0.025 0.0390625
0 0.36875 0.66328125 0.0234375 0.0265625
0 0.38984375 0.58984375 0.0265625 0.021875
0 0.6609375 0.6734375 0.0234375 0.0265625
0 0.6796875 0.58359375 0.0234375 0.025
0 0.61328125 0.5890625 0.028125 0.0234375
0 0.68046875 0.67109375 0.0203125 0.0265625
0 0.48125 0.34453125 0.0203125 0.021875
0 0.37890625 0.64453125 0.0203125 0.0203125
0 0.68359375 0.621875 0.01875 0.0234375
0 0.325 0.62265625 0.0203125 0.0234375
0 0.7203125 0.6265625 0.0234375 0.0203125
0 0.54765625 0.38984375 0.0203125 0.025
0 0.51796875 0.31171875 0.0265625 0.0375
0 0.334375 0.68125 0.021875 0.025
0 0.45859375 0.35078125 0.0203125 0.0234375
0 0.60703125 0.6046875 0.0265625 0.0203125
0 0.3515625 0.6296875 0.0203125 0.0203125
0 0.48046875 0.36484375 0.0203125 0.021875
0 0.70078125 0.5953125 0.0203125 0.0203125
0 0.55234375 0.3578125 0.03125 0.0421875
0 0.66171875 0.60234375 0.01875 0.0265625