0 0.28828125 0.6453125 0.0234375 0.0203125
0 0.64765625 0.56328125 0.0234375 0.0265625
0 0.43828125 0.34296875 0.0265625 0.021875
0 0.64375 0.58515625 0.0203125 0.0203125
0 0.45546875 0.39609375 0.0203125 0.0234375
0 0.509375 0.3890625 0.021875 0.0234375
0 0.3265625 0.59609375 0.021875 0.0203125
0 0.36796875 0.62734375 0.021875 0.0203125
0 0.309375 0.64375 0.0203125 0.0203125
0 0.35390625 0.57109375 0.0234375 0.025
0 0.6265625 0.5703125 0.0203125 0.0234375
0 0.33359375 0.64296875 0.0203125 0.0203125
0 0.365625 0.596875 0.0234375 0.0203125
0 0.3015625 0.62421875 0.01875 0.0203125
0 0.2890625 0.60859375 0.0265625 0.0203125
0 0.4390625 0.3640625 0.0265625 0.021875
0 0.334375 0.57109375 0.021875 0.0234375
0 0.29765625 0.5921875 0.0234375 0.0203125
0 0.4796875 0.30390625 0.025 0.028125
0 0.6828125 0.62265625 0.0203125 0.021875
0 0.3140625 0.609375 0.0203125 0.01875
0 0.66796875 0.56171875 0.021875 0.025
0 0.534375 0.36171875 0.0203125 0.0234375
0 0.3453125 0.5921875 0.0171875 0.0203125
0 0.48046875 0.3234375 0.025 0.025
0 0.61328125 0.58828125 0.028125 0.021875
0 0.4 0.60703125 0.0265625 0.021875
0 0.3578125 0.6125 0.01875 0.0234375
0 0.5375 0.31953125 0.0203125 0.025
0 0.68046875 0.58125 0.021875 0.0203125
0 0.29765625 0.6640625 0.0265625 0.0265625
0 0.5296875 0.3796875 0.0203125 0.0234375
0 0.6078125 0.603125 0.0265625 0.0203125
0 0.68125 0.6703125 0.0203125 0.0265625
0 0.2828125 0.62421875 0.0203125 0.0203125
0 0.70390625 0.61328125 0.0234375 0.0234375
0 0.4828125 0.34453125 0.021875 0.021875
0 0.45859375 0.35 0.0203125 0.021875
0 0.325 0.6234375 0.0203125 0.0203125
0 0.61328125 0.6421875 0.0265625 0.0203125
0 0.7203125 0.62734375 0.0234375 0.0203125
0 0.6625 0.6015625 0.0203125 0.0265625
0 0.4 0.64609375 0.025 0.0203125
0 0.646875 0.6109375 0.01875 0.025
0 0.45546875 0.33125 0.0265625 0.021875
0 0.35078125 0.64609375 0.0234375 0.0203125
0 0.66796875 0.6359375 0.01875 0.0234375
0 0.71875 0.5921875 0.025 0.021875
0 0.37890625 0.64453125 0.021875 0.0203125
0 0.53359375 0.34140625 0.0203125 0.0234375
0 0.38984375 0.590625 0.028125 0.0234375
0 0.4421875 0.38203125 0.021875 0.0203125
0 0.378125 0.61171875 0.01875 0.01875
0 0.3546875 0.6796875 0.0203125 0.025
0 0.64765625 0.65859375 0.021875 0.034375
0 0.47890625 0.365625 0.0203125 0.021875
0 0.34609375 0.62578125 0.0203125 0.0203125
0 0.36875 0.6640625 0.0234375 0.028125
0 0.45859375 0.375 0.0203125 0.0234375
0 0.334375 0.68046875 0.0203125 0.0234375