0 0.2890625 0.6453125 0.0234375 0.0203125
0 0.35390625 0.571875 0.021875 0.025
0 0.28828125 0.6078125 0.025 0.0203125
0 0.3078125 0.64453125 0.0203125 0.0203125
0 0.43828125 0.34296875 0.0265625 0.0203125
0 0.45625 0.3953125 0.021875 0.021875
0 0.66796875 0.5609375 0.021875 0.0234375
0 0.36796875 0.6265625 0.0234375 0.021875
0 0.334375 0.57109375 0.0234375 0.025
0 0.64375 0.584375 0.0203125 0.0203125
0 0.64765625 0.5625 0.0203125 0.0234375
0 0.646875 0.6109375 0.01875 0.025
0 0.72109375 0.6265625 0.0234375 0.0203125
0 0.6796875 0.5828125 0.0234375 0.0203125
0 0.68359375 0.621875 0.01875 0.0265625
0 0.4390625 0.36328125 0.0265625 0.0203125
0 0.51015625 0.3890625 0.0234375 0.0234375
0 0.71875 0.5921875 0.025 0.021875
0 0.284375 0.62421875 0.0234375 0.0203125
0 0.303125 0.62421875 0.0171875 0.01875
0 0.48125 0.3234375 0.021875 0.0265625
0 0.309375 0.6078125 0.01875 0.01875
0 0.4 0.60625 0.028125 0.0234375
0 0.36484375 0.596875 0.0234375 0.0203125
0 0.33359375 0.64296875 0.0203125 0.021875
0 0.7046875 0.57421875 0.025 0.0265625
0 0.70390625 0.61328125 0.021875 0.025
0 0.62734375 0.56953125 0.0203125 0.021875
0 0.66484375 0.58046875 0.0234375 0.0203125
0 0.61328125 0.58984375 0.028125 0.025
0 0.6125 0.64375 0.028125 0.0234375
0 0.66171875 0.60234375 0.0203125 0.0265625
0 0.3265625 0.596875 0.021875 0.0203125
0 0.35859375 0.6109375 0.0203125 0.0203125
0 0.64921875 0.6515625 0.0234375 0.0265625
0 0.378125 0.6453125 0.0203125 0.0203125
0 0.53046875 0.3796875 0.0203125 0.0234375
0 0.3453125 0.5921875 0.01875 0.0203125
0 0.3 0.5921875 0.0265625 0.0203125
0 0.45859375 0.35078125 0.0203125 0.0234375
0 0.35078125 0.6453125 0.0234375 0.021875
0 0.4 0.646875 0.025 0.021875
0 0.3890625 0.58984375 0.0265625 0.021875
0 0.33515625 0.68125 0.0203125 0.025
0 0.55234375 0.35703125 0.028125 0.0390625
0 0.36953125 0.66640625 0.0234375 0.03125
0 0.35546875 0.63203125 0.01875 0.0234375
0 0.7 0.596875 0.0203125 0.01875
0 0.37890625 0.6109375 0.0203125 0.01875
0 0.66171875 0.6734375 0.0203125 0.025
0 0.51796875 0.31328125 0.0359375 0.0390625
0 0.4421875 0.38125 0.021875 0.01875
0 0.6515625 0.62734375 0.0234375 0.025
0 0.68046875 0.66953125 0.021875 0.028125
0 0.29609375 0.66328125 0.028125 0.0234375
0 0.49609375 0.3734375 0.01875 0.0296875
0 0.48125 0.3453125 0.0203125 0.021875
0 0.44921875 0.32734375 0.034375 0.025
0 0.534375 0.3625 0.01875 0.0234375
0 0.31640625 0.6765625 0.0234375 0.0265625
0 0.32734375 0.62421875 0.021875 0.021875
0 0.66640625 0.62890625 0.01875 0.028125
0 0.6890625 0.56484375 0.0203125 0.0234375
0 0.51328125 0.35 0.0203125 0.0234375
0 0.4703125 0.40625 0.0203125 0.021875
0 0.4796875 0.365625 0.0203125 0.021875
0 0.628125 0.6 0.0203125 0.021875