0 0.2890625 0.6453125 0.0234375 0.0203125
0 0.43828125 0.34296875 0.0265625 0.021875
0 0.35390625 0.571875 0.0234375 0.025
0 0.4390625 0.3640625 0.0265625 0.0203125
0 0.64375 0.58515625 0.021875 0.0203125
0 0.2890625 0.6078125 0.028125 0.0203125
0 0.45546875 0.39609375 0.0203125 0.0234375
0 0.509375 0.39140625 0.0234375 0.028125
0 0.32734375 0.59609375 0.021875 0.0203125
0 0.3078125 0.64453125 0.01875 0.021875
0 0.4421875 0.38125 0.021875 0.0203125
0 0.64765625 0.56328125 0.0234375 0.0265625
0 0.36640625 0.6265625 0.0203125 0.0203125
0 0.33359375 0.57109375 0.021875 0.025
0 0.60703125 0.60390625 0.0265625 0.021875
0 0.2828125 0.62421875 0.021875 0.0203125
0 0.61484375 0.58984375 0.028125 0.025
0 0.47890625 0.3171875 0.0265625 0.034375
0 0.29921875 0.59453125 0.028125 0.021875
0 0.5515625 0.3578125 0.0296875 0.040625
0 0.70390625 0.6125 0.0203125 0.0234375
0 0.303125 0.62421875 0.0171875 0.0203125
0 0.33359375 0.6421875 0.021875 0.021875
0 0.62578125 0.5703125 0.0203125 0.021875
0 0.646875 0.61171875 0.01875 0.025
0 0.61328125 0.6421875 0.0265625 0.0203125
0 0.5296875 0.3796875 0.0203125 0.0234375
0 0.35703125 0.61171875 0.0203125 0.0234375
0 0.7203125 0.6265625 0.0234375 0.0203125
0 0.34609375 0.62734375 0.0203125 0.025
0 0.35078125 0.64453125 0.021875 0.021875
0 0.53359375 0.3609375 0.0203125 0.0296875
0 0.4828125 0.34453125 0.021875 0.021875
0 0.4 0.60625 0.028125 0.0234375
0 0.6796875 0.58203125 0.021875 0.021875
0 0.7046875 0.57421875 0.025 0.0265625
0 0.66796875 0.56171875 0.0203125 0.0265625
0 0.34609375 0.5921875 0.0171875 0.021875
0 0.69921875 0.59609375 0.021875 0.01875
0 0.3140625 0.61015625 0.021875 0.0203125
0 0.66171875 0.67265625 0.0234375 0.0265625
0 0.36484375 0.59765625 0.021875 0.01875
0 0.6828125 0.6171875 0.0203125 0.0296875
0 0.53359375 0.34140625 0.0203125 0.0234375
0 0.45859375 0.35 0.0203125 0.021875
0 0.3984375 0.6453125 0.0234375 0.0203125
0 0.3703125 0.66875 0.0234375 0.0359375
0 0.29609375 0.66328125 0.025 0.0234375
0 0.51875 0.30625 0.0265625 0.0234375
0 0.54609375 0.3890625 0.0234375 0.025
0 0.49921875 0.3 0.021875 0.0234375
0 0.71875 0.5921875 0.0234375 0.0203125
0 0.32421875 0.62109375 0.0203125 0.025
0 0.64765625 0.653125 0.025 0.03125
0 0.6625 0.6 0.01875 0.021875
0 0.34375 0.6625 0.0203125 0.0203125
0 0.31640625 0.67734375 0.021875 0.025
0 0.45234375 0.3296875 0.03125 0.0203125
0 0.378125 0.64609375 0.0203125 0.0203125
0 0.33515625 0.68203125 0.0203125 0.0265625