0 0.4390625 0.34375 0.028125 0.0234375
0 0.28828125 0.6453125 0.0234375 0.021875
0 0.6390625 0.58046875 0.03125 0.028125
0 0.646875 0.56328125 0.025 0.0265625
0 0.28828125 0.60703125 0.028125 0.0203125
0 0.33046875 0.59609375 0.0234375 0.0203125
0 0.45546875 0.3953125 0.021875 0.021875
0 0.30859375 0.64609375 0.025 0.0234375
0 0.478125 0.31484375 0.03125 0.0421875
0 0.53359375 0.34140625 0.021875 0.0234375
0 0.66796875 0.5625 0.0234375 0.028125
0 0.61328125 0.64296875 0.0265625 0.0203125
0 0.66171875 0.60078125 0.0203125 0.0265625
0 0.70390625 0.6125 0.0234375 0.0234375
0 0.60703125 0.60390625 0.025 0.0203125
0 0.35078125 0.57265625 0.0296875 0.028125
0 0.64609375 0.659375 0.028125 0.040625
0 0.53125 0.38359375 0.0234375 0.0265625
0 0.4390625 0.3640625 0.0265625 0.0203125
0 0.5109375 0.38984375 0.0203125 0.0234375
0 0.34453125 0.59375 0.021875 0.021875
0 0.29765625 0.59609375 0.0265625 0.0234375
0 0.3 0.6640625 0.03125 0.03125
0 0.30234375 0.6234375 0.01875 0.0203125
0 0.48203125 0.3453125 0.021875 0.0234375
0 0.5015625 0.30078125 0.025 0.0234375
0 0.3125 0.60859375 0.025 0.0203125
0 0.284375 0.62421875 0.0234375 0.0203125
0 0.6484375 0.61171875 0.01875 0.0265625
0 0.71796875 0.62734375 0.028125 0.021875
0 0.45703125 0.37421875 0.0203125 0.0234375
0 0.45859375 0.35078125 0.0203125 0.021875
0 0.66875 0.6390625 0.0203125 0.0234375
0 0.48046875 0.36484375 0.021875 0.0234375
0 0.71796875 0.59296875 0.028125 0.0234375
0 0.3328125 0.64375 0.0203125 0.021875
0 0.53515625 0.359375 0.021875 0.0296875
0 0.66171875 0.67265625 0.0234375 0.0265625
0 0.68046875 0.58203125 0.0234375 0.021875