0 0.2890625 0.6453125 0.0234375 0.0203125
0 0.43828125 0.34296875 0.0265625 0.0203125
0 0.64765625 0.5625 0.0234375 0.025
0 0.64453125 0.58515625 0.021875 0.0203125
0 0.309375 0.64453125 0.01875 0.01875
0 0.51640625 0.328125 0.0203125 0.0234375
0 0.4390625 0.36328125 0.0265625 0.0203125
0 0.33359375 0.57109375 0.0234375 0.025
0 0.36640625 0.596875 0.021875 0.0203125
0 0.66875 0.63046875 0.01875 0.0265625
0 0.3671875 0.6265625 0.021875 0.0203125
0 0.2890625 0.6078125 0.028125 0.0203125
0 0.3546875 0.57109375 0.021875 0.0234375
0 0.32578125 0.596875 0.0203125 0.0203125
0 0.38984375 0.58984375 0.025 0.021875
0 0.6265625 0.5703125 0.0203125 0.021875
0 0.71953125 0.628125 0.0234375 0.0203125
0 0.4828125 0.32421875 0.0203125 0.025
0 0.51015625 0.3890625 0.021875 0.0203125
0 0.6140625 0.5890625 0.0265625 0.0234375
0 0.66875 0.5609375 0.0203125 0.0265625
0 0.68125 0.58203125 0.0203125 0.021875
0 0.3453125 0.5921875 0.0171875 0.0203125
0 0.334375 0.68125 0.0203125 0.025
0 0.60625 0.60390625 0.0265625 0.0203125
0 0.2828125 0.62421875 0.0203125 0.0203125
0 0.6828125 0.61796875 0.0203125 0.028125
0 0.70390625 0.6140625 0.0203125 0.025
0 0.534375 0.340625 0.0203125 0.0234375
0 0.35859375 0.61171875 0.01875 0.021875
0 0.5375 0.31875 0.0203125 0.0234375
0 0.39921875 0.646875 0.0265625 0.021875
0 0.30234375 0.62421875 0.015625 0.0203125
0 0.53046875 0.38046875 0.0203125 0.0234375
0 0.61171875 0.6421875 0.0265625 0.0234375
0 0.4 0.60625 0.028125 0.021875
0 0.64609375 0.61171875 0.01875 0.025
0 0.32421875 0.62265625 0.01875 0.021875
0 0.48203125 0.34453125 0.021875 0.021875
0 0.7 0.596875 0.01875 0.01875
0 0.5171875 0.30625 0.0234375 0.021875
0 0.3328125 0.64296875 0.01875 0.0203125
0 0.3546875 0.6796875 0.021875 0.0234375
0 0.45546875 0.3953125 0.0203125 0.0234375
0 0.37890625 0.6109375 0.01875 0.0203125
0 0.5328125 0.36171875 0.01875 0.0234375
0 0.665625 0.578125 0.0234375 0.021875
0 0.3 0.59296875 0.0234375 0.01875
0 0.6609375 0.6015625 0.01875 0.025
0 0.48125 0.30546875 0.021875 0.0296875
0 0.378125 0.6453125 0.01875 0.0203125
0 0.2953125 0.66484375 0.025 0.0234375
0 0.30703125 0.6078125 0.01875 0.0203125
0 0.45859375 0.35078125 0.0203125 0.021875
0 0.6484375 0.659375 0.025 0.0390625
0 0.44296875 0.38125 0.0203125 0.0203125
0 0.346875 0.62890625 0.01875 0.021875
0 0.45 0.32890625 0.0328125 0.0234375
0 0.71796875 0.5921875 0.0265625 0.0203125