0 0.64296875 0.584375 0.025 0.0203125
0 0.2890625 0.64609375 0.025 0.0203125
0 0.43828125 0.3421875 0.0265625 0.0203125
0 0.646875 0.56328125 0.025 0.025
0 0.6609375 0.6015625 0.0203125 0.0265625
0 0.6671875 0.56171875 0.0234375 0.025
0 0.6796875 0.58046875 0.025 0.0234375
0 0.72109375 0.6265625 0.0234375 0.0203125
0 0.3265625 0.5953125 0.021875 0.0203125
0 0.29921875 0.5921875 0.0234375 0.0203125
0 0.6796875 0.6078125 0.0203125 0.025
0 0.5515625 0.35546875 0.03125 0.0453125
0 0.6125 0.6421875 0.0265625 0.021875
0 0.4796875 0.32265625 0.028125 0.028125
0 0.45546875 0.39609375 0.0203125 0.021875
0 0.61328125 0.590625 0.03125 0.025
0 0.62734375 0.5703125 0.0203125 0.0234375
0 0.3546875 0.571875 0.0234375 0.025
0 0.28359375 0.62421875 0.021875 0.0203125
0 0.51875 0.31015625 0.028125 0.03125
0 0.70390625 0.61328125 0.021875 0.025
0 0.34453125 0.59296875 0.01875 0.0203125
0 0.30625 0.60546875 0.021875 0.01875
0 0.4390625 0.3640625 0.0265625 0.0203125
0 0.4 0.60625 0.0296875 0.0234375
0 0.64765625 0.66015625 0.0265625 0.040625
0 0.30234375 0.62578125 0.015625 0.0203125
0 0.2875 0.6078125 0.025 0.0171875
0 0.60859375 0.60390625 0.03125 0.0203125
0 0.33359375 0.64375 0.0203125 0.021875
0 0.646875 0.6109375 0.01875 0.0265625
0 0.44296875 0.38046875 0.021875 0.01875
0 0.69765625 0.59609375 0.0234375 0.01875
0 0.51015625 0.38984375 0.0203125 0.0234375
0 0.66015625 0.671875 0.0234375 0.0265625