0 0.290625 0.64609375 0.025 0.0203125
0 0.45546875 0.396875 0.021875 0.0234375
0 0.43828125 0.3421875 0.0265625 0.021875
0 0.646875 0.56328125 0.0234375 0.025
0 0.71953125 0.62734375 0.0234375 0.0203125
0 0.6421875 0.58515625 0.025 0.0203125
0 0.66796875 0.5609375 0.0203125 0.025
0 0.55234375 0.35703125 0.028125 0.0390625
0 0.365625 0.596875 0.0234375 0.0203125
0 0.2890625 0.60859375 0.0296875 0.0203125
0 0.4515625 0.328125 0.0328125 0.025
0 0.35390625 0.571875 0.0234375 0.0265625
0 0.45859375 0.35078125 0.0203125 0.0234375
0 0.34453125 0.59296875 0.0203125 0.0203125
0 0.615625 0.646875 0.03125 0.0296875
0 0.365625 0.62734375 0.0203125 0.021875
0 0.48203125 0.325 0.021875 0.0234375
0 0.68359375 0.621875 0.0203125 0.0234375
0 0.30234375 0.62421875 0.0171875 0.0203125
0 0.5109375 0.39140625 0.0234375 0.025
0 0.48125 0.3046875 0.021875 0.028125
0 0.3265625 0.59765625 0.0234375 0.021875
0 0.28359375 0.62421875 0.0234375 0.0203125
0 0.4421875 0.38046875 0.021875 0.01875
0 0.546875 0.390625 0.021875 0.0265625
0 0.48203125 0.34453125 0.021875 0.0234375
0 0.6625 0.67265625 0.021875 0.0265625
0 0.646875 0.6109375 0.01875 0.0265625
0 0.51875 0.31015625 0.0296875 0.0328125
0 0.66796875 0.58046875 0.025 0.0203125
0 0.534375 0.3609375 0.0203125 0.0296875
0 0.31640625 0.64921875 0.021875 0.0265625
0 0.29921875 0.5921875 0.025 0.0203125
0 0.33359375 0.571875 0.0234375 0.0265625
0 0.53359375 0.34296875 0.021875 0.025
0 0.6484375 0.6515625 0.025 0.0265625
0 0.35859375 0.61171875 0.0203125 0.0203125
0 0.71796875 0.5921875 0.0265625 0.0234375
0 0.4015625 0.60703125 0.0265625 0.021875
0 0.5359375 0.31875 0.0234375 0.028125
0 0.53046875 0.38359375 0.0203125 0.028125
0 0.33359375 0.64453125 0.021875 0.0234375
0 0.37890625 0.61171875 0.021875 0.0203125
0 0.49609375 0.37265625 0.0203125 0.03125
0 0.4390625 0.3640625 0.0265625 0.0203125
0 0.66171875 0.603125 0.0203125 0.028125
0 0.47109375 0.40703125 0.021875 0.0234375
0 0.70390625 0.6140625 0.021875 0.025
0 0.3796875 0.63125 0.0234375 0.0265625
0 0.51328125 0.35234375 0.0203125 0.028125
0 0.36875 0.665625 0.0234375 0.03125
0 0.45859375 0.375 0.0203125 0.0234375
0 0.34609375 0.628125 0.021875 0.0265625
0 0.38984375 0.590625 0.0265625 0.021875
0 0.48125 0.36171875 0.0203125 0.0296875
0 0.6296875 0.578125 0.0234375 0.025
0 0.4 0.646875 0.0234375 0.0203125
0 0.696875 0.596875 0.0234375 0.0203125
0 0.34375 0.6625 0.0203125 0.0203125
0 0.296875 0.66328125 0.0265625 0.025
0 0.68984375 0.56484375 0.0234375 0.0234375
0 0.6140625 0.5859375 0.028125 0.021875
0 0.68125 0.66953125 0.0203125 0.028125
0 0.60859375 0.6046875 0.0296875 0.021875
0 0.66875 0.6359375 0.01875 0.025
0 0.7046875 0.57421875 0.025 0.025
0 0.35390625 0.6796875 0.021875 0.025
0 0.49921875 0.30078125 0.021875 0.0234375
0 0.65 0.62890625 0.021875 0.025
0 0.50078125 0.34140625 0.0234375 0.025
0 0.50234375 0.321875 0.0265625 0.0234375
0 0.32421875 0.621875 0.0203125 0.0234375
0 0.35078125 0.6484375 0.0234375 0.01875
0 0.334375 0.68125 0.0203125 0.0234375
0 0.478125 0.38671875 0.0234375 0.021875
0 0.46171875 0.31328125 0.028125 0.028125
0 0.3375 0.6125 0.0234375 0.0203125
0 0.60703125 0.6234375 0.0265625 0.0234375
0 0.39921875 0.62578125 0.0296875 0.0234375
0 0.72265625 0.6109375 0.0234375 0.021875
0 0.49453125 0.4078125 0.0203125 0.03125
0 0.5328125 0.40078125 0.0203125 0.0234375