0 0.28671875 0.64296875 0.021875 0.021875
0 0.31015625 0.64140625 0.0171875 0.0203125
0 0.43671875 0.34140625 0.0234375 0.0203125
0 0.684375 0.62109375 0.01875 0.021875
0 0.64140625 0.58515625 0.0203125 0.01875
0 0.64453125 0.5640625 0.021875 0.025
0 0.67890625 0.58046875 0.021875 0.021875
0 0.36328125 0.62578125 0.01875 0.0203125
0 0.32265625 0.59296875 0.0171875 0.0203125
0 0.603125 0.603125 0.0234375 0.0203125
0 0.68046875 0.6703125 0.0203125 0.0265625
0 0.45703125 0.3515625 0.0203125 0.021875
0 0.48046875 0.32265625 0.0203125 0.021875
0 0.66796875 0.559375 0.0203125 0.025
0 0.64296875 0.61015625 0.0171875 0.0234375
0 0.53046875 0.359375 0.0203125 0.021875
0 0.69765625 0.59296875 0.01875 0.0203125
0 0.34453125 0.590625 0.0203125 0.021875
0 0.38203125 0.62734375 0.0203125 0.01875
0 0.33203125 0.56953125 0.021875 0.025
0 0.45546875 0.39296875 0.0203125 0.021875
0 0.30078125 0.62421875 0.01875 0.01875
0 0.37265625 0.64453125 0.0171875 0.0203125
0 0.62578125 0.56953125 0.01875 0.021875
0 0.39921875 0.60546875 0.0234375 0.0203125
0 0.478125 0.34296875 0.0203125 0.021875
0 0.509375 0.3890625 0.01875 0.021875
0 0.36171875 0.59453125 0.021875 0.021875
0 0.51640625 0.328125 0.0203125 0.021875
0 0.66015625 0.67109375 0.01875 0.025
0 0.64296875 0.653125 0.021875 0.0265625
0 0.33046875 0.640625 0.0203125 0.021875
0 0.68515625 0.6453125 0.01875 0.0234375
0 0.2890625 0.60546875 0.025 0.0203125
0 0.66015625 0.596875 0.01875 0.021875
0 0.71953125 0.62578125 0.021875 0.0203125
0 0.39921875 0.64296875 0.021875 0.021875
0 0.29609375 0.66328125 0.021875 0.0234375
0 0.60234375 0.62265625 0.0203125 0.01875
0 0.66796875 0.63671875 0.0171875 0.0234375
0 0.46015625 0.31015625 0.021875 0.0234375
0 0.33203125 0.68046875 0.0203125 0.025
0 0.43671875 0.36171875 0.0234375 0.021875
0 0.35546875 0.68046875 0.0203125 0.025
0 0.49296875 0.37421875 0.0171875 0.0234375
0 0.553125 0.36796875 0.025 0.021875
0 0.296875 0.58828125 0.021875 0.01875
0 0.528125 0.403125 0.0203125 0.025
0 0.62578125 0.59921875 0.01875 0.0203125
0 0.62109375 0.65546875 0.021875 0.025
0 0.51171875 0.359375 0.01875 0.0265625
0 0.33828125 0.61015625 0.021875 0.01875
0 0.49765625 0.33671875 0.01875 0.021875
0 0.53359375 0.31640625 0.021875 0.025
0 0.71328125 0.64765625 0.0203125 0.0203125
0 0.32109375 0.66015625 0.021875 0.021875
0 0.37890625 0.67109375 0.0203125 0.025
0 0.47421875 0.38671875 0.021875 0.021875
0 0.49921875 0.30078125 0.01875 0.021875
0 0.49296875 0.40703125 0.03125 0.0421875