0 0.4390625 0.3421875 0.025 0.021875
0 0.45625 0.39609375 0.0203125 0.021875
0 0.64296875 0.584375 0.0234375 0.0203125
0 0.48125 0.31875 0.0234375 0.0328125
0 0.646875 0.56328125 0.0234375 0.0265625
0 0.2890625 0.6453125 0.025 0.0203125
0 0.28828125 0.609375 0.0265625 0.021875
0 0.35390625 0.571875 0.0234375 0.025
0 0.51875 0.30703125 0.0265625 0.025
0 0.4578125 0.35078125 0.0203125 0.0234375
0 0.3671875 0.62734375 0.0203125 0.0203125
0 0.66796875 0.5625 0.021875 0.0265625
0 0.61328125 0.584375 0.0234375 0.0203125
0 0.51015625 0.3890625 0.0203125 0.0234375
0 0.60703125 0.60390625 0.025 0.0203125
0 0.61328125 0.6421875 0.0265625 0.021875
0 0.33359375 0.57109375 0.0234375 0.0265625
0 0.64609375 0.61171875 0.0203125 0.025
0 0.4828125 0.34453125 0.021875 0.021875
0 0.44296875 0.38125 0.021875 0.0203125
0 0.4453125 0.32578125 0.01875 0.021875
0 0.68046875 0.58125 0.0234375 0.0203125
0 0.53046875 0.38046875 0.0203125 0.025
0 0.5015625 0.340625 0.0234375 0.025
0 0.5375 0.31953125 0.0203125 0.0265625
0 0.43984375 0.36328125 0.025 0.0203125
0 0.62734375 0.5703125 0.01875 0.0234375
0 0.54921875 0.3609375 0.0328125 0.0390625
0 0.71875 0.59140625 0.0234375 0.021875
0 0.4 0.60703125 0.0296875 0.0234375
0 0.534375 0.3421875 0.0203125 0.0234375
0 0.68125 0.671875 0.0203125 0.0265625
0 0.70390625 0.61328125 0.0203125 0.025
0 0.6625 0.6 0.01875 0.0234375
0 0.51796875 0.32734375 0.0203125 0.0234375
0 0.4625 0.31015625 0.0265625 0.03125
0 0.334375 0.68125 0.01875 0.025
0 0.6828125 0.62109375 0.0203125 0.025
0 0.6625 0.6734375 0.0234375 0.025
0 0.5328125 0.403125 0.0203125 0.0265625
0 0.32734375 0.59609375 0.021875 0.01875
0 0.3453125 0.5921875 0.0203125 0.0203125
0 0.30625 0.64453125 0.0234375 0.0203125
0 0.6484375 0.653125 0.0234375 0.028125
0 0.7 0.596875 0.0203125 0.01875
0 0.47890625 0.365625 0.0203125 0.021875
0 0.49453125 0.37734375 0.01875 0.0265625
0 0.54765625 0.3890625 0.0203125 0.0234375
0 0.72109375 0.6265625 0.021875 0.0203125
0 0.62734375 0.60078125 0.01875 0.0203125
0 0.346875 0.62578125 0.01875 0.0234375
0 0.359375 0.61171875 0.01875 0.0234375
0 0.45859375 0.37421875 0.01875 0.021875
0 0.6671875 0.63203125 0.01875 0.0265625
0 0.50078125 0.3203125 0.0234375 0.0234375
0 0.37890625 0.6109375 0.0203125 0.0203125
0 0.3171875 0.6765625 0.021875 0.0265625