0 0.2890625 0.6453125 0.025 0.0203125
0 0.43828125 0.34296875 0.0265625 0.021875
0 0.64765625 0.5640625 0.025 0.0265625
0 0.64296875 0.584375 0.025 0.0203125
0 0.7046875 0.61328125 0.021875 0.025
0 0.35390625 0.571875 0.0234375 0.025
0 0.2890625 0.6078125 0.025 0.0203125
0 0.44296875 0.38125 0.021875 0.0203125
0 0.66796875 0.5609375 0.021875 0.025
0 0.30234375 0.62421875 0.0171875 0.0203125
0 0.36484375 0.5984375 0.0234375 0.0203125
0 0.67890625 0.58203125 0.0234375 0.021875
0 0.30859375 0.64375 0.01875 0.0203125
0 0.7203125 0.62734375 0.0234375 0.0203125
0 0.6265625 0.56953125 0.0203125 0.0203125
0 0.66171875 0.6 0.0203125 0.0234375
0 0.33359375 0.64296875 0.0203125 0.021875
0 0.45546875 0.3953125 0.0203125 0.0234375
0 0.32578125 0.59609375 0.021875 0.01875
0 0.48046875 0.34453125 0.0203125 0.021875
0 0.2828125 0.62421875 0.021875 0.0203125
0 0.6125 0.6421875 0.0265625 0.0203125
0 0.39921875 0.646875 0.0265625 0.021875
0 0.4765625 0.31953125 0.03125 0.03125
0 0.646875 0.6109375 0.0171875 0.025
0 0.51015625 0.38984375 0.0234375 0.0234375
0 0.33359375 0.5703125 0.021875 0.025
0 0.51875 0.30859375 0.028125 0.0296875
0 0.61328125 0.5890625 0.0265625 0.021875
0 0.4390625 0.36328125 0.025 0.0203125
0 0.34453125 0.59296875 0.0203125 0.0203125
0 0.4 0.60703125 0.028125 0.0234375
0 0.45859375 0.35078125 0.01875 0.0234375
0 0.29921875 0.59375 0.025 0.0203125
0 0.296875 0.6625 0.0265625 0.0234375
0 0.66796875 0.634375 0.01875 0.0234375
0 0.503125 0.3390625 0.025 0.0234375
0 0.68125 0.67109375 0.0203125 0.0265625
0 0.53203125 0.3671875 0.0203125 0.028125
0 0.3140625 0.609375 0.0234375 0.01875
0 0.38203125 0.628125 0.021875 0.021875
0 0.71875 0.5921875 0.025 0.0203125
0 0.35859375 0.6125 0.01875 0.0234375
0 0.3671875 0.62734375 0.01875 0.0203125
0 0.66171875 0.67265625 0.025 0.0265625
0 0.6078125 0.603125 0.025 0.0203125
0 0.37421875 0.67109375 0.0234375 0.0359375
0 0.534375 0.340625 0.0203125 0.0234375
0 0.64765625 0.653125 0.0234375 0.028125
0 0.325 0.62265625 0.01875 0.0203125
0 0.45078125 0.32890625 0.0328125 0.0234375
0 0.45859375 0.375 0.01875 0.021875
0 0.37890625 0.61171875 0.01875 0.01875
0 0.68359375 0.62265625 0.01875 0.025
0 0.37890625 0.6453125 0.021875 0.0203125
0 0.334375 0.68125 0.0203125 0.025