0 0.64765625 0.56328125 0.0234375 0.0234375
0 0.43828125 0.34296875 0.0265625 0.01875
0 0.4390625 0.36328125 0.0265625 0.0203125
0 0.66796875 0.5609375 0.0203125 0.0234375
0 0.28828125 0.6453125 0.021875 0.0203125
0 0.64375 0.58515625 0.0203125 0.01875
0 0.3546875 0.57109375 0.021875 0.0234375
0 0.45546875 0.3953125 0.0203125 0.021875
0 0.72109375 0.6265625 0.0234375 0.0203125
0 0.2828125 0.62421875 0.0203125 0.0203125
0 0.6796875 0.58125 0.021875 0.0203125
0 0.60703125 0.60390625 0.0203125 0.01875
0 0.7046875 0.6125 0.0203125 0.021875
0 0.478125 0.321875 0.0296875 0.028125
0 0.61328125 0.58828125 0.0265625 0.0203125
0 0.4421875 0.38125 0.021875 0.01875
0 0.334375 0.57109375 0.021875 0.0234375
0 0.62578125 0.56953125 0.0203125 0.0234375
0 0.68046875 0.60390625 0.01875 0.021875
0 0.68359375 0.62265625 0.01875 0.0203125
0 0.6484375 0.61015625 0.0171875 0.0234375
0 0.51015625 0.38828125 0.0203125 0.01875
0 0.6640625 0.58046875 0.021875 0.0203125
0 0.68046875 0.6703125 0.01875 0.025
0 0.4 0.60625 0.025 0.0203125
0 0.296875 0.6640625 0.0265625 0.025
0 0.64921875 0.653125 0.0234375 0.0234375
0 0.70078125 0.59609375 0.01875 0.01875
0 0.51796875 0.30859375 0.028125 0.0296875
0 0.48203125 0.34453125 0.01875 0.021875
0 0.2890625 0.6078125 0.025 0.01875
0 0.7046875 0.5734375 0.025 0.0234375
0 0.66171875 0.6 0.01875 0.0234375
0 0.33515625 0.68125 0.0203125 0.025
0 0.30859375 0.64296875 0.01875 0.01875
0 0.6125 0.64296875 0.025 0.021875
0 0.6625 0.67265625 0.0203125 0.0234375
0 0.71875 0.59296875 0.0234375 0.0203125
0 0.621875 0.6578125 0.025 0.0265625
0 0.34453125 0.59296875 0.0171875 0.0203125
0 0.6890625 0.56328125 0.0203125 0.0203125
0 0.32734375 0.59609375 0.01875 0.0203125
0 0.625 0.60078125 0.01875 0.021875
0 0.53515625 0.33984375 0.01875 0.0234375
0 0.66796875 0.6328125 0.0171875 0.021875
0 0.66640625 0.61875 0.0171875 0.021875
0 0.45859375 0.35 0.0203125 0.021875
0 0.53671875 0.31875 0.0203125 0.0234375
0 0.3890625 0.590625 0.028125 0.0203125
0 0.45859375 0.37421875 0.0171875 0.021875
0 0.33359375 0.64375 0.0171875 0.0203125
0 0.553125 0.37109375 0.0265625 0.021875
0 0.29765625 0.590625 0.0203125 0.0171875
0 0.54765625 0.3890625 0.0203125 0.0234375