0 0.28828125 0.6453125 0.0234375 0.0203125
0 0.64765625 0.5625 0.0203125 0.0234375
0 0.4390625 0.36328125 0.025 0.0203125
0 0.4390625 0.34296875 0.0265625 0.0203125
0 0.45625 0.39609375 0.0203125 0.0234375
0 0.3546875 0.571875 0.0234375 0.025
0 0.30859375 0.64375 0.01875 0.01875
0 0.66796875 0.5609375 0.0203125 0.025
0 0.64453125 0.58515625 0.0203125 0.0203125
0 0.40078125 0.60703125 0.0265625 0.021875
0 0.3328125 0.64296875 0.0203125 0.0203125
0 0.60625 0.60390625 0.021875 0.0203125
0 0.62578125 0.5703125 0.0203125 0.021875
0 0.68359375 0.62109375 0.01875 0.0234375
0 0.32578125 0.5953125 0.0203125 0.0203125
0 0.34453125 0.59140625 0.01875 0.0203125
0 0.33359375 0.57109375 0.0234375 0.0234375
0 0.4 0.64609375 0.0234375 0.0203125
0 0.47890625 0.3203125 0.028125 0.03125
0 0.29765625 0.590625 0.021875 0.01875
0 0.6484375 0.6546875 0.0234375 0.0265625
0 0.68125 0.58203125 0.0203125 0.021875
0 0.36640625 0.59609375 0.0234375 0.01875
0 0.36796875 0.62734375 0.0203125 0.0203125
0 0.4421875 0.38203125 0.0203125 0.01875
0 0.296875 0.66328125 0.0234375 0.0234375
0 0.72109375 0.6265625 0.021875 0.0203125
0 0.646875 0.6109375 0.01875 0.025
0 0.30234375 0.62421875 0.0171875 0.0203125
0 0.35859375 0.6109375 0.01875 0.0203125
0 0.390625 0.590625 0.0265625 0.0203125
0 0.378125 0.6109375 0.01875 0.0203125
0 0.28828125 0.60703125 0.025 0.0203125
0 0.28203125 0.62421875 0.01875 0.01875
0 0.33515625 0.68125 0.0203125 0.025
0 0.68203125 0.67109375 0.0203125 0.025
0 0.3546875 0.6796875 0.01875 0.021875
0 0.70390625 0.6125 0.0203125 0.021875
0 0.7171875 0.5921875 0.0265625 0.021875
0 0.3140625 0.609375 0.0203125 0.01875
0 0.36796875 0.6625 0.0203125 0.0203125
0 0.53359375 0.40234375 0.0203125 0.025
0 0.6125 0.58515625 0.0234375 0.0203125
0 0.48125 0.34453125 0.0203125 0.021875
0 0.51875 0.30703125 0.028125 0.0234375
0 0.459375 0.35078125 0.01875 0.021875
0 0.68046875 0.60625 0.01875 0.021875
0 0.4796875 0.365625 0.0203125 0.0203125
0 0.5484375 0.38984375 0.01875 0.0234375
0 0.4703125 0.40625 0.0203125 0.021875
0 0.38046875 0.6296875 0.0203125 0.021875
0 0.68828125 0.56484375 0.0203125 0.0234375
0 0.66171875 0.6734375 0.021875 0.0234375
0 0.346875 0.62734375 0.01875 0.01875
0 0.51015625 0.3890625 0.0203125 0.021875
0 0.5296875 0.38046875 0.0203125 0.021875
0 0.31640625 0.675 0.021875 0.025
0 0.53515625 0.31953125 0.025 0.0265625
0 0.32421875 0.6234375 0.01875 0.0203125
0 0.37734375 0.6453125 0.01875 0.01875
0 0.66171875 0.6 0.01875 0.0203125
0 0.7 0.59609375 0.01875 0.01875
0 0.65234375 0.62890625 0.0203125 0.021875
0 0.35 0.646875 0.021875 0.01875
0 0.684375 0.646875 0.021875 0.025
0 0.45859375 0.3734375 0.0171875 0.021875
0 0.66875 0.63125 0.015625 0.025
0 0.534375 0.36171875 0.01875 0.0234375
0 0.6234375 0.61875 0.01875 0.0234375
0 0.6125 0.64140625 0.0234375 0.0203125
0 0.62109375 0.6578125 0.0234375 0.025
0 0.49921875 0.3 0.021875 0.0203125
0 0.6265625 0.6 0.01875 0.0203125
0 0.34375 0.6625 0.01875 0.01875
0 0.7046875 0.5734375 0.0234375 0.0234375