0 0.28984375 0.6453125 0.0234375 0.0203125
0 0.4390625 0.3421875 0.0265625 0.0203125
0 0.64140625 0.584375 0.0265625 0.0203125
0 0.646875 0.5625 0.0234375 0.025
0 0.646875 0.6109375 0.0203125 0.0265625
0 0.6671875 0.56171875 0.021875 0.0234375
0 0.45546875 0.3953125 0.021875 0.021875
0 0.7203125 0.62734375 0.021875 0.0203125
0 0.35234375 0.57265625 0.0265625 0.028125
0 0.628125 0.56953125 0.0203125 0.021875
0 0.5109375 0.39140625 0.021875 0.0265625
0 0.5296875 0.38359375 0.021875 0.0265625
0 0.2890625 0.60859375 0.0265625 0.0203125
0 0.30703125 0.64453125 0.021875 0.0203125
0 0.4796875 0.31875 0.0265625 0.034375
0 0.29921875 0.590625 0.025 0.01875
0 0.534375 0.33984375 0.0203125 0.0234375
0 0.30703125 0.6078125 0.021875 0.0203125
0 0.3640625 0.67109375 0.040625 0.04375
0 0.30234375 0.62421875 0.0171875 0.0203125
0 0.6140625 0.58671875 0.025 0.0234375
0 0.51875 0.3125 0.028125 0.0359375
0 0.6828125 0.61953125 0.0203125 0.028125
0 0.36640625 0.6 0.025 0.0234375
0 0.50078125 0.340625 0.0234375 0.0234375
0 0.28359375 0.62578125 0.021875 0.0203125
0 0.66015625 0.671875 0.025 0.028125
0 0.3234375 0.59609375 0.015625 0.015625
0 0.55 0.3609375 0.0296875 0.0390625
0 0.6671875 0.63359375 0.01875 0.025
0 0.4390625 0.36328125 0.025 0.021875
0 0.49921875 0.29921875 0.021875 0.021875