0 0.646875 0.5640625 0.0234375 0.0265625
0 0.43828125 0.34296875 0.0265625 0.01875
0 0.28828125 0.6453125 0.0234375 0.0203125
0 0.66796875 0.56171875 0.021875 0.025
0 0.45625 0.3953125 0.0203125 0.021875
0 0.6484375 0.6609375 0.0296875 0.0421875
0 0.4390625 0.3640625 0.0265625 0.0203125
0 0.6265625 0.56875 0.01875 0.021875
0 0.47890625 0.31875 0.028125 0.034375
0 0.60546875 0.60390625 0.025 0.0203125
0 0.2890625 0.60859375 0.0296875 0.0203125
0 0.703125 0.61328125 0.021875 0.025
0 0.54765625 0.38984375 0.0203125 0.025
0 0.51015625 0.3890625 0.0203125 0.0203125
0 0.6796875 0.58203125 0.0234375 0.021875
0 0.7203125 0.62578125 0.025 0.0234375
0 0.48203125 0.34453125 0.021875 0.0234375
0 0.7046875 0.57421875 0.0265625 0.028125
0 0.6984375 0.59609375 0.025 0.01875
0 0.64609375 0.6109375 0.01875 0.025
0 0.51875 0.31171875 0.0296875 0.0375
0 0.53046875 0.3796875 0.0203125 0.0234375
0 0.45859375 0.35078125 0.01875 0.0234375
0 0.61328125 0.6421875 0.0265625 0.0203125
0 0.66015625 0.6015625 0.01875 0.0265625
0 0.68125 0.67109375 0.021875 0.0265625
0 0.353125 0.571875 0.025 0.0265625
0 0.32578125 0.5953125 0.0203125 0.0203125
0 0.6140625 0.58515625 0.0234375 0.01875
0 0.334375 0.68125 0.021875 0.025
0 0.5328125 0.34140625 0.0203125 0.0234375
0 0.44296875 0.38125 0.0203125 0.0171875
0 0.5515625 0.3578125 0.03125 0.0390625
0 0.34453125 0.59296875 0.01875 0.0203125
0 0.33359375 0.57109375 0.021875 0.0234375
0 0.68203125 0.61875 0.0203125 0.0265625
0 0.6859375 0.5640625 0.0203125 0.0234375
0 0.65703125 0.628125 0.021875 0.0234375
0 0.4578125 0.375 0.0171875 0.021875
0 0.49921875 0.29921875 0.021875 0.021875
0 0.48046875 0.3671875 0.0203125 0.0234375
0 0.33203125 0.64453125 0.0203125 0.021875
0 0.62421875 0.61953125 0.01875 0.021875
0 0.625 0.6 0.0203125 0.0203125
0 0.60625 0.6234375 0.0234375 0.0203125
0 0.71796875 0.5921875 0.0234375 0.0203125
0 0.284375 0.62421875 0.021875 0.01875
0 0.53203125 0.40234375 0.01875 0.0265625
0 0.303125 0.62421875 0.0171875 0.0203125
0 0.3984375 0.60703125 0.03125 0.0203125
0 0.3578125 0.6125 0.01875 0.0234375
0 0.64453125 0.5890625 0.01875 0.021875
0 0.39921875 0.6453125 0.0234375 0.01875
0 0.36640625 0.59453125 0.021875 0.01875
0 0.4515625 0.32890625 0.034375 0.021875
0 0.325 0.62265625 0.0203125 0.0203125
0 0.621875 0.65703125 0.0203125 0.0203125
0 0.39453125 0.62421875 0.0296875 0.0203125
0 0.2984375 0.59296875 0.0265625 0.01875
0 0.3140625 0.67265625 0.028125 0.0296875
0 0.31171875 0.64609375 0.025 0.0203125
0 0.3703125 0.6671875 0.021875 0.03125