0 0.45625 0.3953125 0.021875 0.0234375
0 0.28984375 0.64609375 0.0234375 0.021875
0 0.64375 0.584375 0.0234375 0.0203125
0 0.646875 0.5640625 0.025 0.0265625
0 0.66796875 0.56171875 0.021875 0.0265625
0 0.45859375 0.35 0.021875 0.0234375
0 0.3015625 0.62421875 0.01875 0.0203125
0 0.3453125 0.5921875 0.0203125 0.0234375
0 0.35390625 0.5734375 0.025 0.028125
0 0.4390625 0.3421875 0.025 0.021875
0 0.33359375 0.571875 0.0234375 0.0265625
0 0.60703125 0.603125 0.0296875 0.0234375
0 0.48125 0.3453125 0.0203125 0.0234375
0 0.70390625 0.615625 0.021875 0.028125
0 0.28984375 0.6078125 0.028125 0.021875
0 0.4390625 0.3640625 0.0265625 0.021875
0 0.646875 0.659375 0.0234375 0.0359375
0 0.66171875 0.603125 0.0203125 0.0296875
0 0.3671875 0.66640625 0.0234375 0.03125
0 0.72109375 0.62734375 0.0234375 0.021875
0 0.30625 0.64765625 0.021875 0.025
0 0.55234375 0.35859375 0.028125 0.0421875
0 0.64609375 0.61171875 0.0203125 0.0265625
0 0.365625 0.59609375 0.0234375 0.0203125
0 0.32734375 0.596875 0.021875 0.0203125
0 0.48046875 0.31953125 0.025 0.034375
0 0.36875 0.62734375 0.021875 0.0234375
0 0.6796875 0.58125 0.025 0.0234375
0 0.68125 0.66953125 0.021875 0.028125
0 0.7171875 0.5921875 0.0265625 0.0234375
0 0.6828125 0.6203125 0.0203125 0.028125
0 0.33359375 0.64375 0.0234375 0.0234375
0 0.28359375 0.62421875 0.0234375 0.0203125
0 0.696875 0.59609375 0.025 0.0203125
0 0.4421875 0.38046875 0.021875 0.0203125
0 0.66796875 0.63359375 0.01875 0.028125
0 0.53359375 0.36171875 0.0203125 0.0296875
0 0.5109375 0.390625 0.0203125 0.025
0 0.3578125 0.615625 0.021875 0.03125
0 0.3796875 0.61171875 0.021875 0.0203125
0 0.31484375 0.6125 0.0203125 0.0234375
0 0.31796875 0.67265625 0.0234375 0.03125
0 0.61328125 0.64375 0.0265625 0.0265625
0 0.45859375 0.37421875 0.0203125 0.0234375
0 0.60703125 0.62421875 0.028125 0.0203125
0 0.33515625 0.68203125 0.021875 0.0265625
0 0.4 0.646875 0.0234375 0.0203125
0 0.35 0.64375 0.021875 0.0234375
0 0.53515625 0.34140625 0.021875 0.0265625
0 0.6265625 0.571875 0.0234375 0.0265625
0 0.37734375 0.64609375 0.0203125 0.0203125
0 0.40078125 0.60703125 0.028125 0.025
0 0.4703125 0.40625 0.021875 0.0234375
0 0.53125 0.38203125 0.0203125 0.028125
0 0.3546875 0.6796875 0.021875 0.0265625
0 0.49375 0.40859375 0.0203125 0.0296875
0 0.2984375 0.59375 0.025 0.021875
0 0.70546875 0.57578125 0.0265625 0.028125
0 0.390625 0.590625 0.0296875 0.0234375
0 0.49453125 0.3796875 0.0203125 0.0296875
0 0.61484375 0.5859375 0.028125 0.021875
0 0.29765625 0.6625 0.025 0.028125
0 0.32734375 0.625 0.021875 0.028125
0 0.65 0.62890625 0.0234375 0.0265625
0 0.50078125 0.340625 0.0265625 0.0265625
0 0.453125 0.3265625 0.034375 0.028125
0 0.628125 0.60859375 0.0203125 0.034375
0 0.5328125 0.4015625 0.01875 0.0296875
0 0.34453125 0.6640625 0.021875 0.0265625
0 0.66171875 0.6734375 0.0203125 0.0265625
0 0.515625 0.31171875 0.034375 0.0359375
0 0.53515625 0.31953125 0.0265625 0.0296875
0 0.47890625 0.3671875 0.0203125 0.025
0 0.40390625 0.6234375 0.0234375 0.0203125
0 0.68203125 0.596875 0.025 0.0265625
0 0.546875 0.3890625 0.021875 0.025
0 0.63203125 0.6359375 0.0234375 0.025
0 0.5125 0.35390625 0.0203125 0.0296875
0 0.659375 0.58046875 0.0265625 0.021875
0 0.33828125 0.61328125 0.0234375 0.021875
0 0.38203125 0.67109375 0.0234375 0.03125
0 0.7234375 0.61171875 0.0203125 0.0234375
0 0.315625 0.578125 0.0234375 0.0265625
0 0.47734375 0.3890625 0.0234375 0.028125
0 0.496875 0.3609375 0.021875 0.0296875
0 0.49765625 0.321875 0.0265625 0.0265625
0 0.69453125 0.65625 0.03125 0.0390625
0 0.6890625 0.5671875 0.0234375 0.028125
0 0.32734375 0.65859375 0.0234375 0.0265625