0 0.2890625 0.6453125 0.025 0.0203125
0 0.64765625 0.56328125 0.021875 0.0265625
0 0.45546875 0.39609375 0.0203125 0.0234375
0 0.35390625 0.571875 0.0234375 0.0265625
0 0.66796875 0.56171875 0.0203125 0.0265625
0 0.43828125 0.3421875 0.025 0.021875
0 0.60703125 0.60390625 0.025 0.0203125
0 0.2890625 0.6078125 0.0265625 0.0203125
0 0.64453125 0.58515625 0.0203125 0.0203125
0 0.4390625 0.36328125 0.025 0.021875
0 0.30234375 0.62421875 0.0171875 0.0203125
0 0.3078125 0.64453125 0.01875 0.0203125
0 0.45859375 0.35 0.0203125 0.0234375
0 0.62578125 0.57109375 0.0203125 0.0234375
0 0.51015625 0.38984375 0.0203125 0.0234375
0 0.64609375 0.659375 0.0234375 0.0359375
0 0.646875 0.6109375 0.01875 0.025
0 0.34453125 0.5921875 0.01875 0.0203125
0 0.72109375 0.6265625 0.0234375 0.0203125
0 0.5296875 0.3796875 0.0203125 0.0234375
0 0.334375 0.57109375 0.0234375 0.0265625
0 0.48203125 0.34453125 0.0203125 0.021875
0 0.2828125 0.62421875 0.0203125 0.0203125
0 0.68125 0.58125 0.021875 0.0203125
0 0.4421875 0.38125 0.021875 0.0203125
0 0.32734375 0.59609375 0.0203125 0.0203125
0 0.6125 0.64296875 0.025 0.0234375
0 0.48203125 0.32421875 0.0203125 0.025
0 0.7 0.596875 0.0203125 0.01875
0 0.70390625 0.615625 0.021875 0.028125
0 0.33359375 0.64375 0.021875 0.021875
0 0.628125 0.64765625 0.0203125 0.0328125
0 0.365625 0.59609375 0.0234375 0.0203125
0 0.2984375 0.59140625 0.0234375 0.0203125
0 0.534375 0.359375 0.0203125 0.025
0 0.5359375 0.31953125 0.0234375 0.028125
0 0.45859375 0.37421875 0.01875 0.0234375
0 0.66171875 0.6734375 0.0203125 0.025
0 0.6828125 0.61953125 0.0203125 0.0265625
0 0.35859375 0.61171875 0.0203125 0.0203125
0 0.53359375 0.4015625 0.0203125 0.0234375
0 0.33515625 0.68203125 0.0203125 0.0265625
0 0.4703125 0.40625 0.0203125 0.0234375
0 0.365625 0.6265625 0.01875 0.021875
0 0.7046875 0.57421875 0.025 0.0265625
0 0.36796875 0.6640625 0.0234375 0.028125
0 0.48125 0.3046875 0.021875 0.0296875
0 0.665625 0.578125 0.0234375 0.021875
0 0.61328125 0.58828125 0.025 0.0203125
0 0.3078125 0.60546875 0.0203125 0.021875
0 0.4 0.64609375 0.025 0.0203125
0 0.68125 0.6703125 0.0203125 0.0265625
0 0.40078125 0.6078125 0.028125 0.0234375
0 0.66171875 0.60078125 0.01875 0.025
0 0.325 0.62265625 0.0203125 0.021875
0 0.47890625 0.365625 0.0203125 0.021875
0 0.71796875 0.5921875 0.0265625 0.021875
0 0.6703125 0.63984375 0.0203125 0.0265625
0 0.38359375 0.6265625 0.021875 0.0234375
0 0.65234375 0.62734375 0.021875 0.025
0 0.29765625 0.66328125 0.0265625 0.025
0 0.3171875 0.67421875 0.0234375 0.028125
0 0.35078125 0.64453125 0.021875 0.0203125
0 0.3546875 0.68046875 0.0234375 0.0265625
0 0.62578125 0.59921875 0.0171875 0.0203125
0 0.515625 0.31171875 0.0328125 0.034375
0 0.453125 0.3296875 0.03125 0.021875
0 0.34609375 0.625 0.0203125 0.021875
0 0.534375 0.34296875 0.0203125 0.0234375
0 0.390625 0.59140625 0.028125 0.0234375
0 0.54765625 0.3890625 0.0203125 0.025
0 0.68125 0.596875 0.0203125 0.0234375
0 0.6234375 0.61875 0.0203125 0.0234375
0 0.50078125 0.3390625 0.0234375 0.0234375
0 0.55078125 0.36328125 0.028125 0.034375
0 0.60625 0.6234375 0.021875 0.0203125
0 0.4640625 0.31328125 0.0296875 0.03125
0 0.37890625 0.61171875 0.0203125 0.0203125
0 0.49609375 0.3734375 0.01875 0.0296875
0 0.49921875 0.32109375 0.021875 0.0234375
0 0.68359375 0.64921875 0.0234375 0.028125
0 0.5 0.303125 0.025 0.0265625