0 0.43828125 0.34296875 0.0265625 0.0203125
0 0.353125 0.571875 0.0234375 0.0265625
0 0.2890625 0.64609375 0.025 0.021875
0 0.64765625 0.56328125 0.0234375 0.025
0 0.64453125 0.584375 0.021875 0.01875
0 0.45546875 0.3953125 0.021875 0.021875
0 0.7046875 0.61640625 0.025 0.03125
0 0.32734375 0.5953125 0.0203125 0.0203125
0 0.61328125 0.58515625 0.0234375 0.0203125
0 0.4390625 0.36328125 0.0265625 0.0203125
0 0.6265625 0.56953125 0.01875 0.0203125
0 0.365625 0.596875 0.0234375 0.01875
0 0.66796875 0.5625 0.0203125 0.025
0 0.47578125 0.315625 0.0359375 0.040625
0 0.55234375 0.3578125 0.03125 0.040625
0 0.7046875 0.575 0.0234375 0.028125
0 0.51015625 0.3890625 0.0203125 0.0203125
0 0.646875 0.6109375 0.0171875 0.025
0 0.51875 0.31015625 0.028125 0.03125
0 0.30703125 0.6453125 0.0234375 0.0203125
0 0.3890625 0.58984375 0.0265625 0.0234375
0 0.53046875 0.38046875 0.0203125 0.0234375
0 0.60625 0.60390625 0.0234375 0.0203125
0 0.61328125 0.6421875 0.0265625 0.0203125
0 0.54765625 0.38984375 0.0203125 0.0265625
0 0.4828125 0.34453125 0.021875 0.021875
0 0.71875 0.5921875 0.025 0.0234375
0 0.4421875 0.38125 0.021875 0.01875
0 0.3328125 0.64375 0.0203125 0.021875
0 0.334375 0.68125 0.0234375 0.0234375
0 0.71796875 0.625 0.028125 0.025
0 0.33359375 0.5703125 0.0203125 0.0234375
0 0.40078125 0.64609375 0.025 0.0203125
0 0.534375 0.3578125 0.0203125 0.03125
0 0.6796875 0.58125 0.0234375 0.0203125
0 0.7 0.59609375 0.021875 0.01875
0 0.35859375 0.6109375 0.0203125 0.0203125
0 0.5515625 0.3328125 0.028125 0.021875
0 0.28828125 0.6078125 0.0234375 0.0203125
0 0.6890625 0.56484375 0.021875 0.0234375
0 0.4 0.60625 0.028125 0.021875
0 0.5171875 0.32734375 0.0234375 0.021875
0 0.3453125 0.59296875 0.0171875 0.0203125
0 0.51328125 0.35 0.021875 0.0234375