0 0.63125 0.14140625 0.04375 0.0453125
0 0.1421875 0.7234375 0.040625 0.034375
0 0.6546875 0.88828125 0.040625 0.0453125
0 0.3265625 0.89375 0.0453125 0.046875
0 0.4484375 0.07578125 0.0390625 0.0421875
0 0.46953125 0.928125 0.040625 0.0453125
0 0.840625 0.61484375 0.0484375 0.040625
0 0.5984375 0.1296875 0.0421875 0.04375
0 0.43671875 0.88203125 0.0390625 0.046875
0 0.15625 0.66953125 0.040625 0.0359375
0 0.1734375 0.70390625 0.04375 0.0359375
0 0.8421875 0.26796875 0.0421875 0.0453125
0 0.828125 0.653125 0.046875 0.0390625
0 0.3671875 0.8625 0.0390625 0.0453125
0 0.546875 0.88125 0.040625 0.04375
0 0.1203125 0.45546875 0.0421875 0.040625
0 0.5203125 0.07578125 0.0390625 0.0421875
0 0.85703125 0.54140625 0.046875 0.0421875
0 0.85 0.5765625 0.0484375 0.040625
0 0.4859375 0.07421875 0.0390625 0.040625
0 0.2640625 0.85625 0.040625 0.0453125
0 0.19140625 0.73359375 0.0375 0.0390625
0 0.16640625 0.3125 0.04375 0.0359375
0 0.89453125 0.56484375 0.0453125 0.040625
0 0.88671875 0.3734375 0.0453125 0.0390625
0 0.23359375 0.8359375 0.040625 0.040625
0 0.1 0.621875 0.0453125 0.0359375
0 0.09375 0.40078125 0.04375 0.0359375
0 0.103125 0.365625 0.0453125 0.0375
0 0.5078125 0.92734375 0.040625 0.0453125
0 0.71953125 0.85 0.0421875 0.046875
0 0.89921875 0.44921875 0.046875 0.0421875
0 0.61796875 0.9015625 0.0375 0.0453125
0 0.08046875 0.4734375 0.0421875 0.0359375
0 0.18203125 0.784375 0.0421875 0.0390625
0 0.9 0.4890625 0.0453125 0.040625
0 0.39765625 0.9140625 0.0390625 0.0453125
0 0.78984375 0.2015625 0.0453125 0.040625
0 0.696875 0.1296875 0.04375 0.0453125
0 0.5578125 0.0796875 0.040625 0.0453125
0 0.803125 0.28203125 0.04375 0.040625
0 0.5796875 0.9125 0.0390625 0.0453125
0 0.14453125 0.63828125 0.040625 0.0390625
0 0.12265625 0.6953125 0.0453125 0.0390625
0 0.34296875 0.10703125 0.0390625 0.04375
0 0.85859375 0.50234375 0.0484375 0.040625
0 0.58046875 0.86796875 0.040625 0.046875
0 0.2703125 0.81484375 0.04375 0.0453125
0 0.8984375 0.52578125 0.046875 0.0390625
0 0.8765625 0.33671875 0.0453125 0.0421875
0 0.29453125 0.878125 0.0421875 0.04375
0 0.47109375 0.884375 0.040625 0.0453125
0 0.4546875 0.11796875 0.0375 0.0421875
0 0.859375 0.3 0.0453125 0.0390625
0 0.7609375 0.1734375 0.04375 0.040625
0 0.0796875 0.51171875 0.0421875 0.0375
0 0.08125 0.5515625 0.0453125 0.0390625
0 0.31875 0.1625 0.0390625 0.0421875
0 0.11796875 0.49453125 0.0421875 0.040625
0 0.4125 0.0828125 0.0359375 0.0453125
0 0.49296875 0.11640625 0.0375 0.0421875
0 0.825 0.7421875 0.04375 0.0390625
0 0.86328125 0.67578125 0.0453125 0.0390625
0 0.12578125 0.41796875 0.040625 0.040625
0 0.88671875 0.6046875 0.05 0.0421875
0 0.21640625 0.7640625 0.040625 0.0390625
0 0.72734375 0.196875 0.04375 0.0390625
0 0.8328125 0.346875 0.0484375 0.0390625
0 0.20859375 0.8109375 0.040625 0.040625
0 0.38125 0.09375 0.0390625 0.04375
0 0.2640625 0.203125 0.0453125 0.0421875
0 0.89453125 0.4109375 0.04375 0.0453125
0 0.42109375 0.12421875 0.0390625 0.0421875
0 0.87734375 0.63984375 0.0484375 0.040625
0 0.39921875 0.875 0.0359375 0.0421875
0 0.6171875 0.85625 0.040625 0.0453125
0 0.5265625 0.1171875 0.0390625 0.0390625
0 0.70078125 0.17578125 0.0421875 0.04375
0 0.28125 0.1390625 0.04375 0.0453125
0 0.7296875 0.15078125 0.0421875 0.0453125
0 0.2390625 0.7890625 0.0421875 0.0421875
0 0.8453125 0.7125 0.0453125 0.0390625
0 0.1140625 0.33359375 0.0453125 0.040625
0 0.33203125 0.85078125 0.0421875 0.0421875
0 0.7703125 0.7515625 0.0453125 0.04375
0 0.16171875 0.7578125 0.04375 0.0375
0 0.1171875 0.53203125 0.0421875 0.0359375
0 0.5953125 0.08671875 0.04375 0.0453125
0 0.81953125 0.3140625 0.0453125 0.040625
0 0.15078125 0.3484375 0.040625 0.0375
0 0.50859375 0.88515625 0.0390625 0.0453125
0 0.090625 0.58515625 0.04375 0.0375
0 0.6546875 0.84296875 0.0421875 0.0453125
0 0.1296875 0.296875 0.04375 0.0375
0 0.3640625 0.90625 0.040625 0.046875
0 0.2875 0.18125 0.0390625 0.04375
0 0.5625 0.121875 0.0375 0.04375
0 0.75625 0.2234375 0.0421875 0.0375
0 0.0828125 0.43984375 0.04375 0.040625
0 0.13984375 0.384375 0.0375 0.0390625
0 0.853125 0.4265625 0.0484375 0.0421875
0 0.7796875 0.24921875 0.046875 0.040625
0 0.171875 0.2375 0.0421875 0.0375
0 0.12265625 0.5640625 0.0453125 0.0359375
0 0.6828125 0.825 0.040625 0.04375
0 0.71484375 0.80390625 0.0421875 0.0421875
0 0.13203125 0.60078125 0.0453125 0.0375
0 0.80625 0.775 0.04375 0.0390625
0 0.43515625 0.92421875 0.040625 0.04375
0 0.790625 0.71875 0.0484375 0.040625
0 0.35 0.1484375 0.0390625 0.04375
0 0.84375 0.384375 0.0453125 0.0421875
0 0.5453125 0.92265625 0.0359375 0.0421875
0 0.15078125 0.26796875 0.04375 0.0359375
0 0.81171875 0.68515625 0.0453125 0.0375
0 0.20859375 0.253125 0.04375 0.04375
0 0.7421875 0.77734375 0.0453125 0.04375
0 0.11015625 0.65703125 0.04375 0.0359375
0 0.75078125 0.8296875 0.0421875 0.0421875
0 0.85703125 0.46015625 0.04375 0.0421875
0 0.66484375 0.159375 0.0390625 0.04375
0 0.77734375 0.8046875 0.0453125 0.0421875
0 0.384375 0.1328125 0.0390625 0.0421875
0 0.23125 0.22734375 0.0421875 0.0390625
0 0.68359375 0.86875 0.040625 0.0453125
0 0.31015625 0.12109375 0.0390625 0.0390625
0 0.19453125 0.2125 0.0421875 0.0390625
0 0.82109375 0.2359375 0.0421875 0.04375
0 0.2984375 0.83359375 0.040625 0.0453125
0 0.253125 0.16171875 0.040625 0.040625
0 0.6609375 0.1140625 0.040625 0.04375
0 0.6265625 0.10078125 0.040625 0.04375
0 0.36953125 0.58515625 0.034375 0.028125
0 0.45 0.353125 0.0453125 0.03125
0 0.4953125 0.34921875 0.0421875 0.028125
0 0.18359375 0.28203125 0.0421875 0.0375
0 0.22265625 0.1859375 0.0421875 0.0390625
0 0.44453125 0.38203125 0.028125 0.0203125
0 0.5984375 0.41796875 0.040625 0.0328125
0 0.50546875 0.4328125 0.0359375 0.0234375
0 0.34921875 0.55390625 0.034375 0.0359375
0 0.55625 0.44765625 0.034375 0.028125
0 0.4015625 0.5421875 0.0265625 0.01875
0 0.57265625 0.4328125 0.0265625 0.028125
0 0.4859375 0.403125 0.0390625 0.028125
0 0.33984375 0.51171875 0.0296875 0.04375
0 0.54609375 0.5015625 0.040625 0.034375
0 0.34296875 0.46796875 0.03125 0.0421875
0 0.39609375 0.61328125 0.0375 0.0328125