0 0.828125 0.653125 0.0484375 0.0390625
0 0.63046875 0.14140625 0.04375 0.04375
0 0.84140625 0.61484375 0.05 0.040625
0 0.1421875 0.72421875 0.040625 0.034375
0 0.546875 0.88046875 0.0421875 0.0453125
0 0.44921875 0.07578125 0.0390625 0.0421875
0 0.09375 0.4015625 0.04375 0.0359375
0 0.32734375 0.89453125 0.04375 0.046875
0 0.8953125 0.565625 0.046875 0.04375
0 0.43671875 0.88203125 0.040625 0.046875
0 0.5203125 0.07578125 0.040625 0.0421875
0 0.85703125 0.5421875 0.0484375 0.04375
0 0.8421875 0.26796875 0.04375 0.0453125
0 0.61796875 0.90234375 0.0390625 0.0453125
0 0.46953125 0.92734375 0.040625 0.0453125
0 0.4546875 0.1171875 0.0375 0.0421875
0 0.36640625 0.86328125 0.040625 0.0453125
0 0.78984375 0.20546875 0.0421875 0.040625
0 0.65390625 0.88828125 0.040625 0.0453125
0 0.5578125 0.0796875 0.0421875 0.0453125
0 0.165625 0.3125 0.0421875 0.0359375
0 0.10234375 0.365625 0.0453125 0.0375
0 0.5078125 0.928125 0.040625 0.04375
0 0.15703125 0.66875 0.040625 0.0359375
0 0.39765625 0.91484375 0.0390625 0.0453125
0 0.6 0.12890625 0.0421875 0.04375
0 0.14453125 0.6375 0.0421875 0.0390625
0 0.2640625 0.85625 0.040625 0.0453125
0 0.08125 0.4734375 0.0421875 0.0375
0 0.19140625 0.73359375 0.0375 0.0390625
0 0.1734375 0.70390625 0.04375 0.0390625
0 0.85 0.5765625 0.046875 0.040625
0 0.48671875 0.075 0.0390625 0.040625
0 0.234375 0.8359375 0.0421875 0.040625
0 0.69765625 0.1296875 0.04375 0.0453125
0 0.9015625 0.4890625 0.0453125 0.040625
0 0.38046875 0.09375 0.0375 0.04375
0 0.4203125 0.1234375 0.0375 0.040625
0 0.71875 0.85 0.0421875 0.046875
0 0.76171875 0.17578125 0.0453125 0.0421875
0 0.31796875 0.16171875 0.0390625 0.0421875
0 0.88671875 0.37265625 0.0453125 0.0375
0 0.58125 0.871875 0.0390625 0.0484375
0 0.89453125 0.4109375 0.0453125 0.0453125
0 0.171875 0.2375 0.04375 0.0390625
0 0.11796875 0.49375 0.04375 0.040625
0 0.1234375 0.6953125 0.0453125 0.0375
0 0.16171875 0.7578125 0.0421875 0.0375
0 0.89921875 0.528125 0.0453125 0.0390625
0 0.7703125 0.75234375 0.0453125 0.04375
0 0.85859375 0.50234375 0.0484375 0.0421875
0 0.34296875 0.10703125 0.0390625 0.04375
0 0.12109375 0.45546875 0.0421875 0.040625
0 0.1828125 0.784375 0.0421875 0.0390625
0 0.15078125 0.3484375 0.0421875 0.0375
0 0.89921875 0.44921875 0.0453125 0.0421875
0 0.859375 0.3 0.046875 0.0390625
0 0.66484375 0.159375 0.0421875 0.0421875
0 0.88828125 0.60390625 0.046875 0.040625
0 0.803125 0.28203125 0.04375 0.0421875
0 0.5796875 0.9125 0.0390625 0.0453125
0 0.8765625 0.3359375 0.04375 0.0421875
0 0.6171875 0.85625 0.040625 0.046875
0 0.08125 0.55078125 0.0453125 0.0390625
0 0.834375 0.3484375 0.0484375 0.0390625
0 0.47109375 0.884375 0.0390625 0.0453125
0 0.209375 0.81171875 0.0421875 0.0390625
0 0.546875 0.9234375 0.0375 0.0453125
0 0.5265625 0.1171875 0.0390625 0.040625
0 0.7265625 0.19609375 0.0421875 0.0390625
0 0.8125 0.68515625 0.0453125 0.0390625
0 0.4125 0.08203125 0.0375 0.0421875
0 0.0796875 0.5125 0.04375 0.0375
0 0.3984375 0.875 0.0375 0.0421875
0 0.4359375 0.925 0.040625 0.0453125
0 0.87734375 0.63984375 0.0484375 0.040625
0 0.7296875 0.15078125 0.0421875 0.0453125
0 0.1 0.621875 0.0453125 0.0359375
0 0.2078125 0.25625 0.0453125 0.0390625
0 0.4921875 0.11640625 0.0375 0.0421875
0 0.13046875 0.2984375 0.04375 0.0375
0 0.85234375 0.4265625 0.046875 0.0421875
0 0.26171875 0.20625 0.0421875 0.0390625
0 0.28203125 0.1390625 0.04375 0.04375
0 0.0828125 0.43984375 0.04375 0.0390625
0 0.68359375 0.825 0.040625 0.04375
0 0.0875 0.5890625 0.0484375 0.040625
0 0.23984375 0.78828125 0.040625 0.0421875
0 0.8265625 0.7421875 0.04375 0.0390625
0 0.509375 0.88359375 0.0390625 0.04375
0 0.84375 0.384375 0.046875 0.040625
0 0.84453125 0.71171875 0.0453125 0.0390625
0 0.23125 0.22734375 0.0421875 0.0375
0 0.13203125 0.60078125 0.0453125 0.0375
0 0.1140625 0.3328125 0.040625 0.0359375
0 0.81953125 0.3140625 0.0453125 0.040625
0 0.5625 0.121875 0.0375 0.04375
0 0.790625 0.71875 0.046875 0.040625
0 0.11796875 0.52734375 0.0453125 0.0359375
0 0.13984375 0.384375 0.0390625 0.0390625
0 0.29453125 0.8796875 0.0421875 0.0453125
0 0.86328125 0.67578125 0.046875 0.0375
0 0.2703125 0.81328125 0.0421875 0.0421875
0 0.7796875 0.2484375 0.046875 0.040625
0 0.75546875 0.2234375 0.0421875 0.0375
0 0.31328125 0.1203125 0.0390625 0.0390625
0 0.5953125 0.0890625 0.0390625 0.04375
0 0.715625 0.80390625 0.0421875 0.0421875
0 0.15078125 0.26953125 0.0453125 0.0375
0 0.65390625 0.8421875 0.0421875 0.04375
0 0.2859375 0.1796875 0.0390625 0.0375
0 0.1234375 0.5640625 0.040625 0.0359375
0 0.384375 0.1328125 0.0375 0.0421875
0 0.3640625 0.90703125 0.040625 0.0453125
0 0.35078125 0.1484375 0.0390625 0.0421875
0 0.215625 0.7640625 0.040625 0.0390625
0 0.184375 0.2828125 0.040625 0.0359375
0 0.75 0.8296875 0.0421875 0.0421875
0 0.7 0.17578125 0.0421875 0.040625
0 0.74140625 0.7765625 0.04375 0.0421875
0 0.1265625 0.41796875 0.040625 0.0421875
0 0.2984375 0.83359375 0.040625 0.0453125
0 0.86015625 0.46015625 0.04375 0.0421875
0 0.3328125 0.85078125 0.0421875 0.04375
0 0.80546875 0.775 0.04375 0.0375
0 0.253125 0.16171875 0.040625 0.040625
0 0.1109375 0.6578125 0.0453125 0.0359375
0 0.68515625 0.87109375 0.0421875 0.04375
0 0.77734375 0.80390625 0.0453125 0.04375
0 0.19453125 0.21171875 0.0421875 0.0390625
0 0.82109375 0.2359375 0.04375 0.0421875
0 0.33984375 0.5109375 0.0296875 0.0453125
0 0.49296875 0.34765625 0.040625 0.028125
0 0.40234375 0.546875 0.0328125 0.028125
0 0.66328125 0.1140625 0.0421875 0.04375
0 0.55546875 0.44609375 0.034375 0.0296875
0 0.48515625 0.4046875 0.0390625 0.0296875
0 0.22265625 0.1859375 0.0421875 0.0375
0 0.56875 0.48515625 0.034375 0.0328125
0 0.37109375 0.59140625 0.034375 0.0296875
0 0.3703125 0.51484375 0.028125 0.0234375
0 0.6265625 0.1 0.040625 0.04375
0 0.44921875 0.353125 0.04375 0.0328125
0 0.49375 0.3765625 0.03125 0.025
0 0.6234375 0.5203125 0.03125 0.0359375
0 0.3421875 0.4671875 0.03125 0.040625
0 0.5765625 0.43203125 0.03125 0.025
0 0.34765625 0.5515625 0.03125 0.03125
0 0.5234375 0.41328125 0.0375 0.0359375
0 0.46640625 0.4390625 0.0375 0.0296875
0 0.45078125 0.384375 0.0390625 0.0234375
0 0.50859375 0.44453125 0.04375 0.034375
0 0.45546875 0.5515625 0.0421875 0.0359375
0 0.371875 0.53984375 0.0234375 0.0203125
0 0.36796875 0.4828125 0.0296875 0.0421875
0 0.46171875 0.4875 0.046875 0.0515625
0 0.55703125 0.590625 0.0359375 0.0359375
0 0.62265625 0.4765625 0.0328125 0.0359375
0 0.5984375 0.5109375 0.028125 0.0375
0 0.39765625 0.4828125 0.0328125 0.028125
0 0.41484375 0.4 0.0453125 0.03125
0 0.39609375 0.51015625 0.028125 0.0265625
0 0.5984375 0.41796875 0.0421875 0.0296875
0 0.43515625 0.453125 0.0484375 0.0484375
0 0.4390625 0.575 0.0421875 0.0328125
0 0.609375 0.56484375 0.0375 0.04375
0 0.39375 0.61484375 0.0359375 0.0375
0 0.5125 0.62890625 0.046875 0.0578125
0 0.4453125 0.4171875 0.0359375 0.025
0 0.59296875 0.4546875 0.028125 0.021875
0 0.528125 0.35234375 0.0359375 0.028125
0 0.56171875 0.534375 0.028125 0.01875
0 0.5140625 0.3796875 0.0203125 0.0234375