0 0.63046875 0.14140625 0.0421875 0.04375
0 0.828125 0.653125 0.046875 0.0390625
0 0.5203125 0.07578125 0.0390625 0.0421875
0 0.59921875 0.12890625 0.040625 0.0421875
0 0.84140625 0.61484375 0.0484375 0.0390625
0 0.3265625 0.89375 0.04375 0.046875
0 0.65390625 0.88828125 0.040625 0.046875
0 0.4484375 0.07578125 0.0375 0.04375
0 0.54765625 0.88125 0.0390625 0.04375
0 0.26484375 0.85625 0.040625 0.04375
0 0.46953125 0.928125 0.040625 0.046875
0 0.15703125 0.66953125 0.040625 0.0359375
0 0.4375 0.8828125 0.0390625 0.046875
0 0.5578125 0.0796875 0.0421875 0.0453125
0 0.85625 0.5421875 0.0484375 0.04375
0 0.5078125 0.92734375 0.040625 0.0421875
0 0.16640625 0.31328125 0.04375 0.0390625
0 0.39765625 0.91484375 0.040625 0.04375
0 0.14140625 0.72421875 0.0390625 0.0328125
0 0.19140625 0.73359375 0.0375 0.0390625
0 0.84296875 0.26796875 0.04375 0.0453125
0 0.52578125 0.11796875 0.040625 0.0421875
0 0.58046875 0.86875 0.040625 0.046875
0 0.61796875 0.9015625 0.0375 0.0453125
0 0.69765625 0.13046875 0.04375 0.046875
0 0.20859375 0.8109375 0.0390625 0.040625
0 0.08125 0.4734375 0.0421875 0.0359375
0 0.1734375 0.7046875 0.04375 0.0375
0 0.8953125 0.565625 0.046875 0.0421875
0 0.4859375 0.07421875 0.0390625 0.0390625
0 0.36640625 0.8625 0.040625 0.0453125
0 0.78984375 0.2015625 0.0453125 0.04375
0 0.29375 0.87890625 0.0421875 0.0453125
0 0.37890625 0.090625 0.0390625 0.0453125
0 0.85859375 0.50234375 0.0484375 0.0421875
0 0.90078125 0.4890625 0.046875 0.0421875
0 0.4546875 0.11796875 0.0375 0.040625
0 0.18203125 0.78359375 0.040625 0.0375
0 0.47109375 0.884375 0.0390625 0.046875
0 0.88828125 0.60390625 0.046875 0.040625
0 0.8765625 0.33671875 0.04375 0.040625
0 0.11875 0.49453125 0.0421875 0.0421875
0 0.234375 0.8359375 0.040625 0.0421875
0 0.10234375 0.365625 0.0453125 0.0359375
0 0.7265625 0.19609375 0.0421875 0.040625
0 0.803125 0.2828125 0.04375 0.040625
0 0.1453125 0.63828125 0.0421875 0.0390625
0 0.71796875 0.85 0.040625 0.0484375
0 0.09296875 0.4015625 0.04375 0.0359375
0 0.859375 0.3 0.046875 0.0390625
0 0.81953125 0.3140625 0.04375 0.040625
0 0.6171875 0.85625 0.040625 0.046875
0 0.4125 0.0828125 0.0375 0.04375
0 0.1609375 0.75703125 0.04375 0.0375
0 0.1234375 0.6953125 0.0453125 0.0375
0 0.7609375 0.17578125 0.0421875 0.04375
0 0.8765625 0.6390625 0.0484375 0.040625
0 0.31875 0.1625 0.0390625 0.0421875
0 0.12109375 0.45546875 0.040625 0.040625
0 0.2390625 0.7890625 0.0421875 0.0421875
0 0.5453125 0.91875 0.0375 0.04375
0 0.89921875 0.52890625 0.0453125 0.0390625
0 0.89453125 0.4109375 0.0453125 0.04375
0 0.34296875 0.10703125 0.0390625 0.04375
0 0.81171875 0.68515625 0.0453125 0.0390625
0 0.49296875 0.115625 0.0375 0.0421875
0 0.85 0.57734375 0.0484375 0.0390625
0 0.4203125 0.12421875 0.0390625 0.040625
0 0.8328125 0.346875 0.0484375 0.040625
0 0.57890625 0.9125 0.0390625 0.0453125
0 0.1 0.621875 0.0453125 0.0359375
0 0.88671875 0.3734375 0.0453125 0.0390625
0 0.89921875 0.4484375 0.046875 0.0421875
0 0.8640625 0.67578125 0.046875 0.0390625
0 0.43515625 0.92421875 0.0390625 0.0453125
0 0.509375 0.884375 0.0390625 0.0453125
0 0.0796875 0.51171875 0.0421875 0.0390625
0 0.5625 0.121875 0.0359375 0.04375
0 0.1328125 0.60078125 0.0453125 0.0390625
0 0.12578125 0.41796875 0.0421875 0.0421875
0 0.2703125 0.81484375 0.04375 0.0453125
0 0.08203125 0.55078125 0.04375 0.0390625
0 0.7703125 0.75234375 0.046875 0.04375
0 0.26328125 0.203125 0.04375 0.0421875
0 0.5953125 0.0859375 0.0421875 0.0453125
0 0.6546875 0.84296875 0.0421875 0.0453125
0 0.8046875 0.775 0.04375 0.0375
0 0.3625 0.90625 0.0390625 0.046875
0 0.12265625 0.5640625 0.040625 0.0359375
0 0.090625 0.58515625 0.04375 0.0390625
0 0.715625 0.8046875 0.0421875 0.04375
0 0.85234375 0.4265625 0.0484375 0.0421875
0 0.75625 0.2234375 0.0421875 0.0375
0 0.66484375 0.159375 0.040625 0.04375
0 0.3984375 0.87578125 0.0375 0.0421875
0 0.08359375 0.43984375 0.04375 0.0390625
0 0.82578125 0.7421875 0.04375 0.040625
0 0.11796875 0.53046875 0.0390625 0.0359375
0 0.17109375 0.23828125 0.04375 0.0390625
0 0.6828125 0.825 0.0390625 0.04375
0 0.8453125 0.71171875 0.04375 0.0421875
0 0.7015625 0.1765625 0.040625 0.04375
0 0.2875 0.18046875 0.0390625 0.040625
0 0.28125 0.1390625 0.04375 0.04375
0 0.7296875 0.1515625 0.0421875 0.0453125
0 0.15 0.3484375 0.0421875 0.0359375
0 0.215625 0.7640625 0.0375 0.0421875
0 0.13125 0.29765625 0.04375 0.0390625
0 0.11015625 0.6578125 0.04375 0.0359375
0 0.49140625 0.3484375 0.0359375 0.028125
0 0.209375 0.253125 0.04375 0.0421875
0 0.75078125 0.8296875 0.0421875 0.040625
0 0.84375 0.384375 0.0453125 0.0421875
0 0.78046875 0.24765625 0.0453125 0.040625
0 0.384375 0.13359375 0.0375 0.0421875
0 0.15078125 0.2703125 0.04375 0.0390625
0 0.7421875 0.77734375 0.046875 0.0421875
0 0.85703125 0.459375 0.04375 0.0421875
0 0.33203125 0.85 0.0421875 0.0421875
0 0.23125 0.2265625 0.0421875 0.0375
0 0.13984375 0.384375 0.0390625 0.0390625
0 0.8203125 0.2359375 0.0421875 0.0421875
0 0.77734375 0.80390625 0.0453125 0.0421875
0 0.3140625 0.12109375 0.0390625 0.0390625
0 0.78984375 0.71875 0.046875 0.0390625
0 0.2984375 0.83359375 0.040625 0.0453125
0 0.66015625 0.11328125 0.040625 0.0421875
0 0.36875 0.5875 0.0328125 0.0328125
0 0.1140625 0.3328125 0.040625 0.0375
0 0.25390625 0.16171875 0.040625 0.040625
0 0.34921875 0.1484375 0.0359375 0.0421875
0 0.55546875 0.4484375 0.034375 0.028125
0 0.684375 0.86796875 0.0421875 0.0453125
0 0.22421875 0.18671875 0.0421875 0.040625
0 0.19375 0.21171875 0.04375 0.040625
0 0.6265625 0.10078125 0.040625 0.04375
0 0.44921875 0.35390625 0.04375 0.0328125
0 0.44140625 0.384375 0.0234375 0.021875
0 0.18359375 0.2828125 0.0421875 0.0375
0 0.40078125 0.54765625 0.03125 0.0265625
0 0.34140625 0.46328125 0.0296875 0.0359375
0 0.51015625 0.44375 0.0453125 0.0390625
0 0.3390625 0.51171875 0.0296875 0.0453125
0 0.53671875 0.471875 0.03125 0.021875
0 0.39296875 0.509375 0.0265625 0.0265625