0 0.840625 0.61484375 0.046875 0.0390625
0 0.828125 0.653125 0.046875 0.0390625
0 0.46953125 0.928125 0.040625 0.0421875
0 0.85703125 0.5421875 0.046875 0.0421875
0 0.19140625 0.73359375 0.0375 0.0390625
0 0.3984375 0.9140625 0.0390625 0.0453125
0 0.9 0.4890625 0.0453125 0.040625
0 0.65390625 0.8890625 0.040625 0.0453125
0 0.15703125 0.66875 0.040625 0.0359375
0 0.54765625 0.88125 0.0390625 0.04375
0 0.61796875 0.9015625 0.0375 0.046875
0 0.5078125 0.92734375 0.040625 0.0421875
0 0.8984375 0.4484375 0.0453125 0.040625
0 0.32734375 0.89375 0.0421875 0.0453125
0 0.36640625 0.86328125 0.0390625 0.0453125
0 0.63046875 0.14140625 0.0421875 0.04375
0 0.14140625 0.725 0.040625 0.0328125
0 0.43671875 0.88359375 0.0390625 0.0453125
0 0.71875 0.85078125 0.0421875 0.0453125
0 0.8421875 0.26796875 0.0421875 0.0453125
0 0.5578125 0.0796875 0.0390625 0.0421875
0 0.1734375 0.7046875 0.040625 0.0375
0 0.8953125 0.56484375 0.046875 0.040625
0 0.51953125 0.0765625 0.040625 0.040625
0 0.47109375 0.88515625 0.0390625 0.0453125
0 0.57890625 0.9125 0.0390625 0.0453125
0 0.234375 0.8359375 0.0421875 0.0390625
0 0.4484375 0.0765625 0.0390625 0.040625
0 0.165625 0.3125 0.04375 0.0375
0 0.84921875 0.5765625 0.0484375 0.0390625
0 0.4859375 0.07421875 0.0390625 0.0390625
0 0.89921875 0.528125 0.0453125 0.0375
0 0.59921875 0.1296875 0.0421875 0.04375
0 0.803125 0.28125 0.0421875 0.040625
0 0.1609375 0.7578125 0.0421875 0.0375
0 0.85859375 0.5015625 0.046875 0.040625
0 0.26484375 0.85625 0.0390625 0.0453125
0 0.41171875 0.08359375 0.0375 0.0421875
0 0.31796875 0.16171875 0.0375 0.040625
0 0.45390625 0.11796875 0.0375 0.0421875
0 0.1203125 0.45625 0.040625 0.0421875
0 0.08046875 0.4734375 0.0421875 0.0359375
0 0.26328125 0.203125 0.040625 0.0421875
0 0.61796875 0.85859375 0.0421875 0.04375
0 0.68359375 0.825 0.040625 0.040625
0 0.5453125 0.9234375 0.0359375 0.04375
0 0.0921875 0.40078125 0.04375 0.034375
0 0.8125 0.68515625 0.0453125 0.0390625
0 0.78984375 0.20625 0.0421875 0.04375
0 0.18203125 0.784375 0.040625 0.0359375
0 0.103125 0.36484375 0.04375 0.0359375
0 0.8265625 0.74296875 0.0453125 0.0421875
0 0.89453125 0.4109375 0.04375 0.04375
0 0.7703125 0.75078125 0.04375 0.0390625
0 0.87578125 0.33671875 0.04375 0.0390625
0 0.20859375 0.81171875 0.040625 0.0390625
0 0.859375 0.30078125 0.0453125 0.0390625
0 0.71484375 0.80546875 0.0421875 0.0421875
0 0.29375 0.87890625 0.0390625 0.04375
0 0.14453125 0.63828125 0.040625 0.0359375
0 0.215625 0.765625 0.040625 0.040625
0 0.509375 0.884375 0.0390625 0.04375
0 0.37890625 0.090625 0.0390625 0.04375
0 0.4203125 0.1234375 0.0375 0.0390625
0 0.58046875 0.86796875 0.0390625 0.0453125
0 0.7265625 0.19609375 0.0421875 0.0375
0 0.3640625 0.90703125 0.0390625 0.0453125
0 0.1515625 0.3484375 0.0421875 0.0359375
0 0.790625 0.71875 0.0453125 0.040625
0 0.696875 0.1296875 0.04375 0.0453125
0 0.7 0.1765625 0.040625 0.0421875
0 0.3421875 0.10703125 0.0390625 0.04375
0 0.7609375 0.175 0.0421875 0.0421875
0 0.12265625 0.6953125 0.0453125 0.0390625
0 0.88671875 0.60390625 0.046875 0.040625
0 0.08984375 0.5859375 0.04375 0.0375
0 0.08125 0.55078125 0.04375 0.0390625
0 0.86328125 0.67578125 0.0453125 0.0359375
0 0.0796875 0.51171875 0.04375 0.0390625
0 0.65390625 0.84296875 0.040625 0.04375
0 0.68671875 0.87109375 0.0390625 0.04375
0 0.4359375 0.92421875 0.0390625 0.0421875
0 0.38359375 0.13203125 0.0375 0.040625
0 0.83203125 0.34765625 0.0453125 0.040625
0 0.23125 0.2265625 0.040625 0.034375
0 0.33125 0.85078125 0.0421875 0.0421875
0 0.11796875 0.49453125 0.0421875 0.0390625
0 0.75078125 0.8296875 0.0421875 0.040625
0 0.74296875 0.7765625 0.04375 0.0390625
0 0.2703125 0.8140625 0.04375 0.0421875
0 0.18359375 0.2828125 0.0421875 0.0375
0 0.56171875 0.1203125 0.0359375 0.0421875
0 0.75546875 0.2234375 0.040625 0.0375
0 0.12265625 0.5640625 0.0390625 0.0375
0 0.665625 0.159375 0.0421875 0.0421875
0 0.48984375 0.11484375 0.0375 0.0421875
0 0.8515625 0.4265625 0.046875 0.040625
0 0.84609375 0.71171875 0.0453125 0.0390625
0 0.3484375 0.1484375 0.0375 0.0421875
0 0.39921875 0.875 0.0359375 0.040625
0 0.23984375 0.78984375 0.0421875 0.040625
0 0.80625 0.77578125 0.04375 0.0359375
0 0.81953125 0.31484375 0.04375 0.0390625
0 0.7796875 0.2484375 0.0453125 0.0390625
0 0.28671875 0.18046875 0.0375 0.040625
0 0.20859375 0.2515625 0.040625 0.0390625
0 0.87734375 0.6421875 0.04375 0.0375
0 0.52578125 0.11796875 0.0390625 0.040625
0 0.859375 0.459375 0.04375 0.0421875
0 0.13359375 0.6015625 0.04375 0.0390625
0 0.84453125 0.3859375 0.0453125 0.040625
0 0.88671875 0.37265625 0.0453125 0.0390625
0 0.11875 0.528125 0.040625 0.0359375
0 0.2984375 0.83359375 0.0375 0.040625
0 0.08359375 0.43984375 0.0453125 0.040625
0 0.1265625 0.41796875 0.040625 0.040625
0 0.1 0.621875 0.0453125 0.0359375
0 0.7765625 0.8046875 0.04375 0.0421875
0 0.13984375 0.384375 0.0390625 0.0390625
0 0.253125 0.1625 0.0421875 0.040625
0 0.11015625 0.6578125 0.0453125 0.0390625
0 0.7296875 0.1515625 0.04375 0.04375
0 0.59453125 0.08671875 0.040625 0.04375
0 0.13125 0.29765625 0.04375 0.0375
0 0.15078125 0.26875 0.040625 0.0375
0 0.31328125 0.11953125 0.0390625 0.040625
0 0.11484375 0.3328125 0.04375 0.0390625
0 0.45 0.35390625 0.046875 0.0359375
0 0.3734375 0.5859375 0.04375 0.0390625
0 0.6625 0.1140625 0.0421875 0.046875
0 0.6265625 0.10078125 0.040625 0.04375
0 0.49296875 0.35 0.0421875 0.03125
0 0.28046875 0.1390625 0.040625 0.040625
0 0.8203125 0.2359375 0.0421875 0.0421875
0 0.33984375 0.5109375 0.0296875 0.046875
0 0.19765625 0.21171875 0.0390625 0.0390625
0 0.34765625 0.55390625 0.034375 0.040625
0 0.17265625 0.2390625 0.040625 0.0390625