0 0.396875 0.91328125 0.0421875 0.0453125
0 0.6546875 0.88828125 0.040625 0.0484375
0 0.32734375 0.89375 0.0453125 0.0484375
0 0.59921875 0.1296875 0.040625 0.0453125
0 0.63046875 0.140625 0.04375 0.0453125
0 0.546875 0.88125 0.040625 0.04375
0 0.43828125 0.8828125 0.0390625 0.0484375
0 0.8421875 0.26796875 0.0484375 0.0453125
0 0.5203125 0.075 0.0390625 0.040625
0 0.3671875 0.86171875 0.0390625 0.04375
0 0.4484375 0.0765625 0.040625 0.04375
0 0.46953125 0.928125 0.0421875 0.05
0 0.7890625 0.2015625 0.0453125 0.04375
0 0.5265625 0.11796875 0.040625 0.046875
0 0.5578125 0.0796875 0.0421875 0.0453125
0 0.265625 0.85625 0.0421875 0.0453125
0 0.16484375 0.31171875 0.0421875 0.0390625
0 0.190625 0.73359375 0.0390625 0.0421875
0 0.71953125 0.85 0.04375 0.05
0 0.4859375 0.075 0.0390625 0.0421875
0 0.5078125 0.928125 0.040625 0.04375
0 0.828125 0.653125 0.05 0.0421875
0 0.76171875 0.175 0.040625 0.0484375
0 0.84140625 0.61484375 0.05 0.040625
0 0.8515625 0.57734375 0.05 0.0421875
0 0.61796875 0.85625 0.0421875 0.0484375
0 0.3796875 0.08984375 0.0390625 0.0484375
0 0.58046875 0.86796875 0.040625 0.0484375
0 0.61796875 0.90078125 0.0390625 0.0453125
0 0.14140625 0.72421875 0.040625 0.0359375
0 0.85625 0.54296875 0.046875 0.04375
0 0.471875 0.884375 0.040625 0.0484375
0 0.69765625 0.13046875 0.04375 0.046875
0 0.29375 0.87890625 0.0421875 0.0453125
0 0.5453125 0.91953125 0.0390625 0.0453125
0 0.57890625 0.91171875 0.0390625 0.0453125
0 0.59609375 0.08671875 0.0421875 0.046875
0 0.85859375 0.503125 0.05 0.0453125
0 0.1734375 0.70390625 0.0453125 0.0390625
0 0.68359375 0.86796875 0.040625 0.046875
0 0.234375 0.8359375 0.0421875 0.0421875
0 0.8765625 0.3359375 0.04375 0.04375
0 0.23984375 0.7890625 0.0421875 0.04375
0 0.15703125 0.66875 0.0390625 0.0375
0 0.803125 0.28203125 0.04375 0.0421875
0 0.31796875 0.16171875 0.0390625 0.0453125
0 0.34296875 0.10703125 0.040625 0.0453125
0 0.11875 0.528125 0.046875 0.0390625
0 0.12109375 0.45546875 0.04375 0.0421875
0 0.86484375 0.67578125 0.0453125 0.0390625
0 0.1234375 0.6953125 0.046875 0.0390625
0 0.1 0.62265625 0.046875 0.040625
0 0.2703125 0.8140625 0.04375 0.046875
0 0.88671875 0.37265625 0.0453125 0.0390625
0 0.4921875 0.1171875 0.0375 0.04375
0 0.36171875 0.90625 0.0375 0.046875
0 0.2984375 0.83359375 0.040625 0.046875
0 0.8765625 0.63984375 0.0484375 0.040625
0 0.11875 0.49375 0.04375 0.040625
0 0.42109375 0.12421875 0.040625 0.04375
0 0.7 0.17578125 0.0421875 0.05
0 0.74140625 0.778125 0.04375 0.0484375
0 0.7265625 0.19609375 0.04375 0.0421875
0 0.21640625 0.76328125 0.040625 0.0421875
0 0.56328125 0.121875 0.0359375 0.046875
0 0.1265625 0.41796875 0.04375 0.04375
0 0.51015625 0.884375 0.040625 0.0484375
0 0.6625 0.1140625 0.0390625 0.046875
0 0.4125 0.08203125 0.0375 0.0484375
0 0.859375 0.3 0.046875 0.0390625
0 0.8125 0.6859375 0.0484375 0.0421875
0 0.18203125 0.78359375 0.0390625 0.0390625
0 0.23203125 0.22734375 0.0421875 0.040625
0 0.4546875 0.11796875 0.0375 0.0453125
0 0.8875 0.60546875 0.05 0.04375
0 0.65390625 0.8421875 0.04375 0.0453125
0 0.89453125 0.56484375 0.0453125 0.0421875
0 0.43515625 0.925 0.0390625 0.046875
0 0.7703125 0.75234375 0.0453125 0.04375
0 0.853125 0.4265625 0.046875 0.0421875
0 0.08125 0.47421875 0.04375 0.0390625
0 0.83359375 0.34765625 0.05 0.0421875
0 0.209375 0.81171875 0.040625 0.040625
0 0.26328125 0.20390625 0.040625 0.0453125
0 0.82578125 0.74375 0.0453125 0.0421875
0 0.1609375 0.753125 0.040625 0.0390625
0 0.103125 0.36640625 0.0453125 0.0390625
0 0.09609375 0.40078125 0.04375 0.0359375
0 0.15078125 0.26875 0.0453125 0.0390625
0 0.89921875 0.45 0.046875 0.0421875
0 0.6828125 0.82421875 0.0421875 0.0453125
0 0.89375 0.40859375 0.0453125 0.04375
0 0.665625 0.16015625 0.040625 0.0453125
0 0.8203125 0.23515625 0.0421875 0.04375
0 0.13046875 0.29765625 0.0421875 0.040625
0 0.15078125 0.3484375 0.0421875 0.0375
0 0.20859375 0.25390625 0.04375 0.0453125
0 0.78046875 0.24921875 0.046875 0.04375
0 0.71640625 0.80390625 0.0421875 0.04375
0 0.08125 0.55234375 0.0453125 0.0390625
0 0.1328125 0.6 0.04375 0.0421875
0 0.8453125 0.71015625 0.0453125 0.04375
0 0.1453125 0.6375 0.0421875 0.0390625
0 0.75625 0.2265625 0.04375 0.04375
0 0.790625 0.71875 0.0484375 0.04375
0 0.12265625 0.5640625 0.046875 0.0359375
0 0.38359375 0.13359375 0.0390625 0.046875
0 0.8203125 0.31171875 0.046875 0.0390625
0 0.89921875 0.52578125 0.046875 0.0421875
0 0.80625 0.77578125 0.04375 0.040625
0 0.28828125 0.18125 0.0390625 0.0453125
0 0.7765625 0.80390625 0.04375 0.04375
0 0.35078125 0.14921875 0.0390625 0.0453125
0 0.09140625 0.58515625 0.0421875 0.0390625
0 0.90078125 0.48828125 0.0453125 0.0421875
0 0.28203125 0.1390625 0.04375 0.04375
0 0.39921875 0.87421875 0.0375 0.0421875
0 0.72890625 0.1515625 0.0421875 0.0484375
0 0.17109375 0.23828125 0.04375 0.040625
0 0.25 0.16328125 0.0453125 0.04375
0 0.08046875 0.51328125 0.0421875 0.0390625
0 0.84453125 0.384375 0.046875 0.04375
0 0.74765625 0.828125 0.04375 0.04375
0 0.31328125 0.11953125 0.0390625 0.040625
0 0.55625 0.4453125 0.0359375 0.0328125
0 0.62578125 0.1 0.0390625 0.04375
0 0.19453125 0.20859375 0.0421875 0.0453125
0 0.08359375 0.43984375 0.046875 0.040625
0 0.140625 0.38359375 0.040625 0.0390625
0 0.49375 0.34921875 0.04375 0.03125
0 0.609375 0.56484375 0.0375 0.0421875
0 0.1109375 0.65703125 0.0453125 0.0390625
0 0.46328125 0.534375 0.0296875 0.028125
0 0.58828125 0.60234375 0.0359375 0.034375
0 0.40078125 0.55 0.034375 0.0328125
0 0.49609375 0.51328125 0.0421875 0.034375
0 0.115625 0.3328125 0.04375 0.0375
0 0.36875 0.58359375 0.0359375 0.03125
0 0.85703125 0.4609375 0.0484375 0.04375
0 0.22421875 0.18515625 0.0421875 0.040625
0 0.55625 0.5875 0.0328125 0.0296875
0 0.33203125 0.85 0.0421875 0.0421875
0 0.18359375 0.28203125 0.0421875 0.0390625
0 0.44921875 0.35390625 0.04375 0.0328125
0 0.5234375 0.4140625 0.040625 0.0359375
0 0.35859375 0.425 0.0328125 0.0296875
0 0.53515625 0.4703125 0.0296875 0.021875
0 0.55625 0.50078125 0.0453125 0.0359375
0 0.5765625 0.4359375 0.0359375 0.028125
0 0.340625 0.4578125 0.025 0.0234375
0 0.43828125 0.45390625 0.034375 0.034375