0 0.5203125 0.07578125 0.0390625 0.0421875
0 0.6 0.12890625 0.0421875 0.0453125
0 0.44921875 0.0765625 0.0375 0.04375
0 0.63046875 0.140625 0.04375 0.0453125
0 0.14296875 0.7234375 0.0390625 0.034375
0 0.55859375 0.07890625 0.0421875 0.0453125
0 0.828125 0.653125 0.046875 0.0390625
0 0.5078125 0.928125 0.040625 0.04375
0 0.4359375 0.8828125 0.040625 0.046875
0 0.48671875 0.075 0.0390625 0.0390625
0 0.54765625 0.88125 0.0390625 0.04375
0 0.328125 0.89375 0.04375 0.0453125
0 0.84296875 0.26796875 0.0421875 0.0453125
0 0.84140625 0.615625 0.05 0.040625
0 0.26484375 0.85546875 0.0421875 0.0453125
0 0.46953125 0.92890625 0.040625 0.046875
0 0.6984375 0.13046875 0.04375 0.0484375
0 0.78984375 0.20234375 0.0453125 0.04375
0 0.103125 0.36484375 0.0453125 0.0375
0 0.6546875 0.88828125 0.040625 0.0453125
0 0.38046875 0.09296875 0.0375 0.0421875
0 0.1234375 0.6953125 0.0453125 0.0390625
0 0.36484375 0.90546875 0.04375 0.046875
0 0.39765625 0.9140625 0.0390625 0.046875
0 0.190625 0.73359375 0.0390625 0.0390625
0 0.71953125 0.84921875 0.0421875 0.05
0 0.1828125 0.784375 0.0421875 0.040625
0 0.5453125 0.91875 0.0390625 0.04375
0 0.471875 0.884375 0.040625 0.0484375
0 0.665625 0.159375 0.0421875 0.046875
0 0.58046875 0.86796875 0.040625 0.0484375
0 0.26328125 0.20390625 0.040625 0.0453125
0 0.36796875 0.8625 0.0390625 0.04375
0 0.34296875 0.10703125 0.0390625 0.04375
0 0.12109375 0.45546875 0.0421875 0.040625
0 0.76171875 0.175 0.0421875 0.0453125
0 0.61640625 0.90234375 0.0390625 0.04375
0 0.11875 0.49375 0.04375 0.0421875
0 0.14375 0.63828125 0.040625 0.0390625
0 0.80390625 0.28203125 0.04375 0.0421875
0 0.4546875 0.11796875 0.0375 0.04375
0 0.61796875 0.85703125 0.0421875 0.0484375
0 0.23984375 0.7890625 0.04375 0.04375
0 0.1671875 0.3125 0.04375 0.0390625
0 0.8765625 0.3359375 0.0453125 0.0421875
0 0.85859375 0.503125 0.0484375 0.04375
0 0.8953125 0.56484375 0.0453125 0.0421875
0 0.85 0.57734375 0.05 0.0421875
0 0.29453125 0.87890625 0.04375 0.0453125
0 0.52578125 0.11875 0.0390625 0.04375
0 0.1578125 0.66875 0.040625 0.0359375
0 0.8875 0.6046875 0.0484375 0.04375
0 0.49296875 0.11640625 0.0375 0.0421875
0 0.6828125 0.825 0.0421875 0.046875
0 0.15078125 0.26875 0.04375 0.0390625
0 0.234375 0.83515625 0.0421875 0.0421875
0 0.83203125 0.34765625 0.0484375 0.040625
0 0.76953125 0.7515625 0.0453125 0.04375
0 0.85703125 0.5421875 0.046875 0.04375
0 0.7265625 0.196875 0.0421875 0.0421875
0 0.1734375 0.70390625 0.0453125 0.0390625
0 0.82109375 0.23515625 0.0421875 0.0421875
0 0.20859375 0.8109375 0.040625 0.0421875
0 0.0953125 0.4015625 0.04375 0.0359375
0 0.78046875 0.24921875 0.046875 0.04375
0 0.1 0.62109375 0.0453125 0.0390625
0 0.859375 0.3 0.046875 0.040625
0 0.42109375 0.12421875 0.0390625 0.040625
0 0.11875 0.52734375 0.0453125 0.0375
0 0.171875 0.23828125 0.0421875 0.040625
0 0.15078125 0.3484375 0.0421875 0.0375
0 0.4125 0.08203125 0.0359375 0.0453125
0 0.86484375 0.67578125 0.046875 0.0390625
0 0.209375 0.253125 0.04375 0.04375
0 0.08203125 0.5515625 0.0421875 0.0390625
0 0.4359375 0.925 0.0390625 0.046875
0 0.08203125 0.47421875 0.0421875 0.0375
0 0.57890625 0.9125 0.0390625 0.0453125
0 0.31796875 0.1625 0.0390625 0.04375
0 0.740625 0.77734375 0.046875 0.0453125
0 0.82578125 0.74375 0.0453125 0.0421875
0 0.87734375 0.63984375 0.0484375 0.0390625
0 0.88671875 0.37265625 0.046875 0.0390625
0 0.28125 0.1390625 0.0421875 0.0421875
0 0.84375 0.38515625 0.046875 0.0421875
0 0.215625 0.76484375 0.040625 0.0421875
0 0.89453125 0.41171875 0.0453125 0.0453125
0 0.75625 0.22421875 0.04375 0.0390625
0 0.27109375 0.81328125 0.0453125 0.04375
0 0.5953125 0.0859375 0.04375 0.04375
0 0.12265625 0.5640625 0.0421875 0.0375
0 0.81953125 0.3140625 0.04375 0.040625
0 0.2984375 0.83359375 0.040625 0.046875
0 0.8125 0.6859375 0.046875 0.0421875
0 0.653125 0.8421875 0.0421875 0.04375
0 0.15859375 0.75546875 0.04375 0.0421875
0 0.790625 0.71796875 0.046875 0.0421875
0 0.2875 0.18203125 0.0390625 0.0453125
0 0.89921875 0.528125 0.046875 0.040625
0 0.71484375 0.80390625 0.0421875 0.0421875
0 0.85234375 0.4265625 0.0484375 0.0421875
0 0.77734375 0.79921875 0.04375 0.0453125
0 0.89921875 0.45 0.046875 0.040625
0 0.51015625 0.884375 0.0375 0.0453125
0 0.1328125 0.6 0.04375 0.040625
0 0.8453125 0.7109375 0.0453125 0.040625
0 0.13125 0.29765625 0.0421875 0.0390625
0 0.56328125 0.12265625 0.0359375 0.046875
0 0.80625 0.775 0.04375 0.0375
0 0.74765625 0.82890625 0.04375 0.0453125
0 0.70078125 0.1765625 0.0390625 0.0484375
0 0.23203125 0.228125 0.040625 0.0390625
0 0.684375 0.871875 0.040625 0.0453125
0 0.19453125 0.21171875 0.0421875 0.0390625
0 0.34921875 0.1484375 0.0359375 0.0453125
0 0.090625 0.58515625 0.0453125 0.0375
0 0.1265625 0.41796875 0.04375 0.0421875
0 0.11484375 0.334375 0.0421875 0.040625
0 0.7296875 0.1515625 0.0421875 0.0484375
0 0.0796875 0.5125 0.0421875 0.0390625
0 0.13984375 0.384375 0.0390625 0.0390625
0 0.22421875 0.1859375 0.0421875 0.0421875
0 0.38359375 0.13203125 0.0390625 0.0453125
0 0.25390625 0.16171875 0.040625 0.04375
0 0.3125 0.12109375 0.0390625 0.040625
0 0.33203125 0.84921875 0.04375 0.046875
0 0.49453125 0.34921875 0.040625 0.0296875
0 0.45234375 0.35390625 0.046875 0.0328125
0 0.1109375 0.6578125 0.0453125 0.0390625
0 0.3984375 0.87578125 0.0359375 0.040625
0 0.90078125 0.4875 0.04375 0.0421875
0 0.36015625 0.425 0.0328125 0.025
0 0.85703125 0.4609375 0.046875 0.04375
0 0.08515625 0.43984375 0.0421875 0.040625
0 0.6609375 0.1125 0.040625 0.040625
0 0.55546875 0.446875 0.0359375 0.0265625
0 0.50078125 0.5140625 0.0421875 0.0390625
0 0.421875 0.434375 0.028125 0.0203125
0 0.184375 0.28125 0.040625 0.0390625
0 0.36953125 0.59140625 0.0296875 0.028125
0 0.62578125 0.1 0.040625 0.04375
0 0.54375 0.5015625 0.0359375 0.034375
0 0.34296875 0.4609375 0.0296875 0.028125
0 0.40234375 0.546875 0.028125 0.0234375
0 0.37890625 0.3953125 0.034375 0.03125
0 0.4609375 0.48828125 0.046875 0.0515625