0 0.59921875 0.13046875 0.0421875 0.0453125
0 0.54765625 0.88125 0.040625 0.046875
0 0.46875 0.9296875 0.0421875 0.0484375
0 0.6546875 0.88671875 0.040625 0.05
0 0.44921875 0.0765625 0.0390625 0.040625
0 0.5578125 0.0796875 0.0421875 0.0453125
0 0.84140625 0.61484375 0.046875 0.0390625
0 0.63046875 0.1421875 0.0421875 0.046875
0 0.4375 0.8828125 0.040625 0.0484375
0 0.4125 0.08203125 0.0359375 0.0453125
0 0.5203125 0.07578125 0.0390625 0.0421875
0 0.48671875 0.07421875 0.0375 0.040625
0 0.82890625 0.653125 0.05 0.0421875
0 0.78984375 0.2015625 0.046875 0.04375
0 0.32734375 0.89375 0.0421875 0.046875
0 0.3984375 0.9140625 0.0390625 0.0453125
0 0.3671875 0.8625 0.040625 0.0453125
0 0.29453125 0.87890625 0.0421875 0.0453125
0 0.19140625 0.73359375 0.0375 0.0390625
0 0.8953125 0.56484375 0.0453125 0.0421875
0 0.665625 0.159375 0.04375 0.0453125
0 0.1421875 0.7234375 0.040625 0.0359375
0 0.103125 0.365625 0.046875 0.040625
0 0.58046875 0.86796875 0.040625 0.046875
0 0.6984375 0.1296875 0.04375 0.0453125
0 0.26484375 0.85546875 0.0390625 0.0453125
0 0.84296875 0.26796875 0.04375 0.0453125
0 0.5078125 0.92734375 0.040625 0.04375
0 0.5796875 0.91171875 0.040625 0.0453125
0 0.34375 0.10625 0.0390625 0.0453125
0 0.17421875 0.70390625 0.0453125 0.040625
0 0.365625 0.90546875 0.04375 0.0453125
0 0.49296875 0.11640625 0.0375 0.04375
0 0.8515625 0.578125 0.05 0.0421875
0 0.45546875 0.1171875 0.0375 0.04375
0 0.1 0.62265625 0.0453125 0.0390625
0 0.71875 0.8484375 0.0421875 0.046875
0 0.61640625 0.90234375 0.0375 0.0453125
0 0.76171875 0.175 0.040625 0.046875
0 0.85859375 0.503125 0.05 0.0453125
0 0.471875 0.88515625 0.040625 0.0484375
0 0.18203125 0.784375 0.040625 0.0390625
0 0.5953125 0.08671875 0.04375 0.046875
0 0.1234375 0.6953125 0.04375 0.0375
0 0.209375 0.8109375 0.040625 0.040625
0 0.38125 0.09296875 0.0375 0.0421875
0 0.5453125 0.91953125 0.0390625 0.04375
0 0.80390625 0.28203125 0.04375 0.04375
0 0.234375 0.83515625 0.0421875 0.04375
0 0.1671875 0.3125 0.04375 0.040625
0 0.15703125 0.66875 0.040625 0.0375
0 0.85703125 0.54296875 0.0484375 0.04375
0 0.23984375 0.7890625 0.0421875 0.04375
0 0.1453125 0.6375 0.0421875 0.0390625
0 0.11796875 0.49296875 0.0421875 0.040625
0 0.52734375 0.11875 0.0390625 0.0453125
0 0.215625 0.7640625 0.040625 0.0421875
0 0.43515625 0.92421875 0.0390625 0.0484375
0 0.29765625 0.834375 0.040625 0.046875
0 0.2625 0.203125 0.04375 0.04375
0 0.82578125 0.74296875 0.046875 0.0421875
0 0.1515625 0.26953125 0.0453125 0.040625
0 0.28828125 0.18203125 0.0421875 0.0453125
0 0.8328125 0.346875 0.0484375 0.0421875
0 0.0953125 0.4015625 0.0421875 0.0375
0 0.821875 0.23515625 0.04375 0.04375
0 0.31796875 0.16171875 0.0375 0.040625
0 0.0828125 0.5515625 0.0453125 0.0390625
0 0.72734375 0.196875 0.04375 0.0421875
0 0.15234375 0.3484375 0.0421875 0.0375
0 0.11875 0.52734375 0.0453125 0.0375
0 0.42109375 0.12265625 0.0375 0.040625
0 0.88671875 0.37265625 0.046875 0.0390625
0 0.34921875 0.1484375 0.0375 0.04375
0 0.86484375 0.67578125 0.04375 0.0390625
0 0.853125 0.4265625 0.0484375 0.0421875
0 0.878125 0.6390625 0.0484375 0.0421875
0 0.66171875 0.1125 0.040625 0.0453125
0 0.86015625 0.29921875 0.046875 0.0390625
0 0.28046875 0.13828125 0.04375 0.0453125
0 0.9 0.5265625 0.046875 0.0421875
0 0.51015625 0.88359375 0.0390625 0.046875
0 0.08046875 0.4734375 0.0421875 0.0359375
0 0.715625 0.8046875 0.0421875 0.04375
0 0.6828125 0.825 0.040625 0.046875
0 0.81953125 0.3140625 0.04375 0.0421875
0 0.12109375 0.45546875 0.040625 0.0421875
0 0.78046875 0.2484375 0.046875 0.0453125
0 0.74140625 0.7765625 0.04375 0.04375
0 0.790625 0.71875 0.046875 0.0421875
0 0.16171875 0.75703125 0.0421875 0.0359375
0 0.61796875 0.85703125 0.040625 0.046875
0 0.9 0.48828125 0.0453125 0.040625
0 0.68359375 0.86796875 0.0375 0.0453125
0 0.23203125 0.22890625 0.04375 0.04375
0 0.8125 0.6859375 0.0453125 0.040625
0 0.8875 0.60546875 0.0484375 0.0453125
0 0.1328125 0.60078125 0.0453125 0.0390625
0 0.2078125 0.25234375 0.04375 0.04375
0 0.8765625 0.3359375 0.0453125 0.0421875
0 0.746875 0.828125 0.04375 0.04375
0 0.89453125 0.4109375 0.0453125 0.0453125
0 0.171875 0.23671875 0.0421875 0.0359375
0 0.72890625 0.1515625 0.0421875 0.0484375
0 0.56171875 0.121875 0.034375 0.04375
0 0.2703125 0.81328125 0.04375 0.04375
0 0.8453125 0.3859375 0.0453125 0.0421875
0 0.384375 0.13203125 0.0375 0.04375
0 0.090625 0.5859375 0.0453125 0.0390625
0 0.1234375 0.56484375 0.0453125 0.0390625
0 0.9 0.4484375 0.046875 0.04375
0 0.08046875 0.5125 0.0421875 0.0390625
0 0.1265625 0.41875 0.0421875 0.0421875
0 0.13203125 0.2984375 0.04375 0.0390625
0 0.75703125 0.22421875 0.04375 0.0390625
0 0.7 0.17578125 0.0390625 0.046875
0 0.6546875 0.8421875 0.040625 0.0453125
0 0.77734375 0.79921875 0.04375 0.0421875
0 0.76953125 0.75234375 0.046875 0.04375
0 0.46171875 0.4890625 0.0484375 0.0515625
0 0.3140625 0.1203125 0.0390625 0.0421875
0 0.140625 0.38359375 0.0390625 0.0390625
0 0.39921875 0.875 0.0359375 0.04375
0 0.0859375 0.43984375 0.04375 0.040625
0 0.84453125 0.7109375 0.04375 0.0421875
0 0.3328125 0.85078125 0.0421875 0.04375
0 0.4 0.54765625 0.028125 0.0234375
0 0.253125 0.15625 0.04375 0.0484375
0 0.1109375 0.65703125 0.0453125 0.0390625
0 0.80546875 0.77578125 0.04375 0.040625
0 0.45 0.35546875 0.0453125 0.0375
0 0.85703125 0.46171875 0.046875 0.0421875
0 0.19453125 0.2125 0.0421875 0.0390625
0 0.184375 0.28203125 0.040625 0.0390625
0 0.221875 0.1859375 0.04375 0.0390625
0 0.45625 0.6109375 0.0328125 0.0234375
0 0.11640625 0.33203125 0.04375 0.0359375
0 0.421875 0.39296875 0.0375 0.0265625
0 0.62578125 0.10078125 0.0390625 0.0453125
0 0.3421875 0.4546875 0.025 0.01875
0 0.36796875 0.584375 0.028125 0.021875
0 0.55625 0.62265625 0.040625 0.034375