0 0.8421875 0.61484375 0.046875 0.040625
0 0.44921875 0.0765625 0.0390625 0.0421875
0 0.5984375 0.1296875 0.0421875 0.04375
0 0.5578125 0.08046875 0.040625 0.0453125
0 0.63046875 0.14140625 0.04375 0.0453125
0 0.26484375 0.85546875 0.040625 0.04375
0 0.54765625 0.88203125 0.0390625 0.04375
0 0.828125 0.653125 0.05 0.0390625
0 0.32734375 0.89375 0.04375 0.0453125
0 0.43671875 0.8828125 0.0390625 0.046875
0 0.3671875 0.8625 0.0390625 0.04375
0 0.65390625 0.8875 0.040625 0.046875
0 0.51953125 0.07578125 0.040625 0.0421875
0 0.19140625 0.73359375 0.0390625 0.0390625
0 0.7890625 0.20234375 0.0453125 0.0421875
0 0.46953125 0.928125 0.040625 0.0484375
0 0.1421875 0.7234375 0.040625 0.034375
0 0.48671875 0.07421875 0.0375 0.040625
0 0.8953125 0.565625 0.04375 0.0421875
0 0.16640625 0.3125 0.0421875 0.0390625
0 0.5078125 0.92734375 0.040625 0.04375
0 0.85625 0.5421875 0.046875 0.0421875
0 0.39765625 0.9140625 0.0390625 0.0453125
0 0.69765625 0.1296875 0.04375 0.0453125
0 0.88671875 0.37265625 0.0453125 0.0375
0 0.34375 0.10703125 0.0421875 0.0453125
0 0.47109375 0.884375 0.040625 0.046875
0 0.1734375 0.7046875 0.0453125 0.0390625
0 0.84296875 0.26796875 0.0484375 0.0453125
0 0.1578125 0.66875 0.040625 0.0359375
0 0.52578125 0.11796875 0.0390625 0.0421875
0 0.61640625 0.90234375 0.0375 0.0453125
0 0.76171875 0.175 0.0421875 0.046875
0 0.29375 0.878125 0.04375 0.0421875
0 0.36484375 0.90546875 0.0421875 0.046875
0 0.1453125 0.63828125 0.040625 0.0390625
0 0.68359375 0.825 0.0421875 0.04375
0 0.71796875 0.84921875 0.0390625 0.046875
0 0.209375 0.8109375 0.040625 0.0421875
0 0.1234375 0.6953125 0.0453125 0.0390625
0 0.11875 0.49375 0.0421875 0.040625
0 0.58046875 0.86796875 0.040625 0.046875
0 0.509375 0.884375 0.0390625 0.0453125
0 0.12109375 0.45625 0.0421875 0.0421875
0 0.66640625 0.159375 0.0421875 0.0453125
0 0.82109375 0.2359375 0.0421875 0.0421875
0 0.84921875 0.5765625 0.0484375 0.040625
0 0.11875 0.52734375 0.04375 0.0375
0 0.859375 0.29921875 0.046875 0.0390625
0 0.5796875 0.9125 0.040625 0.0453125
0 0.86328125 0.67578125 0.046875 0.0390625
0 0.85859375 0.50234375 0.0484375 0.0421875
0 0.70078125 0.17578125 0.0421875 0.04375
0 0.1 0.621875 0.0453125 0.0359375
0 0.803125 0.28203125 0.04375 0.0421875
0 0.3796875 0.090625 0.0390625 0.0453125
0 0.18203125 0.784375 0.040625 0.040625
0 0.5953125 0.0859375 0.040625 0.04375
0 0.4203125 0.12421875 0.040625 0.0421875
0 0.08203125 0.5515625 0.04375 0.0390625
0 0.13125 0.2984375 0.04375 0.0390625
0 0.8328125 0.346875 0.0484375 0.0390625
0 0.6171875 0.85625 0.040625 0.046875
0 0.26328125 0.203125 0.040625 0.04375
0 0.1328125 0.60078125 0.04375 0.0390625
0 0.27109375 0.8140625 0.04375 0.04375
0 0.45546875 0.1171875 0.0375 0.04375
0 0.89921875 0.528125 0.0453125 0.0390625
0 0.8984375 0.45 0.046875 0.040625
0 0.08046875 0.4734375 0.0421875 0.0359375
0 0.49375 0.115625 0.0375 0.040625
0 0.8875 0.60390625 0.0484375 0.040625
0 0.6546875 0.8421875 0.0421875 0.0453125
0 0.87890625 0.63984375 0.0484375 0.0421875
0 0.15078125 0.3484375 0.040625 0.0359375
0 0.31796875 0.16171875 0.0390625 0.0421875
0 0.215625 0.76328125 0.0375 0.0421875
0 0.84453125 0.71171875 0.04375 0.040625
0 0.09453125 0.40078125 0.0421875 0.0359375
0 0.1234375 0.56484375 0.0453125 0.0375
0 0.72734375 0.196875 0.04375 0.0390625
0 0.66328125 0.1140625 0.0390625 0.0453125
0 0.2984375 0.83359375 0.0390625 0.046875
0 0.8265625 0.7421875 0.04375 0.040625
0 0.23515625 0.83671875 0.040625 0.04375
0 0.89453125 0.4109375 0.0453125 0.0453125
0 0.4125 0.08203125 0.0359375 0.04375
0 0.090625 0.5859375 0.04375 0.0375
0 0.7796875 0.2484375 0.0453125 0.0421875
0 0.103125 0.36484375 0.04375 0.0359375
0 0.90078125 0.48828125 0.0453125 0.040625
0 0.23984375 0.7890625 0.040625 0.0421875
0 0.76875 0.7515625 0.046875 0.046875
0 0.17109375 0.2375 0.0421875 0.0375
0 0.8765625 0.3359375 0.0453125 0.0421875
0 0.4359375 0.92578125 0.0375 0.0453125
0 0.12578125 0.41796875 0.0421875 0.040625
0 0.740625 0.77578125 0.0453125 0.0421875
0 0.1609375 0.75703125 0.0421875 0.0359375
0 0.715625 0.8046875 0.040625 0.0421875
0 0.0796875 0.5125 0.0421875 0.0390625
0 0.8109375 0.6859375 0.0453125 0.0390625
0 0.75625 0.22421875 0.04375 0.0375
0 0.684375 0.87109375 0.0390625 0.0453125
0 0.81953125 0.3140625 0.04375 0.040625
0 0.5453125 0.91953125 0.0375 0.0421875
0 0.85234375 0.4265625 0.0484375 0.0421875
0 0.8453125 0.38515625 0.0453125 0.0421875
0 0.2796875 0.1375 0.0453125 0.0421875
0 0.80625 0.775 0.04375 0.0375
0 0.23203125 0.2265625 0.0421875 0.0375
0 0.56171875 0.12109375 0.034375 0.040625
0 0.28671875 0.18046875 0.0390625 0.040625
0 0.790625 0.71875 0.046875 0.040625
0 0.31328125 0.1203125 0.0390625 0.040625
0 0.140625 0.38515625 0.0390625 0.040625
0 0.209375 0.2515625 0.040625 0.0390625
0 0.7484375 0.828125 0.0421875 0.0421875
0 0.778125 0.80390625 0.0453125 0.04375
0 0.08359375 0.43984375 0.0453125 0.0390625
0 0.384375 0.134375 0.0375 0.0453125
0 0.72890625 0.15234375 0.0421875 0.046875
0 0.55546875 0.44765625 0.03125 0.0296875
0 0.253125 0.16171875 0.0421875 0.040625
0 0.39921875 0.875 0.0359375 0.0421875
0 0.1515625 0.26875 0.04375 0.0359375
0 0.2234375 0.18671875 0.04375 0.0390625
0 0.1109375 0.65703125 0.0453125 0.0375
0 0.85703125 0.459375 0.0453125 0.04375
0 0.62578125 0.1 0.0390625 0.04375
0 0.19453125 0.2125 0.040625 0.0375
0 0.34921875 0.1484375 0.0359375 0.0421875
0 0.11484375 0.3328125 0.040625 0.034375
0 0.44765625 0.35390625 0.040625 0.0296875
0 0.36953125 0.5859375 0.034375 0.0265625
0 0.3328125 0.84921875 0.04375 0.04375
0 0.490625 0.34609375 0.0359375 0.0234375
0 0.5921875 0.45390625 0.028125 0.0234375
0 0.5375 0.47109375 0.0296875 0.0234375
0 0.4015625 0.5453125 0.0234375 0.01875
0 0.50625 0.4421875 0.0390625 0.03125
0 0.59921875 0.4140625 0.040625 0.028125
0 0.54296875 0.50078125 0.0296875 0.03125
0 0.55390625 0.62734375 0.0390625 0.03125
0 0.184375 0.28125 0.040625 0.0390625
0 0.38125 0.39375 0.034375 0.03125
0 0.459375 0.48828125 0.04375 0.0421875
0 0.51640625 0.409375 0.0265625 0.021875
0 0.61171875 0.56015625 0.03125 0.0328125
0 0.50390625 0.515625 0.0359375 0.0234375
0 0.465625 0.4390625 0.0390625 0.03125
0 0.3796875 0.55859375 0.021875 0.021875
0 0.62734375 0.5171875 0.0203125 0.0265625
0 0.4140625 0.36796875 0.0375 0.0234375