0 0.54765625 0.88125 0.040625 0.046875
0 0.43671875 0.8828125 0.0421875 0.0484375
0 0.828125 0.653125 0.0484375 0.040625
0 0.1421875 0.7234375 0.0390625 0.034375
0 0.63046875 0.140625 0.0421875 0.046875
0 0.3265625 0.89453125 0.04375 0.046875
0 0.39765625 0.9140625 0.0390625 0.0453125
0 0.46953125 0.92734375 0.040625 0.046875
0 0.84296875 0.2671875 0.04375 0.046875
0 0.44921875 0.07734375 0.0390625 0.0453125
0 0.6 0.1296875 0.040625 0.046875
0 0.0953125 0.4015625 0.04375 0.0375
0 0.8953125 0.56640625 0.046875 0.04375
0 0.78984375 0.20625 0.04375 0.0453125
0 0.58046875 0.86796875 0.040625 0.0484375
0 0.26484375 0.85546875 0.040625 0.0453125
0 0.803125 0.28203125 0.04375 0.04375
0 0.65390625 0.88828125 0.040625 0.0453125
0 0.08125 0.47421875 0.0421875 0.0375
0 0.48671875 0.07578125 0.0390625 0.04375
0 0.19140625 0.7328125 0.0390625 0.040625
0 0.509375 0.884375 0.040625 0.046875
0 0.5203125 0.07578125 0.0390625 0.0421875
0 0.55859375 0.0796875 0.0421875 0.046875
0 0.61875 0.90078125 0.0390625 0.0453125
0 0.66640625 0.159375 0.0421875 0.046875
0 0.1671875 0.31328125 0.0453125 0.0390625
0 0.3671875 0.8625 0.040625 0.046875
0 0.15703125 0.66875 0.040625 0.0375
0 0.840625 0.61484375 0.0484375 0.040625
0 0.57890625 0.9125 0.0390625 0.0453125
0 0.1734375 0.7046875 0.04375 0.040625
0 0.71875 0.84921875 0.0421875 0.0484375
0 0.82578125 0.74375 0.0453125 0.04375
0 0.85 0.57734375 0.046875 0.0421875
0 0.5078125 0.92734375 0.040625 0.04375
0 0.76015625 0.17421875 0.0421875 0.04375
0 0.234375 0.83515625 0.0421875 0.04375
0 0.1453125 0.63828125 0.0421875 0.040625
0 0.1625 0.75703125 0.0421875 0.0390625
0 0.4546875 0.11796875 0.0390625 0.04375
0 0.103125 0.36640625 0.0453125 0.0390625
0 0.61875 0.85625 0.040625 0.046875
0 0.31875 0.1625 0.0390625 0.04375
0 0.29375 0.87890625 0.0421875 0.04375
0 0.26328125 0.203125 0.04375 0.04375
0 0.18203125 0.784375 0.040625 0.0390625
0 0.209375 0.8109375 0.0421875 0.0421875
0 0.34375 0.10703125 0.0390625 0.0453125
0 0.7484375 0.82890625 0.04375 0.04375
0 0.36484375 0.90625 0.0421875 0.046875
0 0.6828125 0.825 0.040625 0.0453125
0 0.8640625 0.67578125 0.046875 0.040625
0 0.3796875 0.09375 0.0390625 0.0421875
0 0.85703125 0.5421875 0.0484375 0.0421875
0 0.471875 0.88515625 0.040625 0.046875
0 0.68359375 0.86796875 0.0421875 0.046875
0 0.41328125 0.08203125 0.0390625 0.0484375
0 0.8765625 0.33671875 0.0453125 0.04375
0 0.4203125 0.12421875 0.0390625 0.0421875
0 0.215625 0.7640625 0.04375 0.040625
0 0.54609375 0.92265625 0.0390625 0.04375
0 0.878125 0.6390625 0.0484375 0.040625
0 0.6984375 0.13046875 0.04375 0.046875
0 0.1203125 0.45625 0.0421875 0.0421875
0 0.1234375 0.6953125 0.0453125 0.0390625
0 0.85859375 0.503125 0.0484375 0.04375
0 0.89921875 0.52890625 0.046875 0.0421875
0 0.11796875 0.53203125 0.04375 0.040625
0 0.52578125 0.11796875 0.0390625 0.04375
0 0.65234375 0.8421875 0.040625 0.0453125
0 0.15 0.3484375 0.0421875 0.0390625
0 0.3484375 0.1484375 0.0375 0.04375
0 0.88828125 0.603125 0.046875 0.0421875
0 0.56328125 0.121875 0.0390625 0.046875
0 0.8328125 0.34609375 0.0484375 0.0421875
0 0.84453125 0.71171875 0.04375 0.04375
0 0.49296875 0.11640625 0.0375 0.0421875
0 0.85859375 0.3 0.046875 0.0390625
0 0.1 0.621875 0.0453125 0.0390625
0 0.28125 0.1390625 0.0421875 0.04375
0 0.79140625 0.71875 0.0484375 0.04375
0 0.39921875 0.875 0.0359375 0.0421875
0 0.090625 0.58515625 0.0453125 0.0390625
0 0.90078125 0.48828125 0.0453125 0.0421875
0 0.11875 0.49375 0.04375 0.040625
0 0.23984375 0.7890625 0.04375 0.04375
0 0.70078125 0.17734375 0.0421875 0.046875
0 0.1328125 0.60078125 0.0453125 0.040625
0 0.12265625 0.5640625 0.040625 0.0359375
0 0.2875 0.18046875 0.0390625 0.04375
0 0.75625 0.22421875 0.0421875 0.0390625
0 0.76953125 0.7515625 0.046875 0.046875
0 0.7421875 0.778125 0.046875 0.046875
0 0.7265625 0.19609375 0.0421875 0.040625
0 0.27109375 0.8140625 0.04375 0.04375
0 0.0828125 0.440625 0.0453125 0.040625
0 0.19453125 0.21171875 0.0421875 0.0421875
0 0.78046875 0.24921875 0.0453125 0.0421875
0 0.43515625 0.92421875 0.0390625 0.046875
0 0.8859375 0.3734375 0.0453125 0.0390625
0 0.80546875 0.775 0.04375 0.0375
0 0.209375 0.253125 0.04375 0.04375
0 0.171875 0.2390625 0.0453125 0.0421875
0 0.81875 0.3140625 0.0453125 0.040625
0 0.8125 0.6859375 0.046875 0.040625
0 0.08125 0.5515625 0.04375 0.040625
0 0.71484375 0.80390625 0.0421875 0.04375
0 0.1109375 0.65703125 0.0453125 0.0390625
0 0.23125 0.22734375 0.0421875 0.0390625
0 0.89375 0.40859375 0.0453125 0.04375
0 0.18359375 0.28203125 0.0421875 0.0390625
0 0.77578125 0.80390625 0.04375 0.04375
0 0.7296875 0.15234375 0.0421875 0.046875
0 0.0796875 0.5125 0.0421875 0.0390625
0 0.89921875 0.4484375 0.046875 0.04375
0 0.853125 0.4265625 0.0484375 0.04375
0 0.82109375 0.2359375 0.04375 0.04375
0 0.3328125 0.85078125 0.04375 0.04375
0 0.2984375 0.83359375 0.040625 0.046875
0 0.4921875 0.35078125 0.0421875 0.034375
0 0.1390625 0.38515625 0.040625 0.040625
0 0.25234375 0.16328125 0.040625 0.040625
0 0.8453125 0.38515625 0.046875 0.0453125
0 0.38359375 0.1328125 0.0375 0.04375
0 0.15078125 0.26796875 0.04375 0.0359375
0 0.3125 0.12109375 0.0390625 0.040625
0 0.13125 0.29765625 0.04375 0.0390625
0 0.6640625 0.1125 0.0453125 0.05
0 0.1265625 0.42109375 0.040625 0.040625
0 0.62734375 0.09609375 0.040625 0.0484375
0 0.85703125 0.46171875 0.0484375 0.04375
0 0.4484375 0.353125 0.0421875 0.0328125
0 0.59609375 0.0859375 0.040625 0.0453125
0 0.115625 0.3328125 0.0390625 0.0375
0 0.371875 0.5875 0.0421875 0.0359375
0 0.225 0.1875 0.04375 0.040625
0 0.34140625 0.51171875 0.0328125 0.05
0 0.5375 0.47109375 0.0328125 0.025
0 0.4453125 0.38359375 0.0296875 0.0234375