0 0.328125 0.89375 0.04375 0.046875
0 0.69765625 0.13125 0.04375 0.0484375
0 0.63046875 0.14140625 0.04375 0.0453125
0 0.8421875 0.61484375 0.046875 0.040625
0 0.6 0.12890625 0.040625 0.0453125
0 0.546875 0.88125 0.0390625 0.04375
0 0.43671875 0.8828125 0.0390625 0.0484375
0 0.39765625 0.91328125 0.0390625 0.046875
0 0.26484375 0.8546875 0.040625 0.0453125
0 0.78984375 0.20234375 0.046875 0.0453125
0 0.6546875 0.88671875 0.0390625 0.0453125
0 0.4484375 0.07578125 0.0390625 0.04375
0 0.36640625 0.8625 0.0390625 0.0453125
0 0.5578125 0.0796875 0.040625 0.0453125
0 0.5796875 0.9125 0.0390625 0.0453125
0 0.46953125 0.92890625 0.040625 0.0484375
0 0.84296875 0.26796875 0.0484375 0.0453125
0 0.5078125 0.92890625 0.040625 0.04375
0 0.89453125 0.565625 0.0453125 0.0421875
0 0.4859375 0.07421875 0.0375 0.0421875
0 0.31171875 0.115625 0.0328125 0.0328125
0 0.38046875 0.09296875 0.0390625 0.0453125
0 0.82890625 0.653125 0.05 0.040625
0 0.29375 0.87890625 0.04375 0.0453125
0 0.5203125 0.075 0.0390625 0.0421875
0 0.1421875 0.7234375 0.0390625 0.034375
0 0.49296875 0.115625 0.0375 0.0421875
0 0.190625 0.73359375 0.0375 0.040625
0 0.85625 0.5421875 0.046875 0.04375
0 0.1234375 0.69453125 0.0453125 0.0375
0 0.85 0.57734375 0.0484375 0.0421875
0 0.1 0.621875 0.0453125 0.0390625
0 0.5265625 0.11796875 0.0390625 0.0421875
0 0.43515625 0.92421875 0.0390625 0.0453125
0 0.215625 0.76484375 0.040625 0.04375
0 0.61640625 0.90078125 0.0375 0.04375
0 0.61796875 0.85625 0.040625 0.046875
0 0.365625 0.90625 0.04375 0.046875
0 0.71953125 0.84921875 0.0421875 0.0484375
0 0.859375 0.3 0.046875 0.0390625
0 0.58046875 0.86796875 0.040625 0.046875
0 0.6828125 0.825 0.0421875 0.0484375
0 0.11796875 0.49453125 0.04375 0.0421875
0 0.471875 0.884375 0.0390625 0.046875
0 0.27109375 0.8125 0.04375 0.046875
0 0.87734375 0.640625 0.05 0.04375
0 0.66640625 0.16015625 0.0421875 0.046875
0 0.12578125 0.41796875 0.0421875 0.04375
0 0.2984375 0.83359375 0.040625 0.046875
0 0.15703125 0.66875 0.040625 0.0359375
0 0.1734375 0.70390625 0.0453125 0.0390625
0 0.1453125 0.6375 0.040625 0.0390625
0 0.83359375 0.346875 0.05 0.040625
0 0.234375 0.83515625 0.0421875 0.0421875
0 0.1671875 0.3125 0.04375 0.0390625
0 0.80390625 0.2828125 0.04375 0.04375
0 0.18203125 0.78359375 0.0390625 0.0390625
0 0.34296875 0.10703125 0.0390625 0.0453125
0 0.88671875 0.6046875 0.05 0.04375
0 0.209375 0.8109375 0.040625 0.0421875
0 0.72734375 0.19609375 0.04375 0.040625
0 0.85859375 0.50234375 0.0484375 0.04375
0 0.8765625 0.3359375 0.0453125 0.0421875
0 0.12109375 0.45546875 0.0421875 0.0421875
0 0.59609375 0.0859375 0.04375 0.046875
0 0.28125 0.1375 0.04375 0.04375
0 0.45546875 0.11796875 0.0390625 0.04375
0 0.82109375 0.234375 0.040625 0.0421875
0 0.78046875 0.2484375 0.046875 0.04375
0 0.11875 0.52734375 0.04375 0.0359375
0 0.41796875 0.1234375 0.0390625 0.04375
0 0.31796875 0.1625 0.0390625 0.0453125
0 0.81953125 0.3140625 0.04375 0.0421875
0 0.89921875 0.528125 0.0453125 0.0390625
0 0.54609375 0.91796875 0.0375 0.0421875
0 0.7703125 0.75234375 0.046875 0.04375
0 0.56328125 0.121875 0.0375 0.0484375
0 0.6515625 0.840625 0.0390625 0.04375
0 0.2390625 0.7890625 0.0421875 0.0421875
0 0.76171875 0.17421875 0.0390625 0.04375
0 0.86484375 0.67421875 0.0421875 0.0359375
0 0.15859375 0.75625 0.0453125 0.0421875
0 0.20859375 0.2515625 0.0421875 0.04375
0 0.26328125 0.203125 0.04375 0.0453125
0 0.7421875 0.7765625 0.046875 0.04375
0 0.8953125 0.40859375 0.04375 0.04375
0 0.8125 0.6859375 0.046875 0.040625
0 0.09375 0.40078125 0.04375 0.0375
0 0.7015625 0.1765625 0.040625 0.0484375
0 0.08125 0.47421875 0.0421875 0.0375
0 0.08203125 0.55078125 0.04375 0.0390625
0 0.384375 0.13359375 0.0390625 0.0453125
0 0.74765625 0.82890625 0.04375 0.0453125
0 0.71484375 0.8 0.0421875 0.04375
0 0.15078125 0.3484375 0.0421875 0.0375
0 0.1328125 0.60078125 0.0453125 0.040625
0 0.9015625 0.48828125 0.04375 0.04375
0 0.853125 0.42578125 0.0484375 0.040625
0 0.80625 0.77578125 0.04375 0.0390625
0 0.103125 0.36484375 0.0453125 0.0359375
0 0.13125 0.2984375 0.04375 0.0390625
0 0.5109375 0.884375 0.0421875 0.046875
0 0.8453125 0.38515625 0.046875 0.04375
0 0.8859375 0.37265625 0.046875 0.0390625
0 0.68828125 0.87109375 0.0390625 0.0421875
0 0.73046875 0.1484375 0.04375 0.059375
0 0.41328125 0.0828125 0.0375 0.0453125
0 0.1515625 0.26875 0.04375 0.0375
0 0.75625 0.22421875 0.040625 0.0375
0 0.2875 0.18046875 0.0421875 0.04375
0 0.0921875 0.58515625 0.04375 0.0390625
0 0.49453125 0.34921875 0.0421875 0.028125
0 0.17109375 0.23828125 0.04375 0.0421875
0 0.66328125 0.1140625 0.0390625 0.046875
0 0.23125 0.228125 0.0421875 0.0421875
0 0.790625 0.71875 0.0484375 0.040625
0 0.12265625 0.5640625 0.0453125 0.0375
0 0.8984375 0.44921875 0.046875 0.040625
0 0.77578125 0.803125 0.04375 0.0421875
0 0.1109375 0.65859375 0.0453125 0.0390625
0 0.39921875 0.875 0.0359375 0.040625
0 0.62578125 0.10078125 0.0390625 0.04375
0 0.084375 0.440625 0.04375 0.0421875
0 0.34921875 0.1484375 0.0375 0.04375
0 0.8265625 0.7421875 0.04375 0.0390625
0 0.0796875 0.5125 0.040625 0.0375
0 0.25 0.1625 0.046875 0.040625
0 0.140625 0.38359375 0.0390625 0.0390625
0 0.40234375 0.54453125 0.0265625 0.0203125
0 0.84453125 0.71015625 0.0421875 0.0421875
0 0.85703125 0.4609375 0.046875 0.04375
0 0.38984375 0.61171875 0.028125 0.0265625
0 0.44765625 0.353125 0.04375 0.0359375
0 0.33125 0.85 0.040625 0.040625
0 0.18359375 0.2828125 0.0421875 0.0390625
0 0.2234375 0.18671875 0.0453125 0.0375
0 0.340625 0.546875 0.015625 0.01875
0 0.53125 0.5453125 0.0328125 0.0296875
0 0.11640625 0.3328125 0.046875 0.0375
0 0.51875 0.41015625 0.03125 0.021875
0 0.609375 0.5640625 0.0359375 0.0421875
0 0.19453125 0.21171875 0.04375 0.0390625
0 0.49609375 0.55546875 0.0390625 0.034375