0 0.59921875 0.12890625 0.040625 0.04375
0 0.828125 0.653125 0.0484375 0.0390625
0 0.840625 0.61484375 0.05 0.0390625
0 0.39765625 0.91484375 0.0390625 0.0453125
0 0.46953125 0.928125 0.0421875 0.0453125
0 0.4484375 0.07734375 0.040625 0.0453125
0 0.4375 0.8828125 0.0390625 0.0484375
0 0.69765625 0.13046875 0.04375 0.046875
0 0.6296875 0.14140625 0.0421875 0.0453125
0 0.65390625 0.88828125 0.040625 0.0453125
0 0.3265625 0.89375 0.04375 0.0453125
0 0.36640625 0.86328125 0.040625 0.046875
0 0.8953125 0.565625 0.046875 0.04375
0 0.54765625 0.88125 0.040625 0.0453125
0 0.80390625 0.28203125 0.04375 0.0421875
0 0.1421875 0.72421875 0.0390625 0.034375
0 0.84296875 0.26796875 0.0421875 0.0453125
0 0.51953125 0.07578125 0.040625 0.04375
0 0.7890625 0.20546875 0.0421875 0.040625
0 0.17265625 0.70390625 0.04375 0.0375
0 0.190625 0.73359375 0.0390625 0.040625
0 0.84921875 0.5765625 0.0484375 0.040625
0 0.85703125 0.54296875 0.046875 0.04375
0 0.5078125 0.928125 0.040625 0.04375
0 0.5578125 0.0796875 0.040625 0.04375
0 0.14453125 0.63828125 0.040625 0.0390625
0 0.41171875 0.0828125 0.0359375 0.0453125
0 0.4859375 0.075 0.0390625 0.0421875
0 0.4546875 0.11796875 0.0375 0.0421875
0 0.23359375 0.8359375 0.0421875 0.0421875
0 0.47109375 0.884375 0.0390625 0.0484375
0 0.61796875 0.85625 0.0421875 0.0484375
0 0.5796875 0.9125 0.0390625 0.0453125
0 0.8125 0.6859375 0.046875 0.040625
0 0.2640625 0.85625 0.040625 0.0453125
0 0.0953125 0.4015625 0.04375 0.0359375
0 0.90078125 0.4890625 0.0453125 0.0421875
0 0.61796875 0.9015625 0.0375 0.0453125
0 0.1234375 0.6953125 0.0453125 0.0375
0 0.38046875 0.09375 0.0375 0.04375
0 0.42109375 0.12421875 0.0375 0.040625
0 0.1578125 0.66875 0.040625 0.0359375
0 0.10234375 0.365625 0.0453125 0.0375
0 0.08125 0.4734375 0.040625 0.0359375
0 0.1609375 0.75703125 0.0421875 0.0375
0 0.71875 0.84921875 0.0421875 0.046875
0 0.85859375 0.503125 0.05 0.04375
0 0.89921875 0.52578125 0.046875 0.0390625
0 0.11875 0.49453125 0.0421875 0.0421875
0 0.34296875 0.10625 0.0390625 0.0453125
0 0.2625 0.20390625 0.04375 0.04375
0 0.88671875 0.60546875 0.05 0.04375
0 0.18203125 0.78359375 0.040625 0.040625
0 0.7609375 0.17421875 0.0421875 0.04375
0 0.58046875 0.86796875 0.040625 0.046875
0 0.209375 0.81171875 0.040625 0.040625
0 0.209375 0.25234375 0.04375 0.040625
0 0.16640625 0.31328125 0.04375 0.0390625
0 0.88671875 0.3734375 0.0453125 0.0390625
0 0.12109375 0.45546875 0.0421875 0.040625
0 0.87578125 0.33671875 0.0453125 0.0421875
0 0.859375 0.3 0.046875 0.0390625
0 0.4921875 0.11796875 0.0390625 0.04375
0 0.7703125 0.75234375 0.04375 0.04375
0 0.9 0.44921875 0.046875 0.0421875
0 0.8640625 0.67578125 0.0453125 0.0390625
0 0.5453125 0.91953125 0.0390625 0.04375
0 0.29375 0.878125 0.0421875 0.04375
0 0.7796875 0.2484375 0.0453125 0.040625
0 0.665625 0.16015625 0.0421875 0.0453125
0 0.853125 0.4265625 0.046875 0.0421875
0 0.23984375 0.78828125 0.040625 0.04375
0 0.89453125 0.4109375 0.04375 0.0453125
0 0.29921875 0.83359375 0.040625 0.0453125
0 0.7265625 0.196875 0.04375 0.0421875
0 0.8453125 0.71171875 0.04375 0.040625
0 0.1 0.621875 0.046875 0.0390625
0 0.81875 0.3140625 0.0453125 0.040625
0 0.215625 0.76484375 0.04375 0.0390625
0 0.31875 0.1625 0.0375 0.04375
0 0.8328125 0.346875 0.0484375 0.0390625
0 0.27109375 0.81484375 0.04375 0.0453125
0 0.8453125 0.3859375 0.046875 0.04375
0 0.52578125 0.11796875 0.040625 0.0421875
0 0.8765625 0.6390625 0.0484375 0.0390625
0 0.0796875 0.51171875 0.04375 0.0390625
0 0.59453125 0.0859375 0.04375 0.0484375
0 0.08203125 0.55078125 0.04375 0.0390625
0 0.39921875 0.87578125 0.0375 0.0421875
0 0.36171875 0.90625 0.0390625 0.0453125
0 0.08984375 0.5859375 0.04375 0.0390625
0 0.6546875 0.84296875 0.040625 0.046875
0 0.11875 0.528125 0.04375 0.0359375
0 0.509375 0.88515625 0.040625 0.046875
0 0.80546875 0.77578125 0.04375 0.0390625
0 0.13203125 0.6015625 0.0453125 0.0390625
0 0.75625 0.2234375 0.0421875 0.0390625
0 0.28125 0.1390625 0.04375 0.0453125
0 0.2875 0.18125 0.0390625 0.04375
0 0.15078125 0.3484375 0.0421875 0.0390625
0 0.56171875 0.1203125 0.034375 0.0421875
0 0.13125 0.29765625 0.04375 0.0390625
0 0.71484375 0.8015625 0.04375 0.0453125
0 0.384375 0.13203125 0.0390625 0.0421875
0 0.1390625 0.38515625 0.0390625 0.0390625
0 0.11484375 0.334375 0.04375 0.040625
0 0.121875 0.5640625 0.0453125 0.0375
0 0.15078125 0.26953125 0.04375 0.0390625
0 0.171875 0.2375 0.04375 0.0375
0 0.68359375 0.825 0.040625 0.04375
0 0.8265625 0.74296875 0.0453125 0.0390625
0 0.78984375 0.71875 0.0484375 0.0421875
0 0.75 0.8296875 0.04375 0.0421875
0 0.33203125 0.85078125 0.04375 0.04375
0 0.11015625 0.6578125 0.0453125 0.0375
0 0.77734375 0.8046875 0.0453125 0.0453125
0 0.68828125 0.87109375 0.0390625 0.0421875
0 0.08359375 0.440625 0.0453125 0.040625
0 0.6609375 0.1140625 0.0421875 0.04375
0 0.43515625 0.925 0.0390625 0.0453125
0 0.23125 0.22734375 0.040625 0.0390625
0 0.7015625 0.17734375 0.0421875 0.05
0 0.34921875 0.14921875 0.0359375 0.04375
0 0.82109375 0.2359375 0.04375 0.0453125
0 0.72890625 0.1515625 0.0421875 0.0453125
0 0.31015625 0.121875 0.04375 0.0453125
0 0.740625 0.77734375 0.0453125 0.04375
0 0.18359375 0.2828125 0.040625 0.0390625
0 0.19453125 0.2125 0.0421875 0.0375
0 0.49375 0.34765625 0.0421875 0.028125
0 0.253125 0.16328125 0.040625 0.040625
0 0.8578125 0.46015625 0.0453125 0.04375
0 0.22265625 0.18671875 0.04375 0.0421875
0 0.1265625 0.41875 0.0421875 0.0421875
0 0.62578125 0.1 0.040625 0.0453125
0 0.45 0.35390625 0.04375 0.0328125
0 0.3703125 0.59296875 0.034375 0.03125