0 0.4375 0.8828125 0.040625 0.05
0 0.5578125 0.0796875 0.0421875 0.0484375
0 0.5484375 0.88125 0.0421875 0.046875
0 0.6 0.1296875 0.0421875 0.0453125
0 0.51953125 0.07578125 0.040625 0.0421875
0 0.65390625 0.8875 0.040625 0.046875
0 0.39765625 0.9140625 0.0390625 0.046875
0 0.26484375 0.85546875 0.0390625 0.0453125
0 0.840625 0.61484375 0.0484375 0.0421875
0 0.69765625 0.13046875 0.04375 0.046875
0 0.58125 0.86796875 0.0421875 0.05
0 0.1421875 0.7234375 0.040625 0.0375
0 0.7609375 0.175 0.040625 0.0453125
0 0.63046875 0.1421875 0.0421875 0.046875
0 0.46953125 0.928125 0.0421875 0.046875
0 0.32734375 0.89453125 0.04375 0.046875
0 0.4859375 0.075 0.0390625 0.040625
0 0.45 0.07734375 0.0390625 0.0453125
0 0.3640625 0.90625 0.040625 0.046875
0 0.61796875 0.85625 0.040625 0.046875
0 0.19140625 0.73359375 0.0390625 0.040625
0 0.61640625 0.90234375 0.0390625 0.046875
0 0.36640625 0.86171875 0.0390625 0.0453125
0 0.16640625 0.3140625 0.0453125 0.040625
0 0.5078125 0.92734375 0.0390625 0.0453125
0 0.8421875 0.26796875 0.0484375 0.0453125
0 0.71875 0.84921875 0.04375 0.05
0 0.5796875 0.91171875 0.0390625 0.0453125
0 0.54609375 0.91953125 0.0390625 0.04375
0 0.5265625 0.11953125 0.0390625 0.0453125
0 0.82890625 0.653125 0.05 0.0390625
0 0.49296875 0.115625 0.0390625 0.04375
0 0.80390625 0.28203125 0.04375 0.04375
0 0.14453125 0.63828125 0.0421875 0.0390625
0 0.29375 0.87890625 0.0421875 0.0453125
0 0.78984375 0.20625 0.04375 0.0453125
0 0.38046875 0.0921875 0.0390625 0.0453125
0 0.509375 0.88515625 0.040625 0.046875
0 0.171875 0.2390625 0.0421875 0.04375
0 0.34375 0.1078125 0.040625 0.0453125
0 0.8953125 0.565625 0.0453125 0.0421875
0 0.47109375 0.88515625 0.0421875 0.0484375
0 0.29921875 0.83359375 0.0421875 0.046875
0 0.5953125 0.0859375 0.04375 0.046875
0 0.215625 0.76484375 0.040625 0.04375
0 0.4171875 0.1234375 0.0390625 0.0421875
0 0.68359375 0.825 0.040625 0.0453125
0 0.11796875 0.53203125 0.0421875 0.0390625
0 0.43515625 0.925 0.040625 0.046875
0 0.17421875 0.70390625 0.0453125 0.0421875
0 0.1828125 0.784375 0.0421875 0.040625
0 0.11875 0.49453125 0.04375 0.0421875
0 0.4125 0.0828125 0.0375 0.046875
0 0.1328125 0.6015625 0.0453125 0.040625
0 0.209375 0.8109375 0.040625 0.04375
0 0.10390625 0.36640625 0.04375 0.0390625
0 0.0953125 0.4015625 0.04375 0.0390625
0 0.56328125 0.12265625 0.0359375 0.046875
0 0.27109375 0.8140625 0.04375 0.04375
0 0.665625 0.16015625 0.040625 0.046875
0 0.234375 0.8359375 0.0421875 0.0421875
0 0.1234375 0.69453125 0.0453125 0.0390625
0 0.8328125 0.346875 0.0484375 0.0421875
0 0.1609375 0.75703125 0.0421875 0.0390625
0 0.23984375 0.7890625 0.0421875 0.0453125
0 0.878125 0.63984375 0.05 0.0421875
0 0.81328125 0.6859375 0.046875 0.040625
0 0.12109375 0.45546875 0.0421875 0.0421875
0 0.859375 0.3 0.046875 0.0390625
0 0.65546875 0.84296875 0.0421875 0.046875
0 0.88671875 0.37265625 0.046875 0.040625
0 0.8765625 0.33515625 0.0453125 0.04375
0 0.08046875 0.51328125 0.04375 0.0390625
0 0.8453125 0.71171875 0.0453125 0.04375
0 0.82578125 0.74296875 0.04375 0.04375
0 0.85234375 0.578125 0.05 0.04375
0 0.26328125 0.203125 0.04375 0.04375
0 0.28125 0.1390625 0.04375 0.0453125
0 0.8953125 0.40859375 0.04375 0.046875
0 0.15078125 0.26953125 0.0453125 0.0390625
0 0.31875 0.1625 0.0390625 0.04375
0 0.853125 0.42578125 0.0484375 0.04375
0 0.8203125 0.3125 0.046875 0.040625
0 0.3140625 0.1203125 0.0390625 0.0421875
0 0.85859375 0.503125 0.05 0.0453125
0 0.8453125 0.3859375 0.046875 0.04375
0 0.74765625 0.82890625 0.0421875 0.04375
0 0.78984375 0.7203125 0.0515625 0.04375
0 0.2875 0.18125 0.040625 0.0453125
0 0.1 0.62421875 0.046875 0.0390625
0 0.85625 0.54296875 0.0484375 0.04375
0 0.70078125 0.17578125 0.0390625 0.0484375
0 0.77734375 0.79921875 0.04375 0.0484375
0 0.08125 0.47421875 0.0421875 0.040625
0 0.76796875 0.74921875 0.0484375 0.04375
0 0.75703125 0.22421875 0.04375 0.040625
0 0.684375 0.86875 0.0390625 0.046875
0 0.88828125 0.60546875 0.0515625 0.0453125
0 0.7796875 0.24921875 0.046875 0.0421875
0 0.66328125 0.1140625 0.0421875 0.046875
0 0.72734375 0.19609375 0.0421875 0.040625
0 0.14921875 0.3484375 0.04375 0.0375
0 0.9015625 0.48828125 0.0453125 0.04375
0 0.39921875 0.875 0.0359375 0.0421875
0 0.8640625 0.67578125 0.046875 0.0390625
0 0.74140625 0.77890625 0.0453125 0.0484375
0 0.09140625 0.5859375 0.04375 0.040625
0 0.715625 0.80390625 0.040625 0.04375
0 0.45546875 0.11796875 0.0375 0.0421875
0 0.209375 0.253125 0.04375 0.046875
0 0.13125 0.2984375 0.04375 0.0390625
0 0.82109375 0.2359375 0.04375 0.0421875
0 0.33203125 0.85078125 0.0421875 0.04375
0 0.55546875 0.4484375 0.0359375 0.0296875
0 0.1578125 0.66796875 0.040625 0.0390625
0 0.73203125 0.1484375 0.046875 0.0625
0 0.384375 0.13203125 0.0390625 0.0453125
0 0.23203125 0.228125 0.040625 0.0421875
0 0.34921875 0.14765625 0.0375 0.04375
0 0.4921875 0.34921875 0.0375 0.028125
0 0.80625 0.77578125 0.04375 0.0390625
0 0.11484375 0.33359375 0.040625 0.040625
0 0.1265625 0.41875 0.04375 0.0421875
0 0.3984375 0.5515625 0.0359375 0.0359375
0 0.22265625 0.18671875 0.0453125 0.040625
0 0.11171875 0.65703125 0.0453125 0.0390625
0 0.253125 0.1625 0.0421875 0.040625
0 0.08203125 0.55078125 0.0453125 0.0390625
0 0.9 0.45078125 0.0484375 0.040625
0 0.1234375 0.5640625 0.040625 0.0375
0 0.13984375 0.38515625 0.040625 0.0421875
0 0.36953125 0.590625 0.0296875 0.03125
0 0.85625 0.4609375 0.0453125 0.0453125
0 0.89921875 0.52578125 0.046875 0.0421875
0 0.08203125 0.43984375 0.046875 0.040625
0 0.3921875 0.6125 0.03125 0.034375
0 0.19453125 0.2125 0.04375 0.04375
0 0.41328125 0.36953125 0.0390625 0.03125
0 0.34140625 0.4625 0.0265625 0.03125
0 0.1828125 0.28203125 0.0421875 0.0390625
0 0.45 0.3546875 0.04375 0.034375
0 0.34296875 0.54765625 0.021875 0.025
0 0.62578125 0.1 0.040625 0.0453125
0 0.43359375 0.56875 0.0328125 0.0296875