0 0.63046875 0.1421875 0.04375 0.046875
0 0.39765625 0.9140625 0.040625 0.046875
0 0.43671875 0.8828125 0.040625 0.0484375
0 0.6 0.13046875 0.04375 0.0484375
0 0.65390625 0.88671875 0.040625 0.0484375
0 0.3265625 0.89375 0.0421875 0.046875
0 0.78984375 0.203125 0.046875 0.04375
0 0.19140625 0.73359375 0.0390625 0.0421875
0 0.5578125 0.08046875 0.0421875 0.046875
0 0.265625 0.85546875 0.040625 0.0453125
0 0.54765625 0.88046875 0.0390625 0.0453125
0 0.84140625 0.6140625 0.0484375 0.0390625
0 0.5203125 0.07578125 0.0390625 0.0421875
0 0.36640625 0.86171875 0.0390625 0.0453125
0 0.828125 0.653125 0.0484375 0.040625
0 0.46953125 0.92734375 0.040625 0.0453125
0 0.49296875 0.11640625 0.0375 0.04375
0 0.80390625 0.28203125 0.04375 0.04375
0 0.5078125 0.92734375 0.040625 0.04375
0 0.48671875 0.07421875 0.0390625 0.040625
0 0.61796875 0.90078125 0.0390625 0.046875
0 0.6984375 0.13046875 0.0453125 0.0484375
0 0.45 0.07578125 0.0375 0.0421875
0 0.84296875 0.26796875 0.04375 0.0453125
0 0.6546875 0.84140625 0.040625 0.0484375
0 0.23984375 0.78828125 0.04375 0.04375
0 0.34375 0.10703125 0.040625 0.0453125
0 0.23359375 0.8359375 0.0421875 0.04375
0 0.1671875 0.3125 0.04375 0.040625
0 0.58046875 0.86796875 0.040625 0.046875
0 0.1734375 0.703125 0.0453125 0.0375
0 0.6171875 0.85703125 0.0390625 0.046875
0 0.1421875 0.72421875 0.040625 0.034375
0 0.665625 0.159375 0.0421875 0.046875
0 0.71875 0.84921875 0.0421875 0.0484375
0 0.45390625 0.11875 0.0390625 0.0453125
0 0.09453125 0.4015625 0.04375 0.0390625
0 0.57890625 0.9125 0.0390625 0.046875
0 0.471875 0.88515625 0.040625 0.0484375
0 0.4125 0.08203125 0.0375 0.046875
0 0.29453125 0.87890625 0.04375 0.046875
0 0.18203125 0.78359375 0.0390625 0.040625
0 0.88828125 0.6046875 0.05 0.04375
0 0.28125 0.13828125 0.0421875 0.0421875
0 0.8953125 0.56484375 0.0453125 0.04375
0 0.37890625 0.0890625 0.0375 0.046875
0 0.1 0.621875 0.0453125 0.0390625
0 0.10234375 0.36484375 0.0453125 0.0375
0 0.6828125 0.82578125 0.0421875 0.046875
0 0.31796875 0.1625 0.0390625 0.0453125
0 0.2703125 0.8140625 0.04375 0.0453125
0 0.7609375 0.17265625 0.0421875 0.0453125
0 0.11875 0.49453125 0.04375 0.0421875
0 0.8765625 0.3359375 0.0453125 0.04375
0 0.85625 0.5421875 0.046875 0.04375
0 0.20859375 0.81015625 0.0390625 0.040625
0 0.1578125 0.66875 0.040625 0.0375
0 0.5265625 0.11796875 0.0390625 0.04375
0 0.85234375 0.578125 0.0484375 0.0421875
0 0.4359375 0.92421875 0.0375 0.046875
0 0.8328125 0.346875 0.0484375 0.040625
0 0.171875 0.2390625 0.04375 0.04375
0 0.5453125 0.91875 0.0375 0.04375
0 0.14453125 0.6375 0.040625 0.0390625
0 0.08125 0.5515625 0.0453125 0.0390625
0 0.11875 0.528125 0.0453125 0.0390625
0 0.88671875 0.37265625 0.046875 0.0390625
0 0.2984375 0.83359375 0.0390625 0.046875
0 0.26328125 0.20390625 0.0421875 0.0453125
0 0.1234375 0.6953125 0.0453125 0.0390625
0 0.1515625 0.26875 0.0453125 0.0390625
0 0.74140625 0.77734375 0.04375 0.046875
0 0.85859375 0.503125 0.05 0.0453125
0 0.4203125 0.12421875 0.0390625 0.0421875
0 0.08125 0.4734375 0.040625 0.0375
0 0.3640625 0.90625 0.0421875 0.046875
0 0.5953125 0.0859375 0.0421875 0.0453125
0 0.509375 0.88515625 0.0390625 0.0453125
0 0.12109375 0.45546875 0.040625 0.0421875
0 0.7703125 0.75234375 0.04375 0.0453125
0 0.21640625 0.7640625 0.0421875 0.04375
0 0.7796875 0.2484375 0.0453125 0.0421875
0 0.68359375 0.86875 0.0421875 0.046875
0 0.1328125 0.6015625 0.04375 0.0390625
0 0.56171875 0.1203125 0.034375 0.040625
0 0.87734375 0.63984375 0.0484375 0.040625
0 0.09140625 0.5859375 0.04375 0.040625
0 0.12578125 0.41875 0.04375 0.0421875
0 0.8453125 0.3859375 0.046875 0.04375
0 0.1609375 0.75703125 0.040625 0.0359375
0 0.859375 0.29921875 0.0484375 0.040625
0 0.69921875 0.1765625 0.040625 0.046875
0 0.209375 0.25390625 0.0453125 0.046875
0 0.90078125 0.48828125 0.04375 0.04375
0 0.8640625 0.67578125 0.046875 0.0390625
0 0.28828125 0.18046875 0.0390625 0.04375
0 0.8453125 0.71171875 0.04375 0.04375
0 0.75625 0.22421875 0.0421875 0.0390625
0 0.82109375 0.2359375 0.0421875 0.0421875
0 0.13125 0.29765625 0.04375 0.040625
0 0.790625 0.71796875 0.046875 0.040625
0 0.8203125 0.3125 0.046875 0.0390625
0 0.38359375 0.13359375 0.0390625 0.046875
0 0.85390625 0.4265625 0.046875 0.0421875
0 0.81171875 0.6859375 0.046875 0.0421875
0 0.8953125 0.40859375 0.0453125 0.0453125
0 0.74765625 0.828125 0.04375 0.0421875
0 0.89921875 0.45 0.046875 0.0421875
0 0.15 0.3484375 0.0453125 0.0375
0 0.7265625 0.2 0.04375 0.0453125
0 0.3484375 0.1484375 0.0359375 0.04375
0 0.71484375 0.80390625 0.0421875 0.0421875
0 0.89921875 0.52578125 0.046875 0.040625
0 0.0796875 0.5125 0.0421875 0.0390625
0 0.140625 0.384375 0.0390625 0.040625
0 0.12265625 0.5640625 0.040625 0.0390625
0 0.3984375 0.87578125 0.0359375 0.0421875
0 0.253125 0.1625 0.0421875 0.0421875
0 0.825 0.74296875 0.0453125 0.040625
0 0.44609375 0.35390625 0.0359375 0.03125
0 0.7296875 0.15234375 0.0453125 0.053125
0 0.3140625 0.1203125 0.040625 0.040625
0 0.19453125 0.21171875 0.0421875 0.040625
0 0.08359375 0.43984375 0.046875 0.040625
0 0.33203125 0.85 0.0421875 0.0421875
0 0.80625 0.77578125 0.04375 0.0375
0 0.46015625 0.48828125 0.046875 0.0484375
0 0.62578125 0.10078125 0.0390625 0.0453125
0 0.66328125 0.1140625 0.0390625 0.0453125
0 0.48984375 0.34765625 0.0328125 0.0265625
0 0.40078125 0.54921875 0.03125 0.028125
0 0.23125 0.228125 0.0421875 0.0421875
0 0.77890625 0.80078125 0.04375 0.04375
0 0.85703125 0.4609375 0.0453125 0.0453125
0 0.1109375 0.65703125 0.046875 0.0390625
0 0.115625 0.3328125 0.0421875 0.0390625
0 0.184375 0.28203125 0.040625 0.0390625
0 0.56875 0.49296875 0.0359375 0.04375
0 0.22265625 0.18671875 0.040625 0.0390625
0 0.36953125 0.5859375 0.0328125 0.0265625
0 0.53828125 0.47109375 0.03125 0.0234375
0 0.4 0.61953125 0.0296875 0.0265625
0 0.55859375 0.5875 0.0328125 0.028125
0 0.55546875 0.6234375 0.0390625 0.0359375