0 0.54765625 0.88125 0.0390625 0.04375
0 0.82890625 0.65390625 0.0484375 0.0390625
0 0.3984375 0.9140625 0.0390625 0.0453125
0 0.8421875 0.26796875 0.046875 0.04375
0 0.63046875 0.14140625 0.0421875 0.0453125
0 0.4484375 0.07578125 0.0375 0.0421875
0 0.7890625 0.20234375 0.0453125 0.04375
0 0.4375 0.8828125 0.040625 0.046875
0 0.16640625 0.31328125 0.04375 0.040625
0 0.8953125 0.56484375 0.0453125 0.0421875
0 0.5203125 0.075 0.040625 0.040625
0 0.5578125 0.0796875 0.040625 0.0453125
0 0.26484375 0.85546875 0.0421875 0.0453125
0 0.1421875 0.7234375 0.0390625 0.0359375
0 0.3265625 0.89375 0.04375 0.046875
0 0.69765625 0.13046875 0.04375 0.046875
0 0.84140625 0.61484375 0.0484375 0.040625
0 0.59921875 0.1296875 0.040625 0.04375
0 0.46953125 0.92890625 0.0421875 0.046875
0 0.85625 0.5421875 0.046875 0.0421875
0 0.803125 0.28125 0.04375 0.0421875
0 0.14375 0.6375 0.040625 0.0390625
0 0.61796875 0.9 0.0390625 0.04375
0 0.36640625 0.86328125 0.0390625 0.0453125
0 0.4859375 0.075 0.0390625 0.0390625
0 0.6546875 0.88828125 0.040625 0.0453125
0 0.09375 0.4015625 0.04375 0.0375
0 0.103125 0.36484375 0.0453125 0.0359375
0 0.85 0.57734375 0.05 0.0421875
0 0.38046875 0.09296875 0.0390625 0.0421875
0 0.1578125 0.66875 0.040625 0.0359375
0 0.7609375 0.175 0.040625 0.04375
0 0.11875 0.49375 0.04375 0.040625
0 0.19140625 0.73359375 0.0390625 0.0390625
0 0.5078125 0.9265625 0.040625 0.0421875
0 0.12109375 0.45546875 0.0421875 0.040625
0 0.6171875 0.85625 0.0421875 0.046875
0 0.08125 0.4734375 0.0421875 0.0375
0 0.29453125 0.87890625 0.0421875 0.0453125
0 0.59453125 0.08671875 0.040625 0.0453125
0 0.5265625 0.1171875 0.0390625 0.04375
0 0.57890625 0.91171875 0.0390625 0.04375
0 0.17421875 0.70390625 0.0453125 0.0390625
0 0.4546875 0.11796875 0.0375 0.0421875
0 0.71953125 0.85 0.0421875 0.046875
0 0.31953125 0.1609375 0.0390625 0.04375
0 0.89453125 0.4109375 0.04375 0.04375
0 0.11875 0.528125 0.0453125 0.0375
0 0.8578125 0.503125 0.05 0.04375
0 0.1828125 0.78359375 0.0421875 0.040625
0 0.471875 0.884375 0.0390625 0.046875
0 0.4203125 0.12265625 0.0375 0.0390625
0 0.86484375 0.67578125 0.0453125 0.0390625
0 0.34296875 0.10703125 0.0390625 0.04375
0 0.89921875 0.52578125 0.046875 0.0390625
0 0.88671875 0.37265625 0.0453125 0.0375
0 0.7265625 0.19609375 0.0421875 0.040625
0 0.08125 0.55078125 0.0453125 0.0390625
0 0.9015625 0.48828125 0.0453125 0.040625
0 0.4125 0.08203125 0.0359375 0.04375
0 0.878125 0.63984375 0.0484375 0.0390625
0 0.28828125 0.18203125 0.040625 0.046875
0 0.12265625 0.6953125 0.0453125 0.0375
0 0.70078125 0.17734375 0.04375 0.0484375
0 0.8875 0.6046875 0.05 0.0421875
0 0.8203125 0.23515625 0.0421875 0.0421875
0 0.1328125 0.60078125 0.0453125 0.0375
0 0.5453125 0.91953125 0.0390625 0.04375
0 0.23984375 0.7890625 0.0421875 0.04375
0 0.1 0.621875 0.0453125 0.0359375
0 0.509375 0.884375 0.0375 0.0453125
0 0.15078125 0.34921875 0.04375 0.0375
0 0.4921875 0.11640625 0.0359375 0.0421875
0 0.13046875 0.2984375 0.0453125 0.0390625
0 0.89921875 0.44921875 0.046875 0.0421875
0 0.20859375 0.8109375 0.0421875 0.040625
0 0.23359375 0.8359375 0.040625 0.0421875
0 0.8328125 0.346875 0.0484375 0.040625
0 0.7703125 0.7515625 0.04375 0.0421875
0 0.87578125 0.33671875 0.0453125 0.0421875
0 0.7796875 0.2484375 0.0453125 0.0421875
0 0.17109375 0.23828125 0.04375 0.0390625
0 0.5796875 0.86875 0.0390625 0.046875
0 0.27109375 0.81328125 0.0453125 0.0453125
0 0.26328125 0.20390625 0.0421875 0.0421875
0 0.66328125 0.11484375 0.0390625 0.046875
0 0.859375 0.30078125 0.046875 0.040625
0 0.39921875 0.875 0.0359375 0.040625
0 0.4359375 0.92421875 0.0375 0.0453125
0 0.08828125 0.58828125 0.05 0.040625
0 0.28125 0.1390625 0.0421875 0.04375
0 0.81171875 0.6859375 0.04375 0.0390625
0 0.75546875 0.2234375 0.0421875 0.0390625
0 0.20859375 0.253125 0.0421875 0.0421875
0 0.1609375 0.7578125 0.04375 0.0375
0 0.13984375 0.384375 0.040625 0.0390625
0 0.5625 0.121875 0.0359375 0.0453125
0 0.23125 0.228125 0.040625 0.0390625
0 0.6546875 0.84296875 0.040625 0.0453125
0 0.846875 0.7125 0.046875 0.04375
0 0.81953125 0.3140625 0.04375 0.040625
0 0.215625 0.7640625 0.040625 0.0390625
0 0.66484375 0.16015625 0.0421875 0.0453125
0 0.82578125 0.74296875 0.0453125 0.040625
0 0.85234375 0.42578125 0.0484375 0.040625
0 0.74140625 0.77890625 0.046875 0.0484375
0 0.12265625 0.56484375 0.04375 0.0359375
0 0.78984375 0.71796875 0.046875 0.0421875
0 0.36484375 0.90625 0.0421875 0.0453125
0 0.8453125 0.3859375 0.0453125 0.0421875
0 0.12578125 0.41796875 0.0421875 0.040625
0 0.80546875 0.775 0.04375 0.0390625
0 0.0796875 0.51171875 0.0421875 0.0375
0 0.3328125 0.85078125 0.04375 0.0453125
0 0.71484375 0.8015625 0.04375 0.0453125
0 0.0828125 0.43984375 0.04375 0.0390625
0 0.72890625 0.1515625 0.040625 0.0453125
0 0.3125 0.12109375 0.0390625 0.040625
0 0.74765625 0.82890625 0.04375 0.04375
0 0.11484375 0.3328125 0.040625 0.0359375
0 0.29921875 0.834375 0.0390625 0.0453125
0 0.22421875 0.18671875 0.0453125 0.040625
0 0.38359375 0.13359375 0.0359375 0.0421875
0 0.11015625 0.6578125 0.0453125 0.0359375
0 0.68515625 0.86875 0.040625 0.0453125
0 0.68359375 0.82578125 0.0421875 0.04375
0 0.35078125 0.1484375 0.0390625 0.04375
0 0.15 0.26796875 0.04375 0.034375
0 0.253125 0.15859375 0.04375 0.0453125
0 0.7765625 0.80078125 0.04375 0.04375
0 0.859375 0.459375 0.04375 0.04375
0 0.19375 0.21171875 0.0421875 0.0375
0 0.49375 0.34921875 0.040625 0.0296875
0 0.45078125 0.35390625 0.0453125 0.0328125
0 0.403125 0.54609375 0.0296875 0.0234375
0 0.62578125 0.10078125 0.0390625 0.0453125
0 0.36875 0.5859375 0.03125 0.0265625
0 0.18359375 0.28203125 0.0421875 0.0375
0 0.5578125 0.446875 0.0328125 0.0265625
0 0.5234375 0.40703125 0.0359375 0.0265625
0 0.55390625 0.625 0.040625 0.0375
0 0.44921875 0.3953125 0.028125 0.01875
0 0.51015625 0.4390625 0.04375 0.0296875
0 0.62109375 0.6078125 0.0375 0.0328125
0 0.4671875 0.43515625 0.0375 0.025
0 0.39609375 0.61484375 0.0390625 0.034375
0 0.34765625 0.55078125 0.03125 0.028125
0 0.5390625 0.46875 0.0328125 0.025
0 0.4296875 0.6359375 0.0296875 0.03125
0 0.625 0.46796875 0.0265625 0.0203125
0 0.34453125 0.46875 0.0328125 0.04375
0 0.58984375 0.60234375 0.0328125 0.034375