0 0.39765625 0.91484375 0.0390625 0.0453125
0 0.32734375 0.89375 0.04375 0.046875
0 0.46953125 0.928125 0.040625 0.0453125
0 0.54765625 0.88125 0.0390625 0.0453125
0 0.2640625 0.85625 0.040625 0.0453125
0 0.82890625 0.653125 0.05 0.0390625
0 0.1421875 0.72421875 0.0390625 0.034375
0 0.65390625 0.88828125 0.040625 0.0453125
0 0.55859375 0.0796875 0.0421875 0.046875
0 0.71875 0.85 0.04375 0.046875
0 0.84296875 0.26796875 0.04375 0.0484375
0 0.43671875 0.8828125 0.0390625 0.0484375
0 0.4859375 0.075 0.0390625 0.0421875
0 0.6 0.128125 0.040625 0.0421875
0 0.44921875 0.07578125 0.0375 0.04375
0 0.165625 0.3125 0.0453125 0.0390625
0 0.09453125 0.4015625 0.0421875 0.0375
0 0.51953125 0.07578125 0.040625 0.040625
0 0.84140625 0.61484375 0.0484375 0.0390625
0 0.80390625 0.28203125 0.04375 0.04375
0 0.08125 0.4734375 0.0421875 0.0375
0 0.58046875 0.86796875 0.040625 0.0484375
0 0.78984375 0.20546875 0.04375 0.0453125
0 0.54609375 0.91953125 0.0390625 0.0453125
0 0.61796875 0.9015625 0.0390625 0.0453125
0 0.8953125 0.565625 0.046875 0.04375
0 0.61796875 0.85625 0.0421875 0.0484375
0 0.103125 0.365625 0.0453125 0.0375
0 0.47109375 0.88515625 0.0390625 0.0484375
0 0.85703125 0.54296875 0.0484375 0.04375
0 0.63046875 0.140625 0.0421875 0.04375
0 0.87578125 0.33671875 0.0453125 0.0421875
0 0.5078125 0.92734375 0.040625 0.04375
0 0.69765625 0.13046875 0.04375 0.0453125
0 0.57890625 0.9125 0.0390625 0.0453125
0 0.4546875 0.11875 0.0390625 0.04375
0 0.1234375 0.6953125 0.04375 0.0375
0 0.209375 0.8109375 0.040625 0.040625
0 0.68359375 0.82578125 0.040625 0.046875
0 0.36640625 0.8625 0.040625 0.0453125
0 0.234375 0.8359375 0.0421875 0.040625
0 0.19140625 0.734375 0.0390625 0.040625
0 0.9 0.4890625 0.0453125 0.0421875
0 0.15703125 0.66875 0.040625 0.0359375
0 0.16171875 0.75703125 0.040625 0.0375
0 0.8328125 0.346875 0.0484375 0.040625
0 0.1453125 0.63828125 0.0421875 0.040625
0 0.43515625 0.92421875 0.0390625 0.04375
0 0.85234375 0.578125 0.0484375 0.0421875
0 0.12109375 0.45546875 0.0421875 0.0421875
0 0.66484375 0.16015625 0.0421875 0.0453125
0 0.82578125 0.74375 0.046875 0.0421875
0 0.34375 0.10703125 0.040625 0.0453125
0 0.85859375 0.503125 0.0484375 0.04375
0 0.18203125 0.784375 0.040625 0.0390625
0 0.1734375 0.70390625 0.04375 0.0390625
0 0.7609375 0.1765625 0.0421875 0.0453125
0 0.11796875 0.49453125 0.0421875 0.0421875
0 0.13359375 0.60078125 0.0453125 0.0390625
0 0.3640625 0.90625 0.0421875 0.0453125
0 0.31875 0.16171875 0.0390625 0.04375
0 0.29375 0.878125 0.0421875 0.0421875
0 0.33203125 0.85078125 0.0421875 0.0453125
0 0.8984375 0.5265625 0.0484375 0.040625
0 0.1 0.62265625 0.0453125 0.0375
0 0.4125 0.0828125 0.0375 0.0453125
0 0.89921875 0.4484375 0.046875 0.0421875
0 0.49296875 0.11640625 0.0375 0.04375
0 0.88671875 0.60546875 0.05 0.04375
0 0.509375 0.88515625 0.040625 0.046875
0 0.37890625 0.09140625 0.0390625 0.0453125
0 0.76796875 0.7484375 0.0484375 0.0421875
0 0.2640625 0.203125 0.04375 0.04375
0 0.7265625 0.19609375 0.0421875 0.040625
0 0.878125 0.6421875 0.0453125 0.0421875
0 0.8125 0.6859375 0.046875 0.0390625
0 0.89375 0.40859375 0.0453125 0.0453125
0 0.08359375 0.440625 0.0453125 0.040625
0 0.5265625 0.11796875 0.0390625 0.04375
0 0.4203125 0.12421875 0.0375 0.0421875
0 0.11015625 0.6578125 0.0453125 0.0390625
0 0.88671875 0.37265625 0.0453125 0.0375
0 0.81953125 0.31484375 0.0453125 0.040625
0 0.7796875 0.24921875 0.0453125 0.0421875
0 0.859375 0.29921875 0.046875 0.040625
0 0.6546875 0.8421875 0.040625 0.046875
0 0.85234375 0.4265625 0.046875 0.0421875
0 0.08125 0.55078125 0.04375 0.0390625
0 0.2859375 0.18046875 0.0390625 0.040625
0 0.70078125 0.17578125 0.0390625 0.04375
0 0.23984375 0.7890625 0.04375 0.04375
0 0.3984375 0.875 0.0375 0.0421875
0 0.8453125 0.7109375 0.0453125 0.0421875
0 0.11796875 0.53203125 0.0421875 0.0390625
0 0.86328125 0.67578125 0.0453125 0.0375
0 0.75625 0.2234375 0.0421875 0.0390625
0 0.0796875 0.5125 0.04375 0.0390625
0 0.80546875 0.775 0.0421875 0.040625
0 0.23203125 0.228125 0.04375 0.040625
0 0.75 0.82890625 0.0421875 0.0421875
0 0.15078125 0.34921875 0.04375 0.0375
0 0.8453125 0.3859375 0.046875 0.0421875
0 0.17265625 0.23828125 0.04375 0.040625
0 0.56328125 0.121875 0.0359375 0.0453125
0 0.12265625 0.5640625 0.040625 0.0359375
0 0.140625 0.38515625 0.040625 0.040625
0 0.27109375 0.8140625 0.04375 0.04375
0 0.384375 0.13359375 0.0390625 0.0453125
0 0.090625 0.5859375 0.0453125 0.040625
0 0.7765625 0.80390625 0.0453125 0.04375
0 0.215625 0.7640625 0.0421875 0.040625
0 0.20859375 0.253125 0.04375 0.0421875
0 0.13125 0.2984375 0.04375 0.040625
0 0.15078125 0.26875 0.04375 0.0375
0 0.5953125 0.0859375 0.0421875 0.046875
0 0.28203125 0.13984375 0.04375 0.04375
0 0.684375 0.86953125 0.0390625 0.0453125
0 0.715625 0.8046875 0.0421875 0.0421875
0 0.78984375 0.7203125 0.0484375 0.04375
0 0.7296875 0.1515625 0.04375 0.046875
0 0.2984375 0.83359375 0.0390625 0.0453125
0 0.184375 0.2828125 0.040625 0.0390625
0 0.74140625 0.778125 0.0453125 0.0453125
0 0.82109375 0.2359375 0.04375 0.04375
0 0.8578125 0.46171875 0.0484375 0.0421875
0 0.1265625 0.41796875 0.040625 0.040625
0 0.11484375 0.3328125 0.040625 0.0375
0 0.25234375 0.16171875 0.040625 0.0421875
0 0.31328125 0.12109375 0.0390625 0.040625
0 0.22421875 0.18671875 0.0421875 0.040625
0 0.6609375 0.11328125 0.0421875 0.0421875
0 0.1953125 0.21171875 0.0421875 0.040625
0 0.35078125 0.1484375 0.0390625 0.04375
0 0.62578125 0.10078125 0.0421875 0.0453125