0 0.82890625 0.653125 0.0484375 0.0390625
0 0.840625 0.6140625 0.046875 0.0390625
0 0.63046875 0.14140625 0.04375 0.0453125
0 0.44921875 0.0765625 0.0390625 0.0421875
0 0.15625 0.66875 0.040625 0.0359375
0 0.85703125 0.5421875 0.046875 0.040625
0 0.19140625 0.73359375 0.0375 0.0390625
0 0.51953125 0.07578125 0.040625 0.0421875
0 0.16640625 0.3125 0.040625 0.0359375
0 0.32734375 0.89375 0.04375 0.0453125
0 0.90078125 0.4890625 0.0453125 0.040625
0 0.546875 0.88125 0.040625 0.04375
0 0.65390625 0.8890625 0.040625 0.0453125
0 0.59921875 0.1296875 0.0421875 0.04375
0 0.8953125 0.56484375 0.0484375 0.0421875
0 0.39765625 0.91484375 0.0390625 0.0453125
0 0.46953125 0.92734375 0.040625 0.04375
0 0.5578125 0.08046875 0.040625 0.04375
0 0.31796875 0.16171875 0.0375 0.04375
0 0.10234375 0.365625 0.04375 0.0359375
0 0.8421875 0.26796875 0.0421875 0.0453125
0 0.89921875 0.4484375 0.0453125 0.0421875
0 0.4546875 0.11796875 0.0375 0.0421875
0 0.85859375 0.50234375 0.046875 0.040625
0 0.14140625 0.72421875 0.0421875 0.034375
0 0.6171875 0.90234375 0.0390625 0.0453125
0 0.2640625 0.85625 0.040625 0.0453125
0 0.89453125 0.4109375 0.04375 0.04375
0 0.1453125 0.6375 0.0421875 0.0375
0 0.471875 0.88515625 0.0390625 0.0453125
0 0.71875 0.85 0.0421875 0.0453125
0 0.5078125 0.92734375 0.040625 0.0421875
0 0.29296875 0.8796875 0.040625 0.04375
0 0.89921875 0.528125 0.046875 0.0375
0 0.803125 0.28203125 0.04375 0.0421875
0 0.7265625 0.19609375 0.0421875 0.040625
0 0.84921875 0.5765625 0.046875 0.0390625
0 0.36640625 0.8625 0.0390625 0.0453125
0 0.7703125 0.7515625 0.04375 0.0421875
0 0.17265625 0.7046875 0.040625 0.0375
0 0.1203125 0.45546875 0.040625 0.040625
0 0.4859375 0.07421875 0.040625 0.040625
0 0.69765625 0.12890625 0.04375 0.0453125
0 0.0796875 0.4734375 0.0421875 0.0359375
0 0.43671875 0.8828125 0.0390625 0.0453125
0 0.41171875 0.0828125 0.0375 0.04375
0 0.11796875 0.49375 0.0421875 0.040625
0 0.6828125 0.82421875 0.040625 0.0421875
0 0.1515625 0.34765625 0.040625 0.0375
0 0.41953125 0.1234375 0.0375 0.040625
0 0.38046875 0.09375 0.0375 0.0421875
0 0.87578125 0.3375 0.0453125 0.0390625
0 0.209375 0.8109375 0.040625 0.0390625
0 0.76171875 0.17578125 0.04375 0.0390625
0 0.57890625 0.9125 0.0390625 0.04375
0 0.18203125 0.784375 0.0421875 0.0375
0 0.525 0.1171875 0.0390625 0.0421875
0 0.34296875 0.10703125 0.0390625 0.04375
0 0.61796875 0.85546875 0.0390625 0.04375
0 0.2640625 0.203125 0.0421875 0.0421875
0 0.1609375 0.7578125 0.0421875 0.0359375
0 0.8125 0.68515625 0.0453125 0.0375
0 0.23359375 0.8359375 0.0421875 0.040625
0 0.859375 0.30078125 0.0453125 0.040625
0 0.78984375 0.20546875 0.0421875 0.04375
0 0.5453125 0.9234375 0.0375 0.04375
0 0.12265625 0.6953125 0.0453125 0.0390625
0 0.58046875 0.86796875 0.040625 0.046875
0 0.36328125 0.90703125 0.040625 0.046875
0 0.43515625 0.925 0.0390625 0.0453125
0 0.49140625 0.11640625 0.0390625 0.04375
0 0.715625 0.8046875 0.040625 0.0421875
0 0.82578125 0.74296875 0.04375 0.040625
0 0.878125 0.6421875 0.0453125 0.040625
0 0.8859375 0.37265625 0.04375 0.0375
0 0.7296875 0.15078125 0.0421875 0.04375
0 0.8453125 0.71171875 0.0453125 0.0390625
0 0.8875 0.60390625 0.046875 0.040625
0 0.09375 0.40078125 0.04375 0.034375
0 0.684375 0.87109375 0.0421875 0.04375
0 0.5609375 0.12109375 0.0359375 0.0421875
0 0.509375 0.884375 0.0375 0.04375
0 0.81953125 0.31484375 0.04375 0.0390625
0 0.85234375 0.42578125 0.046875 0.040625
0 0.75546875 0.2234375 0.040625 0.0375
0 0.83203125 0.346875 0.046875 0.0390625
0 0.790625 0.71875 0.04375 0.0390625
0 0.20859375 0.25234375 0.0421875 0.040625
0 0.38359375 0.13203125 0.0375 0.040625
0 0.7421875 0.7765625 0.04375 0.0421875
0 0.84453125 0.38515625 0.04375 0.040625
0 0.11796875 0.52734375 0.04375 0.0359375
0 0.2390625 0.78984375 0.0421875 0.0421875
0 0.23125 0.2265625 0.0421875 0.0375
0 0.39921875 0.875 0.0375 0.0421875
0 0.7 0.17578125 0.0390625 0.04375
0 0.859375 0.459375 0.0421875 0.0421875
0 0.75078125 0.8296875 0.0421875 0.040625
0 0.08671875 0.5890625 0.0484375 0.0390625
0 0.215625 0.76484375 0.040625 0.040625
0 0.08125 0.5515625 0.0453125 0.040625
0 0.11015625 0.6578125 0.0453125 0.0359375
0 0.2703125 0.81328125 0.040625 0.0421875
0 0.66484375 0.159375 0.040625 0.0421875
0 0.0796875 0.51171875 0.04375 0.0390625
0 0.7765625 0.8046875 0.04375 0.04375
0 0.1390625 0.384375 0.0390625 0.0375
0 0.80546875 0.775 0.04375 0.0375
0 0.8640625 0.67578125 0.0453125 0.0375
0 0.121875 0.5640625 0.04375 0.0359375
0 0.5953125 0.0859375 0.040625 0.04375
0 0.0984375 0.62109375 0.0484375 0.0375
0 0.7796875 0.2484375 0.04375 0.040625
0 0.2875 0.1796875 0.0390625 0.040625
0 0.3484375 0.14921875 0.0359375 0.0421875
0 0.13046875 0.29765625 0.04375 0.0390625
0 0.2796875 0.13828125 0.0421875 0.04375
0 0.31328125 0.12109375 0.0375 0.0390625
0 0.253125 0.16171875 0.040625 0.040625
0 0.0828125 0.43984375 0.04375 0.0390625
0 0.2984375 0.83359375 0.0390625 0.0421875
0 0.33125 0.85 0.0421875 0.0421875
0 0.1328125 0.60078125 0.0453125 0.0375
0 0.1140625 0.3328125 0.040625 0.0359375
0 0.653125 0.8421875 0.0390625 0.0421875
0 0.12578125 0.42109375 0.0375 0.0375
0 0.82109375 0.2359375 0.04375 0.0421875
0 0.171875 0.2390625 0.0421875 0.0390625
0 0.49296875 0.35 0.040625 0.03125
0 0.6625 0.1125 0.0390625 0.0421875
0 0.19453125 0.2125 0.0421875 0.0390625
0 0.18359375 0.28203125 0.0421875 0.0359375
0 0.3703125 0.5890625 0.0375 0.034375
0 0.15 0.26875 0.0421875 0.0375
0 0.45 0.35390625 0.0453125 0.0328125
0 0.6265625 0.1 0.040625 0.04375
0 0.39921875 0.54609375 0.0359375 0.0390625
0 0.2234375 0.18671875 0.0421875 0.0375