0 0.63046875 0.14140625 0.0421875 0.0453125
0 0.44921875 0.075 0.0375 0.0421875
0 0.15703125 0.66875 0.040625 0.0359375
0 0.59921875 0.1296875 0.040625 0.04375
0 0.43671875 0.8828125 0.040625 0.046875
0 0.828125 0.653125 0.0484375 0.0375
0 0.46953125 0.92734375 0.040625 0.04375
0 0.3671875 0.8625 0.040625 0.0453125
0 0.32734375 0.89375 0.04375 0.0453125
0 0.48671875 0.07421875 0.0390625 0.040625
0 0.85703125 0.5421875 0.0484375 0.0421875
0 0.546875 0.88125 0.040625 0.04375
0 0.84140625 0.61484375 0.046875 0.0390625
0 0.16640625 0.31328125 0.04375 0.0390625
0 0.69765625 0.12890625 0.04375 0.04375
0 0.09375 0.4015625 0.0453125 0.0359375
0 0.5203125 0.075 0.0390625 0.0421875
0 0.1421875 0.72421875 0.0390625 0.034375
0 0.5078125 0.92734375 0.040625 0.0421875
0 0.08125 0.4734375 0.04375 0.0359375
0 0.8421875 0.26796875 0.04375 0.0453125
0 0.8953125 0.56484375 0.0453125 0.0421875
0 0.19140625 0.73359375 0.0375 0.0390625
0 0.39765625 0.9140625 0.0390625 0.0453125
0 0.4546875 0.1171875 0.0375 0.040625
0 0.5796875 0.91328125 0.0390625 0.046875
0 0.78984375 0.2046875 0.04375 0.0421875
0 0.71875 0.85078125 0.0421875 0.046875
0 0.2640625 0.85625 0.040625 0.0453125
0 0.38046875 0.09375 0.0390625 0.0421875
0 0.4125 0.0828125 0.0359375 0.0421875
0 0.1734375 0.70390625 0.04375 0.0375
0 0.5578125 0.0796875 0.0421875 0.04375
0 0.103125 0.36484375 0.0453125 0.0359375
0 0.14453125 0.63828125 0.040625 0.0390625
0 0.1234375 0.6953125 0.04375 0.0375
0 0.85 0.57734375 0.0484375 0.040625
0 0.1 0.62265625 0.0453125 0.0375
0 0.65390625 0.8875 0.040625 0.046875
0 0.90078125 0.4890625 0.0453125 0.040625
0 0.18203125 0.78359375 0.0390625 0.0390625
0 0.29375 0.8796875 0.0421875 0.0453125
0 0.85859375 0.5015625 0.0484375 0.040625
0 0.7609375 0.1734375 0.0421875 0.040625
0 0.12109375 0.45546875 0.0421875 0.0390625
0 0.49296875 0.11640625 0.0375 0.0421875
0 0.803125 0.28203125 0.0421875 0.0390625
0 0.8328125 0.346875 0.0484375 0.0390625
0 0.87578125 0.33671875 0.04375 0.040625
0 0.234375 0.8359375 0.0421875 0.040625
0 0.89453125 0.4109375 0.04375 0.0453125
0 0.4203125 0.1234375 0.0375 0.040625
0 0.58046875 0.86796875 0.040625 0.046875
0 0.11875 0.49375 0.0421875 0.040625
0 0.878125 0.63984375 0.0484375 0.040625
0 0.8640625 0.67578125 0.0453125 0.0375
0 0.89921875 0.528125 0.0453125 0.0390625
0 0.47109375 0.88515625 0.040625 0.0453125
0 0.7703125 0.75234375 0.04375 0.04375
0 0.61796875 0.90078125 0.0375 0.0453125
0 0.8125 0.68515625 0.0453125 0.0390625
0 0.1328125 0.60078125 0.0453125 0.0390625
0 0.88828125 0.60390625 0.046875 0.040625
0 0.2078125 0.8109375 0.040625 0.0390625
0 0.1609375 0.75703125 0.040625 0.0375
0 0.82578125 0.74296875 0.0453125 0.0421875
0 0.08125 0.55078125 0.04375 0.040625
0 0.88671875 0.37265625 0.0453125 0.0375
0 0.0796875 0.51171875 0.0421875 0.0390625
0 0.85859375 0.3 0.046875 0.0390625
0 0.72734375 0.19609375 0.04375 0.040625
0 0.31796875 0.16171875 0.0390625 0.0421875
0 0.17109375 0.2375 0.04375 0.0375
0 0.27109375 0.81484375 0.04375 0.04375
0 0.89921875 0.44921875 0.046875 0.040625
0 0.34296875 0.10703125 0.0390625 0.04375
0 0.65390625 0.8421875 0.0421875 0.04375
0 0.21640625 0.7640625 0.0421875 0.040625
0 0.2640625 0.203125 0.0421875 0.0421875
0 0.11875 0.52734375 0.04375 0.0375
0 0.36171875 0.90625 0.0390625 0.0453125
0 0.84453125 0.3859375 0.0453125 0.0421875
0 0.50859375 0.88515625 0.0390625 0.0453125
0 0.8453125 0.71171875 0.0453125 0.0390625
0 0.5453125 0.91875 0.0390625 0.0421875
0 0.81953125 0.3140625 0.04375 0.040625
0 0.59609375 0.0859375 0.040625 0.0453125
0 0.61796875 0.859375 0.0421875 0.04375
0 0.75625 0.2234375 0.0421875 0.0375
0 0.66484375 0.16015625 0.0421875 0.046875
0 0.0828125 0.43984375 0.04375 0.0390625
0 0.23203125 0.22734375 0.0421875 0.0390625
0 0.090625 0.5859375 0.0453125 0.0375
0 0.85234375 0.42578125 0.046875 0.040625
0 0.20859375 0.25234375 0.04375 0.0453125
0 0.15 0.34765625 0.040625 0.0359375
0 0.56328125 0.121875 0.0359375 0.0453125
0 0.12265625 0.5640625 0.04375 0.0359375
0 0.2875 0.18046875 0.0390625 0.040625
0 0.7796875 0.2484375 0.0453125 0.040625
0 0.1109375 0.6578125 0.04375 0.0359375
0 0.5265625 0.11796875 0.0390625 0.0421875
0 0.3984375 0.875 0.0375 0.040625
0 0.8203125 0.2359375 0.0421875 0.0421875
0 0.23984375 0.7890625 0.0421875 0.0421875
0 0.28125 0.13828125 0.0421875 0.0453125
0 0.34921875 0.1484375 0.0375 0.0421875
0 0.43515625 0.925 0.0390625 0.04375
0 0.7296875 0.15078125 0.040625 0.0453125
0 0.3328125 0.85 0.04375 0.0421875
0 0.11484375 0.33359375 0.04375 0.040625
0 0.715625 0.8046875 0.0421875 0.04375
0 0.74140625 0.77734375 0.04375 0.0421875
0 0.75 0.82890625 0.0421875 0.0421875
0 0.1265625 0.41796875 0.040625 0.0421875
0 0.78828125 0.7203125 0.046875 0.04375
0 0.7015625 0.17578125 0.0421875 0.0453125
0 0.85703125 0.459375 0.0453125 0.0421875
0 0.68359375 0.825 0.0390625 0.0421875
0 0.384375 0.13203125 0.0375 0.040625
0 0.80546875 0.775 0.04375 0.0375
0 0.2984375 0.83359375 0.0390625 0.0453125
0 0.13984375 0.384375 0.0390625 0.0390625
0 0.778125 0.803125 0.0453125 0.04375
0 0.13125 0.29765625 0.04375 0.0390625
0 0.2234375 0.18671875 0.0453125 0.0390625
0 0.31015625 0.12109375 0.040625 0.0390625
0 0.684375 0.86796875 0.0421875 0.0453125
0 0.4453125 0.3546875 0.0359375 0.0328125
0 0.66328125 0.1140625 0.040625 0.04375
0 0.253125 0.16171875 0.040625 0.040625
0 0.18359375 0.28203125 0.0421875 0.0375
0 0.49453125 0.3484375 0.0421875 0.028125
0 0.19453125 0.21171875 0.0421875 0.0359375
0 0.403125 0.54375 0.0296875 0.0203125
0 0.15078125 0.26796875 0.04375 0.0359375
0 0.6265625 0.1 0.0390625 0.04375
0 0.37265625 0.5921875 0.0359375 0.028125
0 0.48515625 0.40390625 0.040625 0.025
0 0.34609375 0.4640625 0.0375 0.03125
0 0.50703125 0.440625 0.0390625 0.0328125
0 0.59296875 0.45390625 0.028125 0.021875
0 0.578125 0.43203125 0.03125 0.0234375