0 0.65390625 0.8890625 0.0421875 0.046875
0 0.43671875 0.88203125 0.0421875 0.046875
0 0.328125 0.89296875 0.04375 0.046875
0 0.2640625 0.85625 0.040625 0.0453125
0 0.5203125 0.07578125 0.0390625 0.04375
0 0.1671875 0.31328125 0.04375 0.0390625
0 0.84296875 0.26796875 0.04375 0.046875
0 0.828125 0.653125 0.0484375 0.0390625
0 0.44921875 0.07578125 0.0375 0.04375
0 0.1421875 0.72421875 0.0390625 0.0359375
0 0.546875 0.88046875 0.040625 0.04375
0 0.396875 0.9140625 0.040625 0.046875
0 0.55859375 0.0796875 0.0421875 0.0453125
0 0.59921875 0.12890625 0.040625 0.0453125
0 0.69765625 0.13046875 0.04375 0.0453125
0 0.46953125 0.92734375 0.040625 0.046875
0 0.5453125 0.91796875 0.0390625 0.04375
0 0.6296875 0.140625 0.04375 0.0453125
0 0.48671875 0.075 0.0390625 0.040625
0 0.71953125 0.85 0.04375 0.05
0 0.84140625 0.615625 0.05 0.040625
0 0.36640625 0.8625 0.040625 0.046875
0 0.58046875 0.8671875 0.0421875 0.0484375
0 0.5078125 0.928125 0.040625 0.0453125
0 0.85703125 0.5421875 0.05 0.0421875
0 0.878125 0.63984375 0.0484375 0.0421875
0 0.7609375 0.175 0.0421875 0.04375
0 0.18203125 0.78359375 0.040625 0.0375
0 0.803125 0.28203125 0.04375 0.04375
0 0.103125 0.36640625 0.046875 0.0390625
0 0.7890625 0.20546875 0.0421875 0.040625
0 0.5796875 0.91328125 0.040625 0.0453125
0 0.8953125 0.565625 0.046875 0.04375
0 0.19140625 0.73359375 0.0375 0.040625
0 0.0953125 0.40078125 0.04375 0.0359375
0 0.85078125 0.57734375 0.05 0.04375
0 0.17421875 0.70390625 0.04375 0.0390625
0 0.61796875 0.90078125 0.0390625 0.0453125
0 0.14453125 0.63828125 0.040625 0.0390625
0 0.11875 0.49453125 0.04375 0.0421875
0 0.23359375 0.8359375 0.0421875 0.040625
0 0.61796875 0.85625 0.040625 0.046875
0 0.13359375 0.6015625 0.0453125 0.0390625
0 0.38046875 0.09296875 0.0375 0.04375
0 0.75625 0.2234375 0.0421875 0.0390625
0 0.5953125 0.08671875 0.0421875 0.0453125
0 0.49296875 0.11640625 0.0390625 0.04375
0 0.8859375 0.37265625 0.0453125 0.0375
0 0.5265625 0.11796875 0.0390625 0.0421875
0 0.89453125 0.41015625 0.0453125 0.0453125
0 0.15703125 0.66875 0.040625 0.0375
0 0.4203125 0.1234375 0.0375 0.040625
0 0.15078125 0.26953125 0.0453125 0.0390625
0 0.1234375 0.6953125 0.0453125 0.0390625
0 0.4546875 0.11796875 0.0375 0.04375
0 0.34296875 0.10703125 0.0390625 0.0453125
0 0.15078125 0.3484375 0.0421875 0.0375
0 0.509375 0.88515625 0.040625 0.046875
0 0.665625 0.16015625 0.040625 0.0453125
0 0.08046875 0.4734375 0.0421875 0.0375
0 0.47109375 0.884375 0.0390625 0.046875
0 0.29375 0.87890625 0.0421875 0.04375
0 0.4125 0.0828125 0.0375 0.0453125
0 0.209375 0.8109375 0.040625 0.040625
0 0.7703125 0.75234375 0.04375 0.04375
0 0.8640625 0.67578125 0.046875 0.0375
0 0.8890625 0.60390625 0.046875 0.040625
0 0.85859375 0.50234375 0.0484375 0.0421875
0 0.12109375 0.45625 0.0421875 0.0421875
0 0.68359375 0.86875 0.040625 0.046875
0 0.3609375 0.90546875 0.0390625 0.046875
0 0.89921875 0.528125 0.0453125 0.0390625
0 0.70078125 0.17578125 0.040625 0.0453125
0 0.834375 0.3484375 0.0484375 0.0390625
0 0.8265625 0.74296875 0.04375 0.040625
0 0.23203125 0.22734375 0.0421875 0.040625
0 0.8765625 0.33671875 0.04375 0.0421875
0 0.27109375 0.8140625 0.04375 0.04375
0 0.1265625 0.41796875 0.0421875 0.0421875
0 0.16171875 0.75703125 0.0421875 0.0359375
0 0.23984375 0.7890625 0.04375 0.04375
0 0.43515625 0.92421875 0.0390625 0.046875
0 0.26328125 0.203125 0.04375 0.0421875
0 0.08203125 0.5515625 0.04375 0.0421875
0 0.6546875 0.84296875 0.0421875 0.0484375
0 0.8125 0.68515625 0.046875 0.040625
0 0.81953125 0.3140625 0.0453125 0.0421875
0 0.859375 0.3 0.046875 0.0390625
0 0.28203125 0.1390625 0.04375 0.0453125
0 0.090625 0.5859375 0.0453125 0.040625
0 0.7265625 0.19609375 0.0421875 0.040625
0 0.68359375 0.825 0.040625 0.046875
0 0.209375 0.25234375 0.0421875 0.04375
0 0.80546875 0.77578125 0.04375 0.0375
0 0.171875 0.2375 0.0421875 0.0390625
0 0.8453125 0.38515625 0.046875 0.0421875
0 0.8453125 0.71171875 0.0453125 0.0421875
0 0.853125 0.4265625 0.0484375 0.04375
0 0.215625 0.76328125 0.0375 0.04375
0 0.75 0.82890625 0.0421875 0.0421875
0 0.13046875 0.29765625 0.04375 0.0390625
0 0.1 0.621875 0.0453125 0.0390625
0 0.384375 0.1328125 0.0375 0.0453125
0 0.78046875 0.2484375 0.04375 0.040625
0 0.11875 0.528125 0.0453125 0.0390625
0 0.31875 0.1625 0.0375 0.0453125
0 0.56328125 0.12265625 0.0359375 0.046875
0 0.33203125 0.85 0.04375 0.04375
0 0.11015625 0.65703125 0.0453125 0.0390625
0 0.82109375 0.2359375 0.0421875 0.04375
0 0.7421875 0.778125 0.0453125 0.046875
0 0.35078125 0.1484375 0.0390625 0.04375
0 0.2875 0.18046875 0.0390625 0.0421875
0 0.7765625 0.80390625 0.04375 0.04375
0 0.2984375 0.834375 0.040625 0.0453125
0 0.08046875 0.51171875 0.0421875 0.0375
0 0.66328125 0.11484375 0.040625 0.0453125
0 0.90078125 0.4890625 0.0453125 0.0421875
0 0.0828125 0.43984375 0.046875 0.040625
0 0.72890625 0.1515625 0.0421875 0.046875
0 0.89921875 0.44921875 0.046875 0.04375
0 0.11484375 0.33359375 0.04375 0.0390625
0 0.3984375 0.875 0.0359375 0.0421875
0 0.71484375 0.80078125 0.04375 0.046875
0 0.790625 0.71796875 0.046875 0.0390625
0 0.19453125 0.21171875 0.0421875 0.040625
0 0.1859375 0.28359375 0.0390625 0.0453125
0 0.12265625 0.5640625 0.040625 0.0375
0 0.253125 0.1625 0.0421875 0.040625
0 0.13984375 0.38515625 0.040625 0.0390625
0 0.8578125 0.46015625 0.0453125 0.04375
0 0.62578125 0.10078125 0.040625 0.0453125
0 0.49296875 0.346875 0.040625 0.0265625
0 0.31328125 0.1203125 0.0390625 0.040625
0 0.22421875 0.18671875 0.0453125 0.0390625
0 0.45078125 0.35390625 0.046875 0.0359375
0 0.371875 0.58671875 0.0390625 0.0328125