0 0.44921875 0.07578125 0.0375 0.0421875
0 0.546875 0.88125 0.0421875 0.04375
0 0.828125 0.653125 0.0484375 0.0390625
0 0.63046875 0.140625 0.0421875 0.0453125
0 0.84140625 0.61484375 0.0484375 0.0390625
0 0.39765625 0.9140625 0.0390625 0.04375
0 0.69765625 0.1296875 0.04375 0.04375
0 0.6 0.1296875 0.040625 0.04375
0 0.51953125 0.07578125 0.040625 0.040625
0 0.8953125 0.56484375 0.0453125 0.040625
0 0.15703125 0.66953125 0.0390625 0.0359375
0 0.26484375 0.85625 0.040625 0.0453125
0 0.32734375 0.89375 0.04375 0.0453125
0 0.08125 0.47421875 0.0421875 0.0359375
0 0.1671875 0.3125 0.040625 0.0375
0 0.190625 0.73359375 0.0359375 0.0390625
0 0.46953125 0.92734375 0.040625 0.04375
0 0.84296875 0.26796875 0.0484375 0.04375
0 0.5578125 0.08046875 0.040625 0.04375
0 0.5078125 0.92734375 0.040625 0.0421875
0 0.84921875 0.5765625 0.05 0.040625
0 0.1421875 0.72421875 0.040625 0.0328125
0 0.65390625 0.88828125 0.040625 0.046875
0 0.85625 0.54140625 0.046875 0.0421875
0 0.1234375 0.6953125 0.0453125 0.0375
0 0.18203125 0.78359375 0.0390625 0.0375
0 0.3671875 0.8625 0.0390625 0.04375
0 0.8640625 0.67578125 0.0453125 0.0375
0 0.10234375 0.36484375 0.0453125 0.0375
0 0.12109375 0.45546875 0.0421875 0.0421875
0 0.4375 0.8828125 0.0390625 0.0453125
0 0.47109375 0.884375 0.0390625 0.0453125
0 0.14453125 0.6375 0.040625 0.0390625
0 0.09375 0.40078125 0.0453125 0.0359375
0 0.17421875 0.70390625 0.04375 0.0359375
0 0.4546875 0.11796875 0.0375 0.0421875
0 0.48671875 0.075 0.0375 0.0390625
0 0.29453125 0.8796875 0.0421875 0.0453125
0 0.8765625 0.3359375 0.04375 0.040625
0 0.1 0.621875 0.0453125 0.034375
0 0.7890625 0.20546875 0.0421875 0.040625
0 0.90078125 0.4890625 0.04375 0.040625
0 0.61796875 0.90078125 0.0375 0.04375
0 0.85859375 0.3 0.046875 0.0390625
0 0.8984375 0.44921875 0.0453125 0.040625
0 0.38046875 0.09375 0.0375 0.040625
0 0.71953125 0.85 0.0421875 0.046875
0 0.5796875 0.91328125 0.040625 0.0453125
0 0.11953125 0.49375 0.0421875 0.0390625
0 0.58046875 0.86796875 0.040625 0.046875
0 0.4125 0.0828125 0.0359375 0.04375
0 0.61796875 0.85703125 0.040625 0.0453125
0 0.85859375 0.50234375 0.0484375 0.040625
0 0.8125 0.68515625 0.0453125 0.0375
0 0.89921875 0.52578125 0.046875 0.0375
0 0.26328125 0.203125 0.0421875 0.0421875
0 0.08203125 0.55078125 0.04375 0.0390625
0 0.4203125 0.12421875 0.0375 0.0390625
0 0.209375 0.81171875 0.040625 0.040625
0 0.87734375 0.6390625 0.046875 0.040625
0 0.88828125 0.60390625 0.0453125 0.040625
0 0.80390625 0.28203125 0.04375 0.040625
0 0.89375 0.4109375 0.04375 0.04375
0 0.7265625 0.196875 0.04375 0.0390625
0 0.834375 0.3484375 0.046875 0.0390625
0 0.5265625 0.1171875 0.0390625 0.0421875
0 0.76171875 0.175 0.04375 0.040625
0 0.1515625 0.3484375 0.040625 0.0375
0 0.56328125 0.121875 0.0359375 0.04375
0 0.76953125 0.75234375 0.0453125 0.0421875
0 0.8859375 0.37265625 0.0453125 0.0375
0 0.49296875 0.11640625 0.0375 0.0421875
0 0.78984375 0.71875 0.0453125 0.040625
0 0.71484375 0.80390625 0.0421875 0.0421875
0 0.21640625 0.7640625 0.0421875 0.0421875
0 0.11875 0.52734375 0.04375 0.0375
0 0.090625 0.58515625 0.04375 0.0375
0 0.6828125 0.825 0.040625 0.0421875
0 0.234375 0.8359375 0.040625 0.040625
0 0.16171875 0.7578125 0.04375 0.0375
0 0.665625 0.16015625 0.040625 0.0453125
0 0.17109375 0.23828125 0.04375 0.0390625
0 0.75625 0.2234375 0.0421875 0.0359375
0 0.50859375 0.88515625 0.0390625 0.04375
0 0.21015625 0.25234375 0.04375 0.040625
0 0.3640625 0.90625 0.040625 0.0453125
0 0.34296875 0.10703125 0.0390625 0.04375
0 0.7296875 0.15078125 0.040625 0.04375
0 0.8453125 0.38515625 0.0453125 0.0421875
0 0.07890625 0.51171875 0.0421875 0.0375
0 0.27109375 0.81484375 0.04375 0.0421875
0 0.13046875 0.2984375 0.04375 0.0390625
0 0.5953125 0.0859375 0.0421875 0.04375
0 0.2875 0.18125 0.0390625 0.0453125
0 0.81875 0.3140625 0.0453125 0.0390625
0 0.8265625 0.74296875 0.04375 0.0390625
0 0.12265625 0.5640625 0.0390625 0.0359375
0 0.1109375 0.6578125 0.0453125 0.0359375
0 0.5453125 0.91875 0.0375 0.040625
0 0.39921875 0.875 0.0359375 0.040625
0 0.7015625 0.17578125 0.0421875 0.04375
0 0.31796875 0.16171875 0.0375 0.0421875
0 0.80546875 0.775 0.04375 0.0375
0 0.23984375 0.7890625 0.0421875 0.040625
0 0.74765625 0.8296875 0.04375 0.0421875
0 0.43515625 0.92421875 0.0390625 0.0453125
0 0.84453125 0.7109375 0.0453125 0.0390625
0 0.1328125 0.6015625 0.04375 0.0375
0 0.853125 0.4265625 0.0484375 0.040625
0 0.13984375 0.38359375 0.0390625 0.0375
0 0.7796875 0.24921875 0.0453125 0.040625
0 0.28046875 0.13828125 0.04375 0.04375
0 0.19453125 0.21171875 0.040625 0.040625
0 0.6546875 0.8421875 0.040625 0.04375
0 0.3140625 0.12109375 0.0390625 0.0390625
0 0.74140625 0.77734375 0.0453125 0.0421875
0 0.0828125 0.440625 0.04375 0.040625
0 0.38359375 0.13203125 0.0375 0.040625
0 0.82109375 0.2359375 0.0421875 0.0421875
0 0.2984375 0.83359375 0.0390625 0.0453125
0 0.12578125 0.41640625 0.0421875 0.0375
0 0.77734375 0.80234375 0.04375 0.04375
0 0.23125 0.2265625 0.040625 0.0390625
0 0.49375 0.34921875 0.040625 0.028125
0 0.36875 0.58515625 0.0328125 0.0265625
0 0.33203125 0.85 0.0421875 0.0421875
0 0.85703125 0.46015625 0.04375 0.0421875
0 0.253125 0.1625 0.0390625 0.040625
0 0.66328125 0.1140625 0.040625 0.04375
0 0.34921875 0.1484375 0.0359375 0.040625
0 0.55625 0.44921875 0.0359375 0.0296875
0 0.11484375 0.33203125 0.0390625 0.034375
0 0.6265625 0.1 0.0390625 0.0421875
0 0.68515625 0.86953125 0.0421875 0.0421875
0 0.18359375 0.28203125 0.040625 0.0375
0 0.2234375 0.1859375 0.04375 0.040625
0 0.1515625 0.26875 0.0453125 0.0359375
0 0.4484375 0.35390625 0.040625 0.03125
0 0.5828125 0.60390625 0.0375 0.034375
0 0.340625 0.5125 0.03125 0.0453125
0 0.57890625 0.43125 0.0328125 0.0265625
0 0.34921875 0.55234375 0.0359375 0.0328125
0 0.53046875 0.35390625 0.0359375 0.0296875
0 0.43046875 0.53046875 0.034375 0.03125
0 0.3453125 0.46796875 0.0375 0.040625
0 0.44296875 0.38125 0.0265625 0.0171875
0 0.54453125 0.5015625 0.034375 0.03125