0 0.65390625 0.8890625 0.040625 0.0453125
0 0.54765625 0.88046875 0.040625 0.046875
0 0.32734375 0.89375 0.0421875 0.0453125
0 0.6171875 0.9015625 0.0390625 0.0453125
0 0.3984375 0.9140625 0.0375 0.0453125
0 0.14140625 0.725 0.0390625 0.034375
0 0.47109375 0.88515625 0.0390625 0.046875
0 0.5578125 0.08046875 0.0421875 0.046875
0 0.19140625 0.734375 0.0375 0.040625
0 0.84140625 0.61484375 0.046875 0.0390625
0 0.8421875 0.26796875 0.0421875 0.046875
0 0.46953125 0.928125 0.040625 0.04375
0 0.85703125 0.5421875 0.046875 0.0421875
0 0.828125 0.653125 0.046875 0.0390625
0 0.8953125 0.565625 0.046875 0.0421875
0 0.1578125 0.66953125 0.040625 0.0359375
0 0.6 0.1296875 0.040625 0.04375
0 0.8984375 0.52890625 0.046875 0.0390625
0 0.16171875 0.7578125 0.04375 0.0375
0 0.2640625 0.85625 0.040625 0.0453125
0 0.85 0.57734375 0.046875 0.0421875
0 0.57890625 0.9125 0.0375 0.04375
0 0.90078125 0.4890625 0.0453125 0.0421875
0 0.58046875 0.86796875 0.040625 0.046875
0 0.85859375 0.50234375 0.046875 0.0421875
0 0.36640625 0.86328125 0.0421875 0.046875
0 0.4859375 0.075 0.0375 0.040625
0 0.5078125 0.92734375 0.040625 0.0421875
0 0.45 0.078125 0.040625 0.04375
0 0.69765625 0.1296875 0.04375 0.0484375
0 0.18203125 0.78515625 0.0421875 0.0375
0 0.68359375 0.825 0.0390625 0.0453125
0 0.1453125 0.63828125 0.0421875 0.0390625
0 0.71796875 0.85078125 0.0390625 0.0453125
0 0.51953125 0.07578125 0.040625 0.0421875
0 0.43671875 0.88359375 0.040625 0.046875
0 0.89921875 0.4484375 0.0453125 0.0421875
0 0.09375 0.40078125 0.0453125 0.0359375
0 0.803125 0.28125 0.04375 0.04375
0 0.1734375 0.7046875 0.040625 0.040625
0 0.78984375 0.20703125 0.04375 0.0453125
0 0.12265625 0.6953125 0.0453125 0.0390625
0 0.8875 0.60390625 0.046875 0.0421875
0 0.63046875 0.13984375 0.040625 0.0453125
0 0.31796875 0.16171875 0.0375 0.04375
0 0.1 0.62265625 0.0453125 0.0390625
0 0.234375 0.8359375 0.0421875 0.040625
0 0.87734375 0.63984375 0.0484375 0.0390625
0 0.4546875 0.11796875 0.0375 0.04375
0 0.34296875 0.10703125 0.0390625 0.0453125
0 0.08359375 0.440625 0.0453125 0.0421875
0 0.26328125 0.20390625 0.0421875 0.04375
0 0.6171875 0.85625 0.0390625 0.046875
0 0.7703125 0.7515625 0.04375 0.0421875
0 0.08125 0.4734375 0.0421875 0.0359375
0 0.54609375 0.92265625 0.0375 0.04375
0 0.12109375 0.45625 0.040625 0.0421875
0 0.4125 0.08359375 0.0375 0.04375
0 0.36171875 0.90625 0.0375 0.046875
0 0.38046875 0.09453125 0.0375 0.04375
0 0.21640625 0.765625 0.0421875 0.040625
0 0.8640625 0.67578125 0.0453125 0.0375
0 0.0796875 0.5125 0.04375 0.0390625
0 0.56171875 0.12109375 0.0359375 0.0421875
0 0.8265625 0.74296875 0.0421875 0.0390625
0 0.87578125 0.33671875 0.0453125 0.040625
0 0.75546875 0.2234375 0.040625 0.0390625
0 0.7625 0.17578125 0.04375 0.04375
0 0.11796875 0.4953125 0.0421875 0.0421875
0 0.653125 0.84296875 0.0390625 0.0453125
0 0.29375 0.8796875 0.0421875 0.0453125
0 0.7265625 0.196875 0.040625 0.0390625
0 0.165625 0.3125 0.04375 0.0359375
0 0.8453125 0.71171875 0.04375 0.040625
0 0.4921875 0.11640625 0.0375 0.0421875
0 0.509375 0.884375 0.0375 0.0453125
0 0.10234375 0.36484375 0.04375 0.0375
0 0.209375 0.81171875 0.040625 0.0390625
0 0.665625 0.159375 0.040625 0.0453125
0 0.3984375 0.87578125 0.0375 0.0421875
0 0.78046875 0.24921875 0.04375 0.0390625
0 0.43515625 0.92421875 0.0390625 0.0453125
0 0.090625 0.58515625 0.04375 0.0390625
0 0.746875 0.8296875 0.04375 0.0453125
0 0.70078125 0.17578125 0.040625 0.0421875
0 0.8125 0.68515625 0.0453125 0.0390625
0 0.08203125 0.5515625 0.0453125 0.0390625
0 0.834375 0.3484375 0.0484375 0.0390625
0 0.13359375 0.60078125 0.04375 0.040625
0 0.7421875 0.77734375 0.04375 0.04375
0 0.2875 0.18046875 0.0390625 0.0421875
0 0.78984375 0.7203125 0.0453125 0.04375
0 0.88671875 0.3734375 0.0453125 0.0390625
0 0.15 0.3484375 0.0421875 0.0375
0 0.8453125 0.38515625 0.046875 0.0421875
0 0.2984375 0.83359375 0.0390625 0.046875
0 0.89609375 0.4109375 0.0453125 0.046875
0 0.85234375 0.4265625 0.046875 0.0421875
0 0.3484375 0.1484375 0.0375 0.04375
0 0.28046875 0.1390625 0.040625 0.0421875
0 0.85859375 0.3 0.0453125 0.040625
0 0.20859375 0.25234375 0.04375 0.040625
0 0.80625 0.77578125 0.04375 0.0390625
0 0.23984375 0.7890625 0.040625 0.0421875
0 0.1109375 0.6578125 0.0453125 0.0390625
0 0.71484375 0.80546875 0.0421875 0.0421875
0 0.77578125 0.80390625 0.0421875 0.04375
0 0.384375 0.13359375 0.0375 0.04375
0 0.1390625 0.38515625 0.040625 0.040625
0 0.23046875 0.2265625 0.040625 0.0375
0 0.1953125 0.2125 0.040625 0.04375
0 0.115625 0.334375 0.0421875 0.0421875
0 0.81875 0.3140625 0.0453125 0.040625
0 0.41953125 0.1234375 0.0375 0.0390625
0 0.6875 0.871875 0.0390625 0.0421875
0 0.52578125 0.11796875 0.0390625 0.0421875
0 0.11875 0.528125 0.04375 0.0359375
0 0.85703125 0.46171875 0.046875 0.040625
0 0.34296875 0.51015625 0.0359375 0.05
0 0.3328125 0.85 0.0421875 0.04375
0 0.59453125 0.08671875 0.040625 0.046875
0 0.2703125 0.815625 0.04375 0.04375
0 0.82109375 0.2359375 0.04375 0.04375
0 0.3125 0.12109375 0.0375 0.0421875
0 0.12265625 0.5640625 0.0390625 0.0359375
0 0.1734375 0.2390625 0.0421875 0.0421875
0 0.6625 0.1140625 0.04375 0.0484375
0 0.4921875 0.3515625 0.04375 0.0390625
0 0.18515625 0.2828125 0.040625 0.040625
0 0.25234375 0.1625 0.040625 0.040625
0 0.44921875 0.3546875 0.0453125 0.0390625
0 0.15078125 0.26953125 0.040625 0.0390625
0 0.35 0.5546875 0.0375 0.040625
0 0.22421875 0.18671875 0.040625 0.0421875
0 0.1265625 0.42109375 0.0390625 0.0375
0 0.13125 0.29765625 0.04375 0.0390625
0 0.7296875 0.15234375 0.04375 0.0453125
0 0.6265625 0.1 0.040625 0.04375
0 0.39765625 0.55 0.0375 0.0390625
0 0.3671875 0.54921875 0.0375 0.0375
0 0.3734375 0.5859375 0.04375 0.0421875