0 0.43671875 0.8828125 0.0390625 0.046875
0 0.39765625 0.91328125 0.040625 0.0453125
0 0.26484375 0.8546875 0.0390625 0.04375
0 0.63046875 0.140625 0.04375 0.0453125
0 0.54765625 0.88125 0.0390625 0.04375
0 0.59921875 0.1296875 0.040625 0.04375
0 0.85625 0.54140625 0.0453125 0.0421875
0 0.82734375 0.65390625 0.05 0.040625
0 0.6546875 0.8875 0.0390625 0.0453125
0 0.46953125 0.928125 0.040625 0.046875
0 0.89453125 0.565625 0.0453125 0.04375
0 0.51953125 0.07578125 0.0390625 0.040625
0 0.3265625 0.89453125 0.04375 0.046875
0 0.34375 0.1078125 0.0390625 0.0453125
0 0.78984375 0.20234375 0.046875 0.04375
0 0.12109375 0.45546875 0.0421875 0.0421875
0 0.45 0.0765625 0.0390625 0.0421875
0 0.3625 0.90703125 0.0390625 0.046875
0 0.1015625 0.3640625 0.0453125 0.0359375
0 0.50859375 0.928125 0.040625 0.04375
0 0.19140625 0.73359375 0.0375 0.0390625
0 0.8421875 0.26796875 0.04375 0.04375
0 0.16640625 0.31171875 0.04375 0.0375
0 0.57890625 0.91328125 0.0390625 0.046875
0 0.55703125 0.08046875 0.0390625 0.04375
0 0.69765625 0.1296875 0.04375 0.0453125
0 0.84140625 0.615625 0.0484375 0.0390625
0 0.85 0.578125 0.0484375 0.04375
0 0.61796875 0.90078125 0.0375 0.0453125
0 0.48671875 0.07421875 0.0375 0.0390625
0 0.61875 0.859375 0.0421875 0.04375
0 0.29375 0.878125 0.0421875 0.04375
0 0.1828125 0.784375 0.0421875 0.0390625
0 0.3671875 0.86171875 0.0390625 0.04375
0 0.209375 0.8109375 0.040625 0.040625
0 0.14296875 0.72265625 0.0390625 0.034375
0 0.0953125 0.40078125 0.0421875 0.0359375
0 0.47109375 0.88515625 0.040625 0.0484375
0 0.11796875 0.49296875 0.04375 0.0390625
0 0.4921875 0.11640625 0.0359375 0.0421875
0 0.89453125 0.4109375 0.04375 0.0453125
0 0.38046875 0.09296875 0.0375 0.04375
0 0.88671875 0.37265625 0.0453125 0.0390625
0 0.81953125 0.3140625 0.0453125 0.0421875
0 0.83515625 0.3484375 0.0484375 0.0390625
0 0.58046875 0.86796875 0.040625 0.046875
0 0.71953125 0.84921875 0.0421875 0.046875
0 0.1578125 0.66875 0.040625 0.0359375
0 0.4546875 0.1171875 0.0375 0.040625
0 0.14453125 0.6375 0.0421875 0.0375
0 0.26171875 0.20390625 0.04375 0.040625
0 0.8875 0.60625 0.0515625 0.0453125
0 0.5265625 0.1171875 0.0390625 0.0421875
0 0.4125 0.08203125 0.0375 0.0453125
0 0.1 0.62265625 0.046875 0.0375
0 0.85859375 0.5015625 0.0484375 0.040625
0 0.8453125 0.3859375 0.046875 0.0421875
0 0.43515625 0.92421875 0.0390625 0.046875
0 0.31796875 0.1625 0.0390625 0.04375
0 0.76171875 0.17421875 0.0390625 0.046875
0 0.17265625 0.70390625 0.04375 0.0390625
0 0.234375 0.83515625 0.0390625 0.040625
0 0.08203125 0.55078125 0.04375 0.0390625
0 0.11796875 0.52734375 0.0453125 0.0359375
0 0.803125 0.28203125 0.04375 0.0421875
0 0.12265625 0.6953125 0.0453125 0.0390625
0 0.66484375 0.16015625 0.040625 0.0453125
0 0.89921875 0.52578125 0.046875 0.040625
0 0.215625 0.7640625 0.0375 0.0421875
0 0.59453125 0.0859375 0.0421875 0.0453125
0 0.82109375 0.23515625 0.0421875 0.0421875
0 0.28671875 0.18125 0.0390625 0.0453125
0 0.90078125 0.4875 0.04375 0.0421875
0 0.87734375 0.640625 0.0484375 0.0421875
0 0.5625 0.12265625 0.0375 0.0453125
0 0.78984375 0.71875 0.0484375 0.04375
0 0.509375 0.88515625 0.040625 0.046875
0 0.2390625 0.78828125 0.040625 0.0390625
0 0.1609375 0.75703125 0.04375 0.0390625
0 0.72578125 0.19609375 0.04375 0.040625
0 0.08125 0.47421875 0.0421875 0.0375
0 0.8765625 0.3359375 0.04375 0.04375
0 0.15078125 0.3484375 0.040625 0.0390625
0 0.8125 0.6859375 0.046875 0.040625
0 0.4203125 0.1234375 0.0375 0.040625
0 0.5453125 0.91875 0.0359375 0.0421875
0 0.74140625 0.7765625 0.0453125 0.040625
0 0.27109375 0.8140625 0.04375 0.0421875
0 0.28125 0.13828125 0.04375 0.0421875
0 0.75625 0.22421875 0.0421875 0.0390625
0 0.2984375 0.83359375 0.0390625 0.04375
0 0.715625 0.8046875 0.040625 0.0421875
0 0.1328125 0.60078125 0.04375 0.040625
0 0.8640625 0.6765625 0.046875 0.0390625
0 0.6828125 0.86796875 0.0390625 0.0453125
0 0.33203125 0.85078125 0.040625 0.0453125
0 0.84453125 0.7109375 0.04375 0.0421875
0 0.86171875 0.3 0.0484375 0.0421875
0 0.1265625 0.4171875 0.040625 0.0390625
0 0.39921875 0.875 0.0359375 0.040625
0 0.8984375 0.4484375 0.0453125 0.0421875
0 0.78046875 0.2484375 0.04375 0.0421875
0 0.853125 0.4265625 0.046875 0.040625
0 0.09140625 0.58515625 0.04375 0.0390625
0 0.17109375 0.23828125 0.04375 0.040625
0 0.778125 0.79921875 0.04375 0.0453125
0 0.12265625 0.56484375 0.0453125 0.0375
0 0.7015625 0.17578125 0.040625 0.04375
0 0.140625 0.384375 0.0390625 0.0375
0 0.746875 0.8296875 0.04375 0.04375
0 0.7296875 0.1515625 0.040625 0.0484375
0 0.25234375 0.16171875 0.040625 0.040625
0 0.653125 0.8421875 0.040625 0.04375
0 0.0796875 0.51171875 0.040625 0.0375
0 0.11640625 0.33203125 0.0421875 0.0375
0 0.209375 0.253125 0.04375 0.04375
0 0.80625 0.77578125 0.046875 0.040625
0 0.66171875 0.1140625 0.0390625 0.0421875
0 0.19453125 0.21171875 0.0421875 0.0390625
0 0.15 0.26796875 0.040625 0.0359375
0 0.38359375 0.1328125 0.0390625 0.04375
0 0.82578125 0.74296875 0.04375 0.040625
0 0.6828125 0.82578125 0.0421875 0.0453125
0 0.76796875 0.7515625 0.046875 0.0421875
0 0.13125 0.29765625 0.04375 0.0375
0 0.1109375 0.65703125 0.0453125 0.0359375
0 0.3140625 0.12109375 0.0375 0.0390625
0 0.85703125 0.4609375 0.046875 0.0421875
0 0.6265625 0.1 0.040625 0.04375
0 0.45078125 0.3546875 0.04375 0.0328125
0 0.55703125 0.4484375 0.0359375 0.028125
0 0.23125 0.2265625 0.0390625 0.0390625
0 0.08359375 0.4390625 0.04375 0.0390625
0 0.18359375 0.28203125 0.0421875 0.0390625
0 0.484375 0.346875 0.0234375 0.0234375
0 0.35 0.14921875 0.0375 0.04375
0 0.2234375 0.18671875 0.04375 0.0375
0 0.5359375 0.47109375 0.028125 0.021875
0 0.4125 0.3703125 0.040625 0.0296875
0 0.36953125 0.58515625 0.0375 0.0328125
0 0.4015625 0.54296875 0.0265625 0.01875
0 0.3421875 0.459375 0.025 0.0234375
0 0.35859375 0.4234375 0.03125 0.025
0 0.43125 0.57421875 0.0265625 0.021875
0 0.43046875 0.6359375 0.021875 0.0234375
0 0.40390625 0.621875 0.0203125 0.0203125