0 0.32734375 0.89375 0.04375 0.0484375
0 0.8953125 0.565625 0.0453125 0.0421875
0 0.59921875 0.1296875 0.0421875 0.0453125
0 0.46953125 0.92734375 0.040625 0.0453125
0 0.4484375 0.07578125 0.040625 0.0421875
0 0.4375 0.8828125 0.0421875 0.0484375
0 0.51953125 0.07578125 0.040625 0.0421875
0 0.39765625 0.9140625 0.0390625 0.046875
0 0.54765625 0.88125 0.0390625 0.0453125
0 0.6546875 0.88828125 0.040625 0.0453125
0 0.5578125 0.07890625 0.0421875 0.046875
0 0.8421875 0.61484375 0.0484375 0.0390625
0 0.19140625 0.73359375 0.0390625 0.040625
0 0.63046875 0.1421875 0.0421875 0.0453125
0 0.1421875 0.7234375 0.0390625 0.034375
0 0.26484375 0.85546875 0.0421875 0.0453125
0 0.82890625 0.653125 0.05 0.0390625
0 0.29375 0.87890625 0.0421875 0.04375
0 0.7890625 0.20234375 0.046875 0.0453125
0 0.8421875 0.26796875 0.04375 0.046875
0 0.38046875 0.0921875 0.0390625 0.0453125
0 0.36640625 0.8625 0.0390625 0.0453125
0 0.58125 0.86796875 0.040625 0.0484375
0 0.16640625 0.3125 0.04375 0.040625
0 0.50859375 0.92734375 0.0390625 0.0421875
0 0.6984375 0.1296875 0.04375 0.0453125
0 0.48671875 0.07421875 0.0375 0.0421875
0 0.5796875 0.9125 0.0390625 0.04375
0 0.5265625 0.11796875 0.0390625 0.0453125
0 0.85 0.57734375 0.05 0.0421875
0 0.66484375 0.16015625 0.0421875 0.046875
0 0.8765625 0.3359375 0.0453125 0.0421875
0 0.76171875 0.175 0.040625 0.0453125
0 0.1578125 0.66875 0.040625 0.0375
0 0.615625 0.9015625 0.0375 0.0421875
0 0.803125 0.28203125 0.04375 0.0421875
0 0.87734375 0.63984375 0.0484375 0.0421875
0 0.49296875 0.11640625 0.0375 0.04375
0 0.1453125 0.6375 0.040625 0.040625
0 0.3640625 0.90625 0.040625 0.046875
0 0.71796875 0.85 0.040625 0.0453125
0 0.59609375 0.08671875 0.0421875 0.0453125
0 0.8125 0.68515625 0.0453125 0.040625
0 0.234375 0.83515625 0.0421875 0.04375
0 0.18203125 0.78359375 0.040625 0.040625
0 0.7015625 0.17578125 0.040625 0.05
0 0.85859375 0.503125 0.05 0.04375
0 0.215625 0.765625 0.04375 0.04375
0 0.1734375 0.7046875 0.0453125 0.040625
0 0.8875 0.6046875 0.05 0.0421875
0 0.85703125 0.5421875 0.0453125 0.0421875
0 0.09453125 0.4015625 0.04375 0.0375
0 0.509375 0.88515625 0.040625 0.046875
0 0.1234375 0.6953125 0.0453125 0.040625
0 0.103125 0.36484375 0.0453125 0.0359375
0 0.5453125 0.91875 0.0375 0.0421875
0 0.08125 0.4734375 0.040625 0.0375
0 0.15 0.26953125 0.04375 0.0390625
0 0.11875 0.49375 0.04375 0.040625
0 0.43515625 0.925 0.0390625 0.046875
0 0.471875 0.88515625 0.0390625 0.046875
0 0.1 0.62109375 0.0453125 0.0375
0 0.61875 0.859375 0.0421875 0.0453125
0 0.8328125 0.34765625 0.0484375 0.040625
0 0.4125 0.0828125 0.0359375 0.04375
0 0.08203125 0.5515625 0.04375 0.0390625
0 0.684375 0.86796875 0.0390625 0.0453125
0 0.209375 0.81171875 0.040625 0.0421875
0 0.8453125 0.71171875 0.046875 0.0421875
0 0.31875 0.1609375 0.0390625 0.0453125
0 0.28125 0.13828125 0.04375 0.04375
0 0.29765625 0.83359375 0.040625 0.046875
0 0.42109375 0.1234375 0.0390625 0.0421875
0 0.865625 0.6765625 0.046875 0.040625
0 0.8203125 0.3125 0.046875 0.0390625
0 0.12109375 0.45546875 0.0421875 0.0421875
0 0.11875 0.528125 0.0453125 0.0390625
0 0.34296875 0.10703125 0.0390625 0.0453125
0 0.8859375 0.3734375 0.046875 0.0390625
0 0.76796875 0.74765625 0.046875 0.040625
0 0.653125 0.8421875 0.0390625 0.0421875
0 0.821875 0.23515625 0.04375 0.04375
0 0.75625 0.22578125 0.04375 0.0421875
0 0.15078125 0.3484375 0.0421875 0.0375
0 0.2703125 0.8140625 0.04375 0.0453125
0 0.23984375 0.78828125 0.0421875 0.0421875
0 0.72734375 0.196875 0.0421875 0.0421875
0 0.453125 0.1171875 0.0375 0.0421875
0 0.09140625 0.58515625 0.0421875 0.0390625
0 0.13125 0.29765625 0.0453125 0.040625
0 0.26328125 0.203125 0.04375 0.04375
0 0.68359375 0.82421875 0.040625 0.04375
0 0.17109375 0.2375 0.04375 0.0390625
0 0.89921875 0.4484375 0.046875 0.0421875
0 0.89921875 0.5265625 0.046875 0.0421875
0 0.90078125 0.48828125 0.04375 0.0421875
0 0.77734375 0.79921875 0.0453125 0.0453125
0 0.209375 0.253125 0.0453125 0.04375
0 0.746875 0.828125 0.04375 0.040625
0 0.89453125 0.41171875 0.046875 0.0453125
0 0.71484375 0.80078125 0.04375 0.0453125
0 0.1328125 0.6 0.0453125 0.040625
0 0.853125 0.4265625 0.05 0.0421875
0 0.74140625 0.77734375 0.04375 0.04375
0 0.16171875 0.75703125 0.04375 0.0390625
0 0.84296875 0.38515625 0.0453125 0.0421875
0 0.5625 0.1234375 0.0359375 0.0484375
0 0.859375 0.3 0.046875 0.0390625
0 0.72890625 0.1515625 0.0421875 0.0484375
0 0.3515625 0.1484375 0.040625 0.04375
0 0.78046875 0.2484375 0.0453125 0.04375
0 0.39921875 0.87421875 0.0359375 0.04375
0 0.8265625 0.74375 0.04375 0.0421875
0 0.121875 0.5640625 0.0421875 0.0375
0 0.2875 0.18046875 0.0375 0.0421875
0 0.80546875 0.77578125 0.04375 0.0390625
0 0.25390625 0.1625 0.040625 0.040625
0 0.23125 0.2265625 0.0421875 0.0390625
0 0.1953125 0.21171875 0.04375 0.040625
0 0.08359375 0.440625 0.0453125 0.040625
0 0.66328125 0.1140625 0.0390625 0.04375
0 0.384375 0.13203125 0.0375 0.0421875
0 0.78984375 0.72109375 0.0515625 0.04375
0 0.115625 0.33203125 0.0390625 0.0375
0 0.1265625 0.41875 0.04375 0.0421875
0 0.140625 0.384375 0.040625 0.040625
0 0.3125 0.1203125 0.0375 0.0390625
0 0.3328125 0.84921875 0.04375 0.04375
0 0.85703125 0.4609375 0.0484375 0.04375
0 0.08046875 0.5125 0.0421875 0.0390625
0 0.49375 0.34765625 0.0390625 0.025
0 0.45 0.3546875 0.04375 0.034375
0 0.1109375 0.65703125 0.0453125 0.0390625
0 0.34375 0.46328125 0.0328125 0.03125
0 0.18671875 0.28359375 0.040625 0.0453125
0 0.40078125 0.5484375 0.03125 0.0296875
0 0.22421875 0.18671875 0.04375 0.0390625
0 0.5375 0.46875 0.0328125 0.0265625
0 0.55703125 0.44609375 0.0359375 0.03125
0 0.6265625 0.1 0.040625 0.04375
0 0.3671875 0.58203125 0.028125 0.0234375
0 0.60703125 0.56171875 0.0359375 0.0359375
0 0.43125 0.52109375 0.034375 0.0234375