0 0.63046875 0.14140625 0.0421875 0.0453125
0 0.82890625 0.653125 0.0484375 0.0390625
0 0.32734375 0.89375 0.04375 0.0453125
0 0.43671875 0.8828125 0.040625 0.0484375
0 0.1421875 0.72421875 0.040625 0.034375
0 0.396875 0.9140625 0.040625 0.0453125
0 0.840625 0.61484375 0.0484375 0.0390625
0 0.44921875 0.0765625 0.040625 0.04375
0 0.6 0.1296875 0.040625 0.0453125
0 0.48671875 0.075 0.0390625 0.040625
0 0.65390625 0.88828125 0.040625 0.046875
0 0.54765625 0.88125 0.040625 0.0453125
0 0.2640625 0.85625 0.040625 0.0453125
0 0.55859375 0.0796875 0.0421875 0.046875
0 0.46953125 0.92734375 0.040625 0.04375
0 0.38046875 0.09296875 0.0390625 0.0421875
0 0.10234375 0.365625 0.0453125 0.0390625
0 0.5203125 0.07578125 0.040625 0.04375
0 0.19140625 0.73359375 0.0375 0.0390625
0 0.15703125 0.66875 0.040625 0.0359375
0 0.09453125 0.40078125 0.0421875 0.0359375
0 0.12265625 0.6953125 0.0453125 0.0390625
0 0.76171875 0.175 0.04375 0.0390625
0 0.56328125 0.121875 0.0375 0.0453125
0 0.85 0.57734375 0.0484375 0.0421875
0 0.1609375 0.75703125 0.0421875 0.0390625
0 0.1734375 0.7046875 0.04375 0.0390625
0 0.5078125 0.928125 0.040625 0.04375
0 0.165625 0.3125 0.04375 0.0359375
0 0.8421875 0.26796875 0.04375 0.046875
0 0.85625 0.5421875 0.0484375 0.04375
0 0.8953125 0.565625 0.0453125 0.0421875
0 0.34375 0.10625 0.0390625 0.0453125
0 0.78984375 0.20546875 0.04375 0.0421875
0 0.615625 0.9015625 0.0390625 0.0453125
0 0.803125 0.2828125 0.04375 0.040625
0 0.18203125 0.78359375 0.040625 0.0375
0 0.4546875 0.1171875 0.0375 0.0421875
0 0.72734375 0.196875 0.0421875 0.040625
0 0.41171875 0.08203125 0.0375 0.04375
0 0.85859375 0.50234375 0.0484375 0.0421875
0 0.5796875 0.91328125 0.040625 0.046875
0 0.88828125 0.60390625 0.046875 0.0421875
0 0.71875 0.85078125 0.0421875 0.046875
0 0.6984375 0.1296875 0.04375 0.0453125
0 0.90078125 0.4890625 0.0453125 0.0421875
0 0.23359375 0.83515625 0.0421875 0.0421875
0 0.1453125 0.6375 0.0421875 0.0390625
0 0.58046875 0.86796875 0.040625 0.046875
0 0.08125 0.4734375 0.0421875 0.0359375
0 0.47109375 0.88515625 0.040625 0.0484375
0 0.665625 0.16015625 0.0421875 0.046875
0 0.11875 0.49453125 0.04375 0.0421875
0 0.5453125 0.91875 0.0390625 0.04375
0 0.08203125 0.5515625 0.04375 0.0390625
0 0.36640625 0.8625 0.0390625 0.0453125
0 0.209375 0.8109375 0.040625 0.0390625
0 0.13125 0.2984375 0.04375 0.0390625
0 0.8765625 0.33671875 0.0453125 0.0421875
0 0.8328125 0.346875 0.0484375 0.040625
0 0.859375 0.3 0.046875 0.0390625
0 0.81875 0.3140625 0.0453125 0.040625
0 0.6171875 0.85703125 0.040625 0.0484375
0 0.12734375 0.41796875 0.0421875 0.0421875
0 0.6828125 0.825 0.0421875 0.0453125
0 0.89921875 0.4484375 0.046875 0.040625
0 0.89453125 0.4109375 0.04375 0.0453125
0 0.0796875 0.5125 0.0421875 0.0390625
0 0.65390625 0.8421875 0.040625 0.046875
0 0.8859375 0.3734375 0.0453125 0.0390625
0 0.52578125 0.11796875 0.040625 0.040625
0 0.17109375 0.23828125 0.04375 0.040625
0 0.50859375 0.88515625 0.0390625 0.046875
0 0.31875 0.16171875 0.0390625 0.04375
0 0.1203125 0.45546875 0.040625 0.040625
0 0.4203125 0.1234375 0.0375 0.040625
0 0.76953125 0.7515625 0.046875 0.04375
0 0.81171875 0.6859375 0.0453125 0.0390625
0 0.75625 0.2234375 0.0421875 0.0375
0 0.7015625 0.17734375 0.04375 0.0453125
0 0.36328125 0.90625 0.0390625 0.046875
0 0.26328125 0.203125 0.0421875 0.0421875
0 0.87734375 0.640625 0.05 0.0421875
0 0.2875 0.18125 0.0390625 0.04375
0 0.29375 0.87890625 0.0421875 0.0421875
0 0.090625 0.5859375 0.0453125 0.0390625
0 0.33203125 0.85078125 0.04375 0.04375
0 0.82578125 0.74296875 0.0421875 0.040625
0 0.84609375 0.71171875 0.046875 0.040625
0 0.28203125 0.13984375 0.04375 0.0453125
0 0.43515625 0.92421875 0.040625 0.0453125
0 0.21640625 0.76328125 0.0421875 0.040625
0 0.3140625 0.1203125 0.0390625 0.0390625
0 0.49296875 0.11640625 0.0375 0.040625
0 0.15078125 0.3484375 0.0421875 0.0359375
0 0.89921875 0.528125 0.0453125 0.0390625
0 0.7796875 0.24765625 0.0453125 0.040625
0 0.11015625 0.6578125 0.0453125 0.0359375
0 0.5953125 0.08671875 0.04375 0.0453125
0 0.23984375 0.7890625 0.0421875 0.0421875
0 0.39921875 0.875 0.0359375 0.0421875
0 0.74140625 0.77734375 0.046875 0.0421875
0 0.140625 0.384375 0.0390625 0.0390625
0 0.23125 0.2265625 0.040625 0.0375
0 0.27109375 0.81484375 0.04375 0.04375
0 0.1328125 0.60078125 0.0453125 0.0390625
0 0.1 0.621875 0.0453125 0.0359375
0 0.11875 0.528125 0.0453125 0.0359375
0 0.85234375 0.4265625 0.0484375 0.0421875
0 0.790625 0.71875 0.0484375 0.040625
0 0.715625 0.8046875 0.0421875 0.04375
0 0.84375 0.384375 0.0453125 0.04375
0 0.29921875 0.83359375 0.0390625 0.0453125
0 0.35 0.1484375 0.0390625 0.04375
0 0.7765625 0.8 0.04375 0.04375
0 0.384375 0.13359375 0.0390625 0.04375
0 0.86328125 0.67578125 0.046875 0.0375
0 0.1234375 0.5640625 0.040625 0.0359375
0 0.8046875 0.77578125 0.0421875 0.0390625
0 0.74765625 0.828125 0.0421875 0.04375
0 0.7296875 0.15078125 0.0421875 0.0453125
0 0.6875 0.87109375 0.040625 0.04375
0 0.08515625 0.4390625 0.0421875 0.040625
0 0.82109375 0.2359375 0.0421875 0.0421875
0 0.18359375 0.28203125 0.0421875 0.0375
0 0.8578125 0.46015625 0.0453125 0.0421875
0 0.1140625 0.33359375 0.04375 0.0359375
0 0.20859375 0.25234375 0.0421875 0.0421875
0 0.253125 0.1609375 0.040625 0.040625
0 0.66328125 0.1140625 0.0390625 0.0453125
0 0.1953125 0.2125 0.040625 0.0390625
0 0.225 0.18671875 0.0421875 0.0421875
0 0.4921875 0.3484375 0.0390625 0.028125
0 0.15078125 0.26796875 0.0453125 0.034375
0 0.6265625 0.10078125 0.040625 0.0453125
0 0.5578125 0.446875 0.0390625 0.03125
0 0.39921875 0.55078125 0.0359375 0.0328125
0 0.44375 0.3828125 0.028125 0.0203125
0 0.45078125 0.353125 0.0453125 0.034375