0 0.59921875 0.13046875 0.0421875 0.046875
0 0.3265625 0.89375 0.0453125 0.046875
0 0.26484375 0.85546875 0.0421875 0.0453125
0 0.5203125 0.075 0.0390625 0.0390625
0 0.39765625 0.9140625 0.0375 0.04375
0 0.8421875 0.61484375 0.046875 0.0421875
0 0.546875 0.88125 0.040625 0.0453125
0 0.63046875 0.1421875 0.04375 0.046875
0 0.78984375 0.20234375 0.046875 0.04375
0 0.5578125 0.0796875 0.040625 0.046875
0 0.43671875 0.88203125 0.0390625 0.0484375
0 0.69921875 0.13046875 0.04375 0.0453125
0 0.48671875 0.07421875 0.0359375 0.040625
0 0.5265625 0.1171875 0.0390625 0.04375
0 0.46953125 0.92890625 0.0421875 0.0484375
0 0.190625 0.734375 0.0390625 0.0421875
0 0.5078125 0.928125 0.040625 0.0453125
0 0.44921875 0.075 0.0375 0.040625
0 0.1421875 0.7234375 0.0390625 0.034375
0 0.471875 0.88515625 0.040625 0.0484375
0 0.8421875 0.26875 0.0484375 0.0453125
0 0.85 0.57734375 0.05 0.0421875
0 0.16640625 0.3125 0.0421875 0.040625
0 0.82890625 0.653125 0.05 0.0390625
0 0.3640625 0.90625 0.04375 0.0484375
0 0.1 0.621875 0.0453125 0.0375
0 0.38046875 0.09296875 0.0390625 0.0453125
0 0.66640625 0.16015625 0.0421875 0.046875
0 0.14453125 0.6375 0.040625 0.040625
0 0.76171875 0.17421875 0.040625 0.046875
0 0.6546875 0.88828125 0.040625 0.0484375
0 0.8453125 0.7109375 0.0453125 0.0453125
0 0.103125 0.36484375 0.046875 0.0359375
0 0.29453125 0.87890625 0.040625 0.04375
0 0.36640625 0.8625 0.0375 0.04375
0 0.61796875 0.85703125 0.040625 0.046875
0 0.61640625 0.90234375 0.0375 0.0453125
0 0.85625 0.5421875 0.046875 0.04375
0 0.5453125 0.91875 0.0375 0.04375
0 0.58046875 0.86796875 0.0421875 0.0484375
0 0.4921875 0.11640625 0.0375 0.04375
0 0.11875 0.49453125 0.04375 0.0421875
0 0.89453125 0.565625 0.0453125 0.0421875
0 0.71953125 0.84921875 0.0421875 0.0484375
0 0.09453125 0.4015625 0.0453125 0.0390625
0 0.34375 0.1078125 0.040625 0.0453125
0 0.684375 0.82578125 0.040625 0.046875
0 0.08203125 0.55078125 0.0453125 0.0390625
0 0.85859375 0.50234375 0.0484375 0.04375
0 0.57890625 0.9125 0.0390625 0.046875
0 0.27109375 0.81328125 0.0453125 0.0453125
0 0.82109375 0.23515625 0.0421875 0.0421875
0 0.8875 0.60546875 0.05 0.04375
0 0.8328125 0.34609375 0.05 0.04375
0 0.4125 0.08125 0.0375 0.0453125
0 0.171875 0.70390625 0.046875 0.0421875
0 0.6546875 0.8421875 0.040625 0.046875
0 0.12109375 0.45625 0.0421875 0.0421875
0 0.4546875 0.11796875 0.0375 0.0453125
0 0.5078125 0.88515625 0.0375 0.0484375
0 0.43515625 0.92421875 0.040625 0.046875
0 0.859375 0.3 0.046875 0.0390625
0 0.15078125 0.3484375 0.04375 0.0375
0 0.42109375 0.12265625 0.0375 0.0421875
0 0.20859375 0.81015625 0.040625 0.0421875
0 0.1578125 0.66875 0.040625 0.0359375
0 0.80625 0.77578125 0.0453125 0.040625
0 0.86484375 0.6765625 0.0484375 0.0421875
0 0.11875 0.528125 0.0453125 0.0359375
0 0.31953125 0.1609375 0.0390625 0.04375
0 0.234375 0.8359375 0.040625 0.0421875
0 0.2984375 0.834375 0.040625 0.046875
0 0.90078125 0.4890625 0.04375 0.040625
0 0.2625 0.203125 0.0390625 0.0453125
0 0.8203125 0.3125 0.046875 0.040625
0 0.75 0.828125 0.040625 0.04375
0 0.803125 0.28203125 0.04375 0.0421875
0 0.73046875 0.1515625 0.0421875 0.0484375
0 0.5953125 0.0859375 0.0421875 0.0453125
0 0.23984375 0.78828125 0.04375 0.0421875
0 0.76953125 0.75078125 0.0453125 0.0421875
0 0.72734375 0.19609375 0.04375 0.040625
0 0.1234375 0.6953125 0.0453125 0.0390625
0 0.3984375 0.875 0.0375 0.04375
0 0.87734375 0.6390625 0.0484375 0.040625
0 0.1625 0.75703125 0.040625 0.0375
0 0.7421875 0.77734375 0.046875 0.0453125
0 0.89375 0.41171875 0.0453125 0.0453125
0 0.56171875 0.121875 0.0359375 0.04375
0 0.20859375 0.25234375 0.0421875 0.0453125
0 0.82578125 0.7421875 0.0421875 0.0390625
0 0.55546875 0.446875 0.034375 0.028125
0 0.215625 0.76484375 0.0421875 0.0390625
0 0.09140625 0.5859375 0.0453125 0.040625
0 0.8765625 0.3359375 0.04375 0.04375
0 0.1828125 0.784375 0.0421875 0.0390625
0 0.13203125 0.6 0.0453125 0.0390625
0 0.12578125 0.41796875 0.0421875 0.0421875
0 0.28046875 0.13828125 0.04375 0.0421875
0 0.2890625 0.18125 0.0421875 0.0453125
0 0.08046875 0.47421875 0.0421875 0.0375
0 0.70078125 0.17578125 0.040625 0.046875
0 0.853125 0.4265625 0.0484375 0.0421875
0 0.78046875 0.2484375 0.046875 0.04375
0 0.78984375 0.71875 0.0453125 0.0421875
0 0.6640625 0.11484375 0.040625 0.0453125
0 0.75703125 0.22421875 0.04375 0.040625
0 0.8453125 0.3859375 0.046875 0.04375
0 0.13984375 0.384375 0.0390625 0.040625
0 0.3328125 0.84921875 0.04375 0.0453125
0 0.81171875 0.68515625 0.0453125 0.040625
0 0.13046875 0.29765625 0.040625 0.0390625
0 0.11484375 0.33203125 0.040625 0.0359375
0 0.15078125 0.26953125 0.0453125 0.0375
0 0.89921875 0.528125 0.0453125 0.0390625
0 0.08359375 0.440625 0.04375 0.040625
0 0.2328125 0.22890625 0.04375 0.04375
0 0.77734375 0.7984375 0.04375 0.046875
0 0.17109375 0.23828125 0.04375 0.0390625
0 0.89921875 0.45078125 0.0484375 0.040625
0 0.12265625 0.5640625 0.04375 0.0359375
0 0.88671875 0.371875 0.0453125 0.0390625
0 0.31328125 0.1203125 0.040625 0.0421875
0 0.3515625 0.14921875 0.040625 0.0453125
0 0.71484375 0.80078125 0.04375 0.04375
0 0.40234375 0.546875 0.03125 0.025
0 0.384375 0.1328125 0.0390625 0.0453125
0 0.253125 0.16171875 0.040625 0.040625
0 0.0796875 0.5125 0.0421875 0.0390625
0 0.22421875 0.18515625 0.0453125 0.0421875
0 0.68828125 0.87109375 0.0390625 0.0421875
0 0.6265625 0.1 0.040625 0.0453125
0 0.1109375 0.6578125 0.0453125 0.0390625
0 0.86015625 0.459375 0.04375 0.04375
0 0.4515625 0.353125 0.0453125 0.0328125
0 0.36953125 0.5890625 0.0359375 0.0359375
0 0.3609375 0.42421875 0.03125 0.0234375
0 0.5375 0.46875 0.0328125 0.0265625
0 0.49296875 0.34765625 0.0390625 0.025
0 0.19453125 0.2109375 0.0421875 0.0375
0 0.184375 0.28125 0.040625 0.0375
0 0.59375 0.453125 0.021875 0.0203125
0 0.57421875 0.43359375 0.028125 0.025
0 0.44375 0.44921875 0.025 0.0234375