0 0.63046875 0.1421875 0.04375 0.046875
0 0.4359375 0.8828125 0.04375 0.05
0 0.546875 0.88125 0.040625 0.0453125
0 0.59921875 0.1296875 0.04375 0.046875
0 0.39765625 0.9140625 0.040625 0.046875
0 0.78984375 0.20234375 0.046875 0.04375
0 0.5578125 0.0796875 0.0421875 0.0453125
0 0.5203125 0.075 0.0390625 0.0421875
0 0.3265625 0.89453125 0.04375 0.0484375
0 0.4875 0.075 0.0375 0.0421875
0 0.828125 0.653125 0.0484375 0.0390625
0 0.46953125 0.92890625 0.040625 0.046875
0 0.1421875 0.7234375 0.0390625 0.034375
0 0.44921875 0.075 0.0390625 0.0421875
0 0.3671875 0.8625 0.040625 0.04375
0 0.65390625 0.8875 0.0390625 0.0453125
0 0.58046875 0.86796875 0.0421875 0.0484375
0 0.5078125 0.92734375 0.040625 0.04375
0 0.84140625 0.61484375 0.0484375 0.040625
0 0.16640625 0.31328125 0.0421875 0.0390625
0 0.84296875 0.26875 0.0484375 0.0453125
0 0.6984375 0.1296875 0.04375 0.0453125
0 0.103125 0.365625 0.0453125 0.040625
0 0.61796875 0.90078125 0.0375 0.04375
0 0.29453125 0.8796875 0.0421875 0.0453125
0 0.59453125 0.08671875 0.0421875 0.0453125
0 0.23515625 0.834375 0.0421875 0.0453125
0 0.85703125 0.54296875 0.046875 0.0453125
0 0.5796875 0.9125 0.0390625 0.046875
0 0.209375 0.25234375 0.04375 0.04375
0 0.4703125 0.88515625 0.040625 0.0484375
0 0.5265625 0.11796875 0.0390625 0.0453125
0 0.36171875 0.90625 0.0375 0.046875
0 0.26484375 0.85625 0.0390625 0.0453125
0 0.1734375 0.70390625 0.0453125 0.040625
0 0.31796875 0.1625 0.040625 0.0453125
0 0.34453125 0.10625 0.040625 0.04375
0 0.76171875 0.175 0.0421875 0.046875
0 0.8953125 0.565625 0.0453125 0.04375
0 0.49296875 0.11640625 0.0375 0.04375
0 0.15703125 0.66875 0.040625 0.0375
0 0.1828125 0.784375 0.0421875 0.0390625
0 0.6546875 0.84296875 0.040625 0.0453125
0 0.71875 0.8484375 0.040625 0.05
0 0.66640625 0.16015625 0.0421875 0.0453125
0 0.803125 0.2828125 0.04375 0.04375
0 0.8328125 0.346875 0.05 0.0421875
0 0.43515625 0.92578125 0.040625 0.0484375
0 0.12109375 0.45625 0.0421875 0.04375
0 0.56328125 0.121875 0.0375 0.0484375
0 0.37890625 0.08984375 0.0390625 0.046875
0 0.20859375 0.8109375 0.040625 0.04375
0 0.15078125 0.3484375 0.0421875 0.0375
0 0.4203125 0.12421875 0.0390625 0.04375
0 0.746875 0.828125 0.0421875 0.04375
0 0.11796875 0.49453125 0.04375 0.040625
0 0.6171875 0.85703125 0.040625 0.046875
0 0.1234375 0.6953125 0.0453125 0.040625
0 0.7703125 0.753125 0.046875 0.046875
0 0.8875 0.60625 0.05 0.0453125
0 0.2984375 0.834375 0.0390625 0.046875
0 0.8765625 0.640625 0.0484375 0.0421875
0 0.27109375 0.81484375 0.0453125 0.0453125
0 0.215625 0.76484375 0.0421875 0.040625
0 0.13046875 0.29765625 0.0453125 0.0390625
0 0.509375 0.884375 0.040625 0.046875
0 0.88671875 0.3734375 0.046875 0.040625
0 0.16171875 0.7578125 0.0421875 0.0375
0 0.85859375 0.50234375 0.0484375 0.04375
0 0.74140625 0.77734375 0.0453125 0.0453125
0 0.54609375 0.91953125 0.0375 0.04375
0 0.1453125 0.63828125 0.0421875 0.040625
0 0.82109375 0.23515625 0.0421875 0.04375
0 0.08125 0.4734375 0.0421875 0.0375
0 0.87734375 0.33515625 0.04375 0.04375
0 0.45546875 0.11796875 0.0375 0.0453125
0 0.684375 0.86875 0.0390625 0.046875
0 0.19140625 0.73359375 0.0390625 0.0390625
0 0.1 0.621875 0.0453125 0.0390625
0 0.28828125 0.18125 0.0390625 0.0453125
0 0.684375 0.82421875 0.0390625 0.04375
0 0.08203125 0.55078125 0.04375 0.0390625
0 0.11875 0.52734375 0.0453125 0.0390625
0 0.69921875 0.1765625 0.04375 0.05
0 0.66328125 0.1140625 0.0390625 0.046875
0 0.85 0.57734375 0.05 0.0390625
0 0.859375 0.30078125 0.046875 0.040625
0 0.89921875 0.52578125 0.0484375 0.040625
0 0.240625 0.78828125 0.0421875 0.04375
0 0.81875 0.3140625 0.0453125 0.0421875
0 0.1265625 0.41796875 0.04375 0.0421875
0 0.853125 0.4265625 0.0484375 0.040625
0 0.3125 0.1203125 0.0390625 0.040625
0 0.1328125 0.60078125 0.0453125 0.0390625
0 0.80625 0.77578125 0.04375 0.0375
0 0.84609375 0.3859375 0.0484375 0.04375
0 0.26328125 0.20390625 0.040625 0.0453125
0 0.71640625 0.803125 0.0421875 0.0453125
0 0.38359375 0.13359375 0.0390625 0.0453125
0 0.8265625 0.7421875 0.0421875 0.0421875
0 0.08046875 0.51171875 0.0421875 0.0390625
0 0.35078125 0.14765625 0.0390625 0.0453125
0 0.75625 0.22421875 0.04375 0.0390625
0 0.89453125 0.4109375 0.04375 0.0453125
0 0.41328125 0.0828125 0.0375 0.046875
0 0.15 0.26796875 0.04375 0.0375
0 0.778125 0.8 0.0453125 0.0453125
0 0.7265625 0.196875 0.04375 0.040625
0 0.2796875 0.13828125 0.040625 0.04375
0 0.78046875 0.2484375 0.046875 0.04375
0 0.253125 0.16171875 0.04375 0.0421875
0 0.86328125 0.67578125 0.046875 0.0375
0 0.790625 0.71796875 0.0484375 0.040625
0 0.1234375 0.5640625 0.040625 0.0390625
0 0.45 0.35390625 0.0453125 0.0359375
0 0.7296875 0.1515625 0.0421875 0.0484375
0 0.81171875 0.6859375 0.046875 0.040625
0 0.140625 0.38359375 0.040625 0.0421875
0 0.3328125 0.84921875 0.0421875 0.040625
0 0.09375 0.40078125 0.0453125 0.0359375
0 0.23203125 0.22734375 0.0421875 0.0375
0 0.90078125 0.48828125 0.0453125 0.0421875
0 0.8453125 0.71171875 0.0453125 0.040625
0 0.090625 0.58515625 0.046875 0.0390625
0 0.0859375 0.43984375 0.0421875 0.040625
0 0.171875 0.2375 0.0421875 0.0390625
0 0.3984375 0.875 0.0359375 0.0421875
0 0.11640625 0.33203125 0.0421875 0.0359375
0 0.9 0.4484375 0.046875 0.04375
0 0.62578125 0.1 0.0390625 0.04375
0 0.4953125 0.34921875 0.040625 0.0296875
0 0.1828125 0.28203125 0.0421875 0.0390625
0 0.55625 0.4484375 0.0328125 0.028125
0 0.225 0.18828125 0.04375 0.040625
0 0.1109375 0.6578125 0.0453125 0.040625
0 0.19453125 0.20859375 0.040625 0.04375
0 0.33984375 0.51015625 0.028125 0.0421875
0 0.45703125 0.54765625 0.040625 0.0359375
0 0.85703125 0.4609375 0.046875 0.0453125
0 0.50703125 0.43515625 0.0359375 0.0234375
0 0.5765625 0.43203125 0.0328125 0.025
0 0.553125 0.62578125 0.0390625 0.0359375
0 0.403125 0.5453125 0.028125 0.01875
0 0.46640625 0.4375 0.0390625 0.03125