0 0.63046875 0.14140625 0.04375 0.0453125
0 0.1421875 0.72421875 0.040625 0.034375
0 0.396875 0.91484375 0.040625 0.0453125
0 0.840625 0.61484375 0.05 0.040625
0 0.5984375 0.12890625 0.040625 0.04375
0 0.54765625 0.88125 0.0390625 0.0453125
0 0.4375 0.8828125 0.040625 0.046875
0 0.0953125 0.4015625 0.04375 0.0375
0 0.328125 0.89375 0.04375 0.046875
0 0.82890625 0.653125 0.05 0.0390625
0 0.190625 0.73359375 0.0375 0.0390625
0 0.36640625 0.8625 0.040625 0.0453125
0 0.8421875 0.26796875 0.0484375 0.0453125
0 0.85625 0.5421875 0.046875 0.0421875
0 0.85 0.57734375 0.0484375 0.0421875
0 0.44921875 0.0765625 0.0375 0.0421875
0 0.10234375 0.365625 0.0453125 0.0390625
0 0.5203125 0.07578125 0.040625 0.0421875
0 0.48671875 0.075 0.0390625 0.040625
0 0.5578125 0.08046875 0.040625 0.0453125
0 0.89453125 0.565625 0.0453125 0.0421875
0 0.26484375 0.85625 0.040625 0.0453125
0 0.65390625 0.8875 0.040625 0.0453125
0 0.69765625 0.1296875 0.04375 0.0453125
0 0.46953125 0.92734375 0.040625 0.04375
0 0.1671875 0.3125 0.0421875 0.0375
0 0.71953125 0.85 0.0421875 0.046875
0 0.14375 0.6375 0.0421875 0.0390625
0 0.78984375 0.20546875 0.04375 0.0421875
0 0.1234375 0.6953125 0.0453125 0.0390625
0 0.31796875 0.16171875 0.0390625 0.04375
0 0.803125 0.2828125 0.04375 0.0421875
0 0.61796875 0.9015625 0.0390625 0.046875
0 0.5078125 0.92734375 0.040625 0.0421875
0 0.4203125 0.1234375 0.0375 0.040625
0 0.08125 0.4734375 0.0421875 0.0359375
0 0.1578125 0.66875 0.040625 0.0359375
0 0.4546875 0.11796875 0.0375 0.0421875
0 0.85859375 0.50234375 0.0484375 0.040625
0 0.56328125 0.121875 0.0375 0.0453125
0 0.1734375 0.70390625 0.04375 0.0375
0 0.8765625 0.33671875 0.0453125 0.0421875
0 0.57890625 0.9125 0.0390625 0.04375
0 0.4125 0.08203125 0.0375 0.04375
0 0.90078125 0.4890625 0.04375 0.0421875
0 0.58046875 0.86796875 0.040625 0.046875
0 0.7609375 0.175 0.0421875 0.04375
0 0.34296875 0.10703125 0.040625 0.0453125
0 0.8125 0.68515625 0.046875 0.040625
0 0.234375 0.83515625 0.040625 0.0390625
0 0.52578125 0.11796875 0.0390625 0.040625
0 0.1203125 0.45546875 0.040625 0.040625
0 0.21640625 0.76484375 0.0421875 0.0421875
0 0.6171875 0.85703125 0.040625 0.046875
0 0.89921875 0.52890625 0.0453125 0.0390625
0 0.29375 0.8796875 0.0421875 0.0453125
0 0.8640625 0.67578125 0.0453125 0.0375
0 0.37890625 0.08984375 0.0390625 0.0453125
0 0.1609375 0.75703125 0.040625 0.0375
0 0.18203125 0.784375 0.0421875 0.0390625
0 0.6828125 0.82578125 0.0421875 0.0453125
0 0.8765625 0.63984375 0.046875 0.040625
0 0.0796875 0.5125 0.0421875 0.0390625
0 0.82578125 0.74296875 0.0453125 0.0421875
0 0.4921875 0.11640625 0.0375 0.0421875
0 0.1 0.621875 0.0453125 0.034375
0 0.83203125 0.346875 0.0484375 0.040625
0 0.11875 0.49375 0.04375 0.0390625
0 0.89921875 0.4484375 0.046875 0.0421875
0 0.8875 0.60546875 0.05 0.04375
0 0.20859375 0.81171875 0.040625 0.0421875
0 0.88671875 0.37265625 0.0453125 0.0390625
0 0.5453125 0.91953125 0.0375 0.04375
0 0.85859375 0.30078125 0.046875 0.040625
0 0.08125 0.5515625 0.0453125 0.0390625
0 0.2875 0.18125 0.0390625 0.04375
0 0.89453125 0.4109375 0.04375 0.0453125
0 0.2609375 0.20234375 0.0421875 0.0390625
0 0.43515625 0.92421875 0.0390625 0.0453125
0 0.209375 0.25234375 0.04375 0.040625
0 0.471875 0.884375 0.0375 0.0453125
0 0.509375 0.884375 0.0390625 0.0453125
0 0.7703125 0.7515625 0.04375 0.04375
0 0.15078125 0.3484375 0.040625 0.0375
0 0.171875 0.23828125 0.04375 0.0390625
0 0.7421875 0.778125 0.0453125 0.0453125
0 0.1328125 0.60078125 0.0453125 0.0390625
0 0.08359375 0.440625 0.0453125 0.040625
0 0.7265625 0.19609375 0.0421875 0.0390625
0 0.11875 0.528125 0.0453125 0.0375
0 0.715625 0.8046875 0.04375 0.04375
0 0.27109375 0.81484375 0.04375 0.04375
0 0.81875 0.31484375 0.04375 0.0390625
0 0.5953125 0.0859375 0.0421875 0.0453125
0 0.28125 0.13828125 0.0421875 0.04375
0 0.38359375 0.1328125 0.0390625 0.04375
0 0.75625 0.2234375 0.0421875 0.0390625
0 0.653125 0.8421875 0.040625 0.04375
0 0.13125 0.29765625 0.04375 0.0390625
0 0.665625 0.16015625 0.0421875 0.0453125
0 0.39921875 0.875 0.0359375 0.0421875
0 0.85234375 0.42578125 0.0484375 0.0421875
0 0.23984375 0.78984375 0.0421875 0.0421875
0 0.140625 0.384375 0.0390625 0.0390625
0 0.11015625 0.65703125 0.04375 0.0359375
0 0.7296875 0.15078125 0.04375 0.0453125
0 0.36484375 0.90625 0.040625 0.0453125
0 0.12265625 0.5640625 0.0390625 0.0359375
0 0.7796875 0.2484375 0.0453125 0.040625
0 0.80546875 0.77578125 0.04375 0.0375
0 0.8453125 0.7109375 0.046875 0.040625
0 0.23203125 0.22734375 0.0421875 0.0390625
0 0.33203125 0.85078125 0.04375 0.04375
0 0.8453125 0.3859375 0.046875 0.0421875
0 0.684375 0.86875 0.0390625 0.0453125
0 0.2984375 0.834375 0.040625 0.0453125
0 0.82109375 0.2359375 0.0421875 0.0421875
0 0.0875 0.58671875 0.05 0.0390625
0 0.75 0.82890625 0.04375 0.0421875
0 0.7 0.17578125 0.0421875 0.0453125
0 0.11484375 0.3328125 0.04375 0.0359375
0 0.1265625 0.41875 0.0421875 0.0421875
0 0.859375 0.459375 0.04375 0.04375
0 0.778125 0.79921875 0.0453125 0.046875
0 0.35 0.1484375 0.0375 0.04375
0 0.31015625 0.12109375 0.0390625 0.0390625
0 0.25234375 0.1625 0.040625 0.040625
0 0.6609375 0.1140625 0.0421875 0.0453125
0 0.790625 0.71875 0.046875 0.040625
0 0.19453125 0.2125 0.0421875 0.0390625
0 0.15234375 0.26875 0.0453125 0.0359375
0 0.184375 0.28203125 0.040625 0.0359375
0 0.3703125 0.5921875 0.0296875 0.028125
0 0.49375 0.35 0.0421875 0.03125
0 0.62578125 0.1 0.0390625 0.04375
0 0.22421875 0.18671875 0.046875 0.0390625
0 0.33984375 0.51171875 0.03125 0.0484375
0 0.44921875 0.35390625 0.04375 0.0328125
0 0.403125 0.546875 0.028125 0.0265625
0 0.4625 0.48046875 0.0578125 0.05625
0 0.55703125 0.4453125 0.0375 0.0328125