0 0.63046875 0.140625 0.0421875 0.046875
0 0.5984375 0.13046875 0.0421875 0.046875
0 0.54765625 0.88203125 0.0390625 0.0453125
0 0.84140625 0.615625 0.0484375 0.04375
0 0.26484375 0.85625 0.040625 0.0453125
0 0.5578125 0.0796875 0.040625 0.0453125
0 0.44921875 0.0765625 0.040625 0.04375
0 0.69765625 0.13046875 0.04375 0.046875
0 0.39765625 0.91328125 0.040625 0.046875
0 0.43828125 0.8828125 0.0390625 0.0484375
0 0.653125 0.88671875 0.0390625 0.046875
0 0.14296875 0.72421875 0.040625 0.0390625
0 0.3625 0.90703125 0.0390625 0.0484375
0 0.32734375 0.89375 0.0453125 0.0453125
0 0.71875 0.84921875 0.0421875 0.0484375
0 0.8421875 0.26875 0.0484375 0.046875
0 0.58046875 0.86796875 0.0421875 0.05
0 0.37890625 0.08984375 0.0390625 0.046875
0 0.509375 0.88515625 0.0421875 0.046875
0 0.48671875 0.075 0.0390625 0.040625
0 0.5078125 0.9265625 0.0390625 0.04375
0 0.46953125 0.9296875 0.0421875 0.0515625
0 0.78984375 0.2015625 0.046875 0.0453125
0 0.3671875 0.86171875 0.0390625 0.04375
0 0.828125 0.653125 0.0515625 0.0421875
0 0.803125 0.2828125 0.04375 0.0453125
0 0.89453125 0.56484375 0.0453125 0.04375
0 0.4125 0.08203125 0.0375 0.046875
0 0.4546875 0.11796875 0.0375 0.0453125
0 0.5265625 0.1171875 0.0390625 0.04375
0 0.88828125 0.60546875 0.053125 0.0453125
0 0.61640625 0.9015625 0.0375 0.04375
0 0.234375 0.834375 0.0390625 0.0484375
0 0.19140625 0.7328125 0.0375 0.0421875
0 0.85625 0.54296875 0.0484375 0.0453125
0 0.3421875 0.10703125 0.040625 0.046875
0 0.16640625 0.31328125 0.04375 0.0390625
0 0.49296875 0.11640625 0.0375 0.046875
0 0.6171875 0.85703125 0.040625 0.0484375
0 0.31796875 0.16328125 0.0390625 0.0453125
0 0.471875 0.88515625 0.040625 0.0484375
0 0.6828125 0.82421875 0.0421875 0.05
0 0.83359375 0.34765625 0.0484375 0.0421875
0 0.11953125 0.528125 0.0453125 0.0421875
0 0.5203125 0.07578125 0.0390625 0.040625
0 0.171875 0.70546875 0.046875 0.04375
0 0.13046875 0.29765625 0.04375 0.0390625
0 0.12109375 0.45546875 0.0421875 0.04375
0 0.5796875 0.91328125 0.040625 0.0484375
0 0.6671875 0.16015625 0.04375 0.0484375
0 0.215625 0.7640625 0.04375 0.04375
0 0.85234375 0.57734375 0.0484375 0.040625
0 0.76171875 0.17578125 0.040625 0.0484375
0 0.29375 0.87890625 0.0421875 0.04375
0 0.14453125 0.63828125 0.040625 0.040625
0 0.43515625 0.925 0.0390625 0.0484375
0 0.684375 0.86875 0.0421875 0.0453125
0 0.1234375 0.6953125 0.0453125 0.0421875
0 0.84453125 0.7109375 0.04375 0.04375
0 0.65234375 0.84296875 0.0421875 0.0453125
0 0.2390625 0.78984375 0.04375 0.0453125
0 0.8765625 0.3359375 0.04375 0.04375
0 0.10390625 0.36484375 0.0453125 0.0375
0 0.28828125 0.18203125 0.0390625 0.046875
0 0.59453125 0.08671875 0.04375 0.046875
0 0.209375 0.81171875 0.040625 0.04375
0 0.746875 0.82890625 0.0421875 0.04375
0 0.2984375 0.83359375 0.0390625 0.046875
0 0.77890625 0.8 0.04375 0.0484375
0 0.26328125 0.20390625 0.040625 0.0453125
0 0.28046875 0.13828125 0.0421875 0.04375
0 0.5453125 0.91875 0.0359375 0.0421875
0 0.11875 0.49296875 0.04375 0.040625
0 0.4203125 0.125 0.0390625 0.0453125
0 0.72578125 0.196875 0.0453125 0.0453125
0 0.15078125 0.3484375 0.040625 0.0390625
0 0.85859375 0.503125 0.05 0.0453125
0 0.1609375 0.75625 0.0421875 0.0421875
0 0.86484375 0.6765625 0.0453125 0.0390625
0 0.7703125 0.7515625 0.04375 0.04375
0 0.82109375 0.234375 0.0421875 0.04375
0 0.8203125 0.31171875 0.046875 0.0390625
0 0.859375 0.3 0.046875 0.0421875
0 0.1 0.62265625 0.046875 0.04375
0 0.15859375 0.66796875 0.040625 0.040625
0 0.17109375 0.2375 0.0421875 0.0390625
0 0.8125 0.68515625 0.046875 0.0390625
0 0.209375 0.253125 0.04375 0.0453125
0 0.75703125 0.22421875 0.04375 0.0390625
0 0.27109375 0.8140625 0.04375 0.0484375
0 0.853125 0.42578125 0.0484375 0.0421875
0 0.18203125 0.784375 0.040625 0.0421875
0 0.87734375 0.64140625 0.05 0.04375
0 0.34921875 0.1484375 0.0375 0.0453125
0 0.56171875 0.121875 0.034375 0.0453125
0 0.1328125 0.6 0.0453125 0.04375
0 0.25 0.1625 0.0453125 0.04375
0 0.78046875 0.24921875 0.046875 0.04375
0 0.88671875 0.3734375 0.046875 0.040625
0 0.09453125 0.4015625 0.0421875 0.0375
0 0.08125 0.47421875 0.0421875 0.0390625
0 0.74140625 0.77734375 0.046875 0.046875
0 0.23125 0.2265625 0.0421875 0.0375
0 0.08203125 0.5515625 0.04375 0.040625
0 0.3328125 0.84921875 0.04375 0.046875
0 0.184375 0.28359375 0.04375 0.046875
0 0.71640625 0.8015625 0.0421875 0.046875
0 0.08046875 0.5125 0.0421875 0.0390625
0 0.7890625 0.71796875 0.05 0.0421875
0 0.73125 0.1484375 0.046875 0.059375
0 0.44765625 0.353125 0.0390625 0.03125
0 0.66171875 0.11328125 0.040625 0.0453125
0 0.8453125 0.3859375 0.046875 0.0421875
0 0.3125 0.1203125 0.0390625 0.040625
0 0.459375 0.49140625 0.04375 0.04375
0 0.80625 0.77578125 0.0453125 0.0390625
0 0.89609375 0.40859375 0.0453125 0.0453125
0 0.90078125 0.48828125 0.0453125 0.04375
0 0.7 0.17578125 0.040625 0.0453125
0 0.89921875 0.52578125 0.046875 0.040625
0 0.39921875 0.87421875 0.0359375 0.0421875
0 0.22421875 0.1875 0.0421875 0.0421875
0 0.12265625 0.5640625 0.040625 0.0359375
0 0.3796875 0.1328125 0.0375 0.0484375
0 0.09140625 0.58515625 0.0453125 0.0390625
0 0.8265625 0.7421875 0.0421875 0.0390625
0 0.1109375 0.65625 0.046875 0.040625
0 0.14921875 0.26953125 0.040625 0.0390625
0 0.0859375 0.4390625 0.0421875 0.040625
0 0.140625 0.384375 0.040625 0.0421875
0 0.12734375 0.41875 0.0421875 0.0421875
0 0.89921875 0.45 0.046875 0.0421875
0 0.19375 0.21328125 0.04375 0.040625
0 0.55703125 0.44765625 0.0359375 0.0296875
0 0.85703125 0.4609375 0.046875 0.046875
0 0.4484375 0.3859375 0.0328125 0.0296875
0 0.6265625 0.10078125 0.0390625 0.0453125
0 0.49453125 0.34765625 0.0421875 0.028125
0 0.40078125 0.546875 0.028125 0.021875
0 0.5671875 0.534375 0.0203125 0.01875
0 0.11484375 0.3328125 0.040625 0.0375