0 0.84140625 0.61484375 0.0484375 0.0390625
0 0.546875 0.88125 0.040625 0.0453125
0 0.63046875 0.14140625 0.0421875 0.04375
0 0.82890625 0.653125 0.0484375 0.0390625
0 0.8421875 0.26796875 0.0421875 0.046875
0 0.65390625 0.88828125 0.040625 0.0453125
0 0.43671875 0.8828125 0.040625 0.046875
0 0.46953125 0.92734375 0.040625 0.0453125
0 0.3265625 0.89453125 0.04375 0.046875
0 0.09375 0.40078125 0.04375 0.0359375
0 0.15703125 0.66953125 0.040625 0.0359375
0 0.85703125 0.5421875 0.046875 0.04375
0 0.19140625 0.73359375 0.0390625 0.0421875
0 0.5203125 0.07578125 0.0421875 0.04375
0 0.4859375 0.07421875 0.0390625 0.0421875
0 0.59921875 0.12890625 0.040625 0.0421875
0 0.1421875 0.72421875 0.040625 0.034375
0 0.39765625 0.9140625 0.0390625 0.046875
0 0.8984375 0.52578125 0.0484375 0.0390625
0 0.44921875 0.078125 0.0390625 0.04375
0 0.80390625 0.28203125 0.04375 0.04375
0 0.17265625 0.7046875 0.040625 0.0390625
0 0.08125 0.47421875 0.040625 0.034375
0 0.69765625 0.13046875 0.04375 0.0484375
0 0.16640625 0.31328125 0.04375 0.0375
0 0.234375 0.8359375 0.0421875 0.0421875
0 0.4125 0.08203125 0.0375 0.0453125
0 0.7890625 0.20546875 0.0421875 0.04375
0 0.18203125 0.78515625 0.0421875 0.0390625
0 0.55859375 0.08046875 0.0421875 0.04375
0 0.89921875 0.4484375 0.0453125 0.0421875
0 0.26328125 0.203125 0.04375 0.0421875
0 0.61796875 0.90234375 0.0390625 0.046875
0 0.8953125 0.565625 0.046875 0.0421875
0 0.4546875 0.11875 0.0375 0.04375
0 0.50859375 0.928125 0.040625 0.04375
0 0.3671875 0.86328125 0.040625 0.0453125
0 0.90078125 0.4890625 0.0453125 0.0421875
0 0.88828125 0.6046875 0.0484375 0.0421875
0 0.2640625 0.85625 0.040625 0.0453125
0 0.38046875 0.09375 0.0390625 0.04375
0 0.1203125 0.45546875 0.040625 0.040625
0 0.31796875 0.1625 0.0390625 0.04375
0 0.84921875 0.57734375 0.0484375 0.040625
0 0.71875 0.85078125 0.0421875 0.046875
0 0.68359375 0.825 0.040625 0.0453125
0 0.85859375 0.5015625 0.0484375 0.040625
0 0.859375 0.3 0.0453125 0.040625
0 0.209375 0.81171875 0.040625 0.0390625
0 0.1453125 0.63828125 0.040625 0.0390625
0 0.42109375 0.1234375 0.0390625 0.0421875
0 0.8765625 0.33671875 0.0453125 0.040625
0 0.34375 0.10703125 0.0390625 0.04375
0 0.57890625 0.9125 0.0390625 0.0453125
0 0.3984375 0.875 0.0375 0.040625
0 0.29375 0.8796875 0.0421875 0.0453125
0 0.47109375 0.88515625 0.040625 0.046875
0 0.86328125 0.6765625 0.046875 0.0359375
0 0.11875 0.49453125 0.0421875 0.0421875
0 0.52578125 0.1171875 0.040625 0.0421875
0 0.54609375 0.92265625 0.0390625 0.04375
0 0.8453125 0.71171875 0.04375 0.0390625
0 0.15078125 0.3484375 0.040625 0.0375
0 0.1234375 0.6953125 0.04375 0.0375
0 0.61796875 0.859375 0.04375 0.0453125
0 0.89453125 0.4109375 0.0453125 0.04375
0 0.790625 0.71875 0.0453125 0.040625
0 0.87734375 0.64296875 0.04375 0.040625
0 0.6546875 0.8421875 0.040625 0.0453125
0 0.1609375 0.7578125 0.0421875 0.0359375
0 0.72734375 0.19609375 0.0421875 0.0390625
0 0.82578125 0.74296875 0.04375 0.0390625
0 0.76171875 0.17578125 0.04375 0.0421875
0 0.103125 0.36484375 0.0421875 0.0359375
0 0.7 0.1765625 0.04375 0.04375
0 0.36484375 0.90703125 0.040625 0.046875
0 0.7703125 0.75234375 0.04375 0.04375
0 0.75625 0.2234375 0.040625 0.0390625
0 0.84453125 0.38515625 0.0453125 0.04375
0 0.171875 0.2390625 0.04375 0.0390625
0 0.2390625 0.790625 0.0421875 0.04375
0 0.0796875 0.5125 0.04375 0.0390625
0 0.8125 0.68515625 0.0453125 0.0390625
0 0.58046875 0.871875 0.0390625 0.046875
0 0.88671875 0.37265625 0.0453125 0.0390625
0 0.13125 0.2984375 0.04375 0.0375
0 0.43515625 0.92421875 0.0390625 0.0453125
0 0.853125 0.4265625 0.0484375 0.0421875
0 0.5078125 0.884375 0.0359375 0.0453125
0 0.08125 0.5515625 0.0453125 0.0390625
0 0.7796875 0.2484375 0.04375 0.040625
0 0.75078125 0.8296875 0.0421875 0.0421875
0 0.66484375 0.159375 0.040625 0.0421875
0 0.83203125 0.346875 0.0484375 0.040625
0 0.2078125 0.25234375 0.04375 0.040625
0 0.7296875 0.1515625 0.0421875 0.0453125
0 0.81875 0.31484375 0.0453125 0.040625
0 0.11875 0.528125 0.04375 0.0359375
0 0.56171875 0.12109375 0.0359375 0.04375
0 0.215625 0.76328125 0.0375 0.0421875
0 0.23125 0.22734375 0.040625 0.0375
0 0.4921875 0.1171875 0.0390625 0.04375
0 0.121875 0.56484375 0.04375 0.0375
0 0.2875 0.18046875 0.0390625 0.0421875
0 0.71640625 0.80546875 0.04375 0.04375
0 0.2984375 0.83359375 0.040625 0.046875
0 0.13203125 0.60078125 0.0453125 0.0390625
0 0.384375 0.1328125 0.0390625 0.04375
0 0.1 0.621875 0.0453125 0.0390625
0 0.8046875 0.775 0.040625 0.0359375
0 0.6875 0.871875 0.040625 0.04375
0 0.2703125 0.81484375 0.04375 0.04375
0 0.33203125 0.8515625 0.04375 0.0453125
0 0.13984375 0.38515625 0.040625 0.040625
0 0.3484375 0.14921875 0.0375 0.04375
0 0.08359375 0.44140625 0.04375 0.0421875
0 0.28203125 0.13984375 0.04375 0.04375
0 0.08984375 0.5859375 0.04375 0.0390625
0 0.8578125 0.46015625 0.0453125 0.0421875
0 0.1140625 0.33359375 0.040625 0.0375
0 0.11015625 0.6578125 0.0453125 0.0390625
0 0.5953125 0.0859375 0.0421875 0.04375
0 0.49296875 0.34921875 0.040625 0.028125
0 0.74140625 0.77890625 0.046875 0.04375
0 0.6609375 0.1140625 0.040625 0.04375
0 0.253125 0.1625 0.0421875 0.040625
0 0.82109375 0.2359375 0.04375 0.04375
0 0.1265625 0.42109375 0.0390625 0.0390625
0 0.18359375 0.28359375 0.0421875 0.0375
0 0.3125 0.12109375 0.0390625 0.040625
0 0.19453125 0.2125 0.0421875 0.040625
0 0.7765625 0.79921875 0.04375 0.04375
0 0.3984375 0.55234375 0.0359375 0.0359375
0 0.15078125 0.26953125 0.040625 0.0359375
0 0.33984375 0.51171875 0.03125 0.046875
0 0.44921875 0.35390625 0.04375 0.034375
0 0.2234375 0.18671875 0.0421875 0.0390625
0 0.37109375 0.59296875 0.0375 0.034375
0 0.6265625 0.10078125 0.040625 0.046875
0 0.465625 0.4375 0.0375 0.0296875