0 0.396875 0.9140625 0.040625 0.0453125
0 0.4484375 0.0765625 0.040625 0.04375
0 0.63046875 0.14140625 0.0421875 0.0453125
0 0.59921875 0.1296875 0.0421875 0.04375
0 0.840625 0.615625 0.05 0.0390625
0 0.54765625 0.88125 0.040625 0.04375
0 0.65390625 0.88828125 0.040625 0.0453125
0 0.3265625 0.89453125 0.04375 0.046875
0 0.4375 0.8828125 0.0390625 0.046875
0 0.51953125 0.07578125 0.040625 0.0421875
0 0.103125 0.36640625 0.0453125 0.0390625
0 0.8953125 0.565625 0.046875 0.04375
0 0.46953125 0.928125 0.040625 0.0453125
0 0.1421875 0.725 0.0390625 0.0328125
0 0.36640625 0.86328125 0.0390625 0.0453125
0 0.828125 0.653125 0.0484375 0.0390625
0 0.85625 0.5421875 0.046875 0.0421875
0 0.165625 0.31171875 0.04375 0.0375
0 0.5578125 0.0796875 0.040625 0.04375
0 0.15703125 0.66875 0.040625 0.0359375
0 0.69765625 0.13046875 0.04375 0.046875
0 0.84296875 0.26796875 0.04375 0.0453125
0 0.2640625 0.85625 0.040625 0.0453125
0 0.17421875 0.70390625 0.04375 0.0375
0 0.5078125 0.92734375 0.040625 0.04375
0 0.78984375 0.20625 0.0421875 0.0421875
0 0.71875 0.85 0.0421875 0.0484375
0 0.09453125 0.4015625 0.0421875 0.034375
0 0.84921875 0.57734375 0.0484375 0.0421875
0 0.48671875 0.075 0.0390625 0.0421875
0 0.08125 0.4734375 0.0421875 0.0359375
0 0.19140625 0.73359375 0.0375 0.0390625
0 0.76015625 0.17578125 0.0421875 0.04375
0 0.85859375 0.50234375 0.0484375 0.0421875
0 0.58046875 0.86796875 0.040625 0.0484375
0 0.34375 0.10703125 0.0421875 0.0453125
0 0.803125 0.28203125 0.04375 0.0421875
0 0.89921875 0.525 0.0484375 0.0390625
0 0.4546875 0.11796875 0.0375 0.0421875
0 0.61796875 0.90078125 0.0390625 0.0453125
0 0.31796875 0.1625 0.0375 0.04375
0 0.47109375 0.884375 0.040625 0.0484375
0 0.11875 0.49375 0.04375 0.040625
0 0.234375 0.8359375 0.040625 0.040625
0 0.209375 0.81171875 0.040625 0.0390625
0 0.1234375 0.6953125 0.0453125 0.0390625
0 0.8328125 0.346875 0.0484375 0.040625
0 0.16171875 0.75703125 0.04375 0.0375
0 0.1453125 0.6375 0.040625 0.0390625
0 0.37890625 0.090625 0.0390625 0.0453125
0 0.90078125 0.4890625 0.0453125 0.0421875
0 0.8765625 0.33671875 0.04375 0.0421875
0 0.72734375 0.19609375 0.0421875 0.040625
0 0.12109375 0.45546875 0.0421875 0.040625
0 0.4203125 0.1234375 0.0375 0.040625
0 0.54609375 0.921875 0.0390625 0.04375
0 0.8125 0.68515625 0.0453125 0.0390625
0 0.7703125 0.7515625 0.04375 0.04375
0 0.6171875 0.85625 0.0421875 0.046875
0 0.5796875 0.91328125 0.0390625 0.0453125
0 0.52578125 0.1171875 0.0390625 0.0421875
0 0.8640625 0.6765625 0.046875 0.0375
0 0.6546875 0.8421875 0.040625 0.0453125
0 0.2875 0.18046875 0.0390625 0.04375
0 0.89921875 0.4484375 0.046875 0.0421875
0 0.89453125 0.4109375 0.0453125 0.0453125
0 0.43515625 0.92421875 0.0390625 0.0453125
0 0.8875 0.60390625 0.046875 0.0421875
0 0.66484375 0.159375 0.040625 0.0453125
0 0.859375 0.3 0.046875 0.040625
0 0.87734375 0.63984375 0.0484375 0.040625
0 0.8453125 0.71171875 0.0453125 0.040625
0 0.70078125 0.1765625 0.0421875 0.0453125
0 0.75625 0.2234375 0.0421875 0.0375
0 0.1265625 0.41796875 0.040625 0.0421875
0 0.18203125 0.78359375 0.0390625 0.0390625
0 0.21640625 0.76484375 0.0421875 0.0390625
0 0.29375 0.8796875 0.04375 0.0453125
0 0.59453125 0.08671875 0.0421875 0.046875
0 0.853125 0.4265625 0.046875 0.0421875
0 0.13046875 0.2984375 0.0453125 0.0375
0 0.4921875 0.1171875 0.0375 0.0421875
0 0.68359375 0.82421875 0.040625 0.0421875
0 0.11875 0.528125 0.0453125 0.0390625
0 0.11015625 0.65703125 0.0453125 0.0390625
0 0.08203125 0.5515625 0.0453125 0.0390625
0 0.4125 0.0828125 0.0359375 0.04375
0 0.3640625 0.90625 0.0390625 0.0453125
0 0.5625 0.121875 0.0375 0.0453125
0 0.2984375 0.83359375 0.040625 0.046875
0 0.23984375 0.7890625 0.04375 0.0421875
0 0.50859375 0.88515625 0.0390625 0.0453125
0 0.8453125 0.38515625 0.0453125 0.0421875
0 0.21015625 0.253125 0.04375 0.0421875
0 0.15078125 0.3484375 0.0421875 0.0359375
0 0.78046875 0.2484375 0.0453125 0.040625
0 0.26328125 0.20234375 0.040625 0.0421875
0 0.39921875 0.875 0.0359375 0.0421875
0 0.88671875 0.37265625 0.0453125 0.0375
0 0.715625 0.8046875 0.0421875 0.04375
0 0.80625 0.775 0.04375 0.0375
0 0.171875 0.23828125 0.0421875 0.0390625
0 0.7421875 0.778125 0.0453125 0.0453125
0 0.28125 0.1390625 0.04375 0.04375
0 0.384375 0.1328125 0.0390625 0.04375
0 0.81875 0.3140625 0.0453125 0.040625
0 0.746875 0.828125 0.0421875 0.0421875
0 0.1328125 0.60078125 0.04375 0.0390625
0 0.23203125 0.2265625 0.0421875 0.0375
0 0.1 0.62109375 0.0453125 0.0375
0 0.08046875 0.5125 0.0421875 0.0390625
0 0.790625 0.71875 0.046875 0.040625
0 0.2703125 0.8140625 0.04375 0.04375
0 0.090625 0.5859375 0.0453125 0.0390625
0 0.7765625 0.80390625 0.0453125 0.04375
0 0.15078125 0.26875 0.04375 0.0375
0 0.08359375 0.43984375 0.04375 0.040625
0 0.8265625 0.74296875 0.04375 0.0390625
0 0.68359375 0.86796875 0.040625 0.0453125
0 0.3328125 0.85078125 0.04375 0.04375
0 0.11484375 0.3328125 0.040625 0.0359375
0 0.13984375 0.384375 0.0390625 0.0390625
0 0.40078125 0.5515625 0.0359375 0.0359375
0 0.85703125 0.46015625 0.04375 0.04375
0 0.82109375 0.2359375 0.0421875 0.0421875
0 0.19453125 0.2125 0.0421875 0.040625
0 0.12265625 0.5640625 0.0453125 0.0359375
0 0.35078125 0.14921875 0.0390625 0.04375
0 0.25234375 0.1625 0.040625 0.040625
0 0.7296875 0.15078125 0.0421875 0.0453125
0 0.3125 0.12109375 0.0375 0.0390625
0 0.184375 0.28203125 0.040625 0.0375
0 0.37109375 0.58828125 0.0390625 0.034375
0 0.6609375 0.1140625 0.0390625 0.04375
0 0.490625 0.34765625 0.0375 0.0265625
0 0.6265625 0.1 0.040625 0.04375
0 0.55546875 0.44609375 0.0359375 0.034375
0 0.44921875 0.35390625 0.0453125 0.034375
0 0.22265625 0.18671875 0.0421875 0.0390625
0 0.57578125 0.43203125 0.03125 0.025
0 0.446875 0.38359375 0.0328125 0.0234375