0 0.69765625 0.12890625 0.04375 0.04375
0 0.4375 0.88203125 0.040625 0.0484375
0 0.5984375 0.1296875 0.040625 0.0453125
0 0.54765625 0.88125 0.0421875 0.0453125
0 0.63046875 0.14140625 0.04375 0.0453125
0 0.6546875 0.8875 0.040625 0.0484375
0 0.396875 0.9140625 0.040625 0.0453125
0 0.4703125 0.928125 0.0421875 0.0484375
0 0.3265625 0.89375 0.04375 0.046875
0 0.50859375 0.928125 0.0390625 0.0453125
0 0.8421875 0.61484375 0.046875 0.0390625
0 0.3671875 0.8625 0.0390625 0.04375
0 0.14140625 0.7234375 0.040625 0.0359375
0 0.44921875 0.07578125 0.040625 0.04375
0 0.78984375 0.2015625 0.0453125 0.040625
0 0.84296875 0.26796875 0.04375 0.0453125
0 0.82890625 0.653125 0.046875 0.040625
0 0.89453125 0.565625 0.04375 0.0421875
0 0.5578125 0.07890625 0.040625 0.0453125
0 0.34375 0.10625 0.040625 0.0453125
0 0.85703125 0.5421875 0.0484375 0.04375
0 0.2640625 0.85546875 0.040625 0.0453125
0 0.16640625 0.3125 0.0453125 0.0421875
0 0.58046875 0.86796875 0.040625 0.046875
0 0.8765625 0.3359375 0.04375 0.04375
0 0.57890625 0.91171875 0.0375 0.0453125
0 0.51953125 0.07578125 0.040625 0.040625
0 0.29453125 0.87890625 0.0421875 0.0453125
0 0.71875 0.85 0.040625 0.0484375
0 0.803125 0.28203125 0.04375 0.0421875
0 0.19140625 0.7328125 0.0390625 0.0390625
0 0.103125 0.365625 0.04375 0.0390625
0 0.4859375 0.07421875 0.0390625 0.040625
0 0.41171875 0.0828125 0.0375 0.0453125
0 0.11875 0.49375 0.04375 0.0421875
0 0.61796875 0.89921875 0.0375 0.0453125
0 0.08203125 0.55078125 0.04375 0.0375
0 0.52578125 0.1171875 0.040625 0.04375
0 0.4546875 0.1171875 0.0375 0.04375
0 0.4203125 0.12421875 0.0375 0.0421875
0 0.36484375 0.90546875 0.0453125 0.0453125
0 0.26328125 0.203125 0.04375 0.0453125
0 0.31875 0.1625 0.0390625 0.04375
0 0.23515625 0.83515625 0.040625 0.04375
0 0.86015625 0.3 0.0484375 0.040625
0 0.11875 0.52734375 0.0453125 0.0390625
0 0.61640625 0.85703125 0.040625 0.046875
0 0.8328125 0.34765625 0.0484375 0.040625
0 0.665625 0.159375 0.040625 0.0484375
0 0.49296875 0.11640625 0.0375 0.04375
0 0.12265625 0.6953125 0.04375 0.0390625
0 0.5453125 0.91953125 0.0390625 0.04375
0 0.84921875 0.57734375 0.0484375 0.0421875
0 0.88671875 0.3734375 0.0453125 0.0390625
0 0.88828125 0.60546875 0.0484375 0.04375
0 0.6828125 0.82578125 0.040625 0.0453125
0 0.1734375 0.70390625 0.04375 0.0390625
0 0.1578125 0.66875 0.040625 0.0390625
0 0.2390625 0.7890625 0.04375 0.04375
0 0.27109375 0.8140625 0.04375 0.04375
0 0.209375 0.8109375 0.040625 0.04375
0 0.76171875 0.17265625 0.0421875 0.0453125
0 0.1453125 0.63828125 0.040625 0.0390625
0 0.37890625 0.08984375 0.0390625 0.0453125
0 0.85859375 0.50234375 0.0484375 0.0421875
0 0.471875 0.88515625 0.040625 0.046875
0 0.08125 0.4734375 0.0421875 0.0375
0 0.740625 0.77734375 0.04375 0.0453125
0 0.87734375 0.63984375 0.0484375 0.04375
0 0.51015625 0.884375 0.0390625 0.046875
0 0.5953125 0.0859375 0.04375 0.046875
0 0.09375 0.4015625 0.046875 0.0375
0 0.82109375 0.2359375 0.0421875 0.04375
0 0.6546875 0.84296875 0.0421875 0.04375
0 0.21640625 0.76328125 0.0421875 0.0390625
0 0.1 0.62109375 0.046875 0.0375
0 0.434375 0.92421875 0.0390625 0.0453125
0 0.78046875 0.2484375 0.0453125 0.04375
0 0.12109375 0.45546875 0.0421875 0.0421875
0 0.28828125 0.18125 0.040625 0.04375
0 0.29765625 0.83359375 0.0421875 0.046875
0 0.20859375 0.253125 0.0421875 0.0453125
0 0.76953125 0.7515625 0.0453125 0.04375
0 0.5625 0.12265625 0.0359375 0.0484375
0 0.82109375 0.31171875 0.046875 0.0390625
0 0.28046875 0.1375 0.0421875 0.0453125
0 0.715625 0.80390625 0.0421875 0.04375
0 0.853125 0.4265625 0.0484375 0.0421875
0 0.8453125 0.7109375 0.04375 0.0421875
0 0.159375 0.75625 0.04375 0.0421875
0 0.3140625 0.12109375 0.0390625 0.040625
0 0.1515625 0.26796875 0.0453125 0.0375
0 0.384375 0.13359375 0.0390625 0.0453125
0 0.1828125 0.784375 0.0421875 0.0390625
0 0.74765625 0.82890625 0.04375 0.04375
0 0.8640625 0.67578125 0.0453125 0.0390625
0 0.75703125 0.22421875 0.04375 0.0390625
0 0.70078125 0.17421875 0.0390625 0.0453125
0 0.12265625 0.5640625 0.040625 0.0375
0 0.825 0.7421875 0.046875 0.040625
0 0.72578125 0.19765625 0.0453125 0.0421875
0 0.8125 0.68515625 0.046875 0.040625
0 0.115625 0.334375 0.0453125 0.0421875
0 0.84609375 0.3859375 0.046875 0.0421875
0 0.15078125 0.3484375 0.04375 0.0375
0 0.89921875 0.528125 0.0453125 0.0421875
0 0.80546875 0.77578125 0.04375 0.0390625
0 0.0796875 0.5125 0.04375 0.0390625
0 0.89921875 0.44921875 0.046875 0.0421875
0 0.0921875 0.58515625 0.04375 0.0390625
0 0.7296875 0.15234375 0.0421875 0.0484375
0 0.39921875 0.875 0.0359375 0.040625
0 0.084375 0.43984375 0.0453125 0.0421875
0 0.6875 0.8703125 0.040625 0.040625
0 0.89453125 0.41171875 0.04375 0.0453125
0 0.1328125 0.60078125 0.04375 0.0390625
0 0.17109375 0.2375 0.04375 0.0390625
0 0.78984375 0.72109375 0.05 0.04375
0 0.2328125 0.228125 0.04375 0.040625
0 0.6625 0.11328125 0.040625 0.04375
0 0.19453125 0.2125 0.04375 0.040625
0 0.2234375 0.18671875 0.04375 0.040625
0 0.3328125 0.85 0.0421875 0.04375
0 0.13984375 0.384375 0.040625 0.0390625
0 0.778125 0.7984375 0.04375 0.046875
0 0.13046875 0.29765625 0.04375 0.0375
0 0.1109375 0.65703125 0.046875 0.0390625
0 0.9015625 0.4875 0.04375 0.0421875
0 0.55625 0.4453125 0.034375 0.0328125
0 0.12734375 0.41796875 0.0421875 0.0421875
0 0.253125 0.16171875 0.040625 0.040625
0 0.85703125 0.46171875 0.0484375 0.04375
0 0.34921875 0.14921875 0.034375 0.04375
0 0.6265625 0.1 0.0390625 0.04375
0 0.5484375 0.5015625 0.0421875 0.0359375
0 0.34140625 0.45859375 0.025 0.021875
0 0.5203125 0.40703125 0.03125 0.0203125
0 0.53828125 0.4703125 0.03125 0.0234375
0 0.56015625 0.53359375 0.03125 0.01875
0 0.39453125 0.5109375 0.025 0.0234375
0 0.40390625 0.5421875 0.025 0.021875
0 0.57578125 0.5109375 0.028125 0.0234375
0 0.375 0.40078125 0.03125 0.025
0 0.4453125 0.35234375 0.034375 0.0296875
0 0.57890625 0.43125 0.03125 0.025