0 0.59921875 0.12890625 0.040625 0.046875
0 0.26484375 0.85546875 0.0421875 0.046875
0 0.50859375 0.928125 0.040625 0.0453125
0 0.54765625 0.88125 0.0390625 0.046875
0 0.5578125 0.0796875 0.040625 0.046875
0 0.58125 0.8671875 0.0421875 0.05
0 0.63046875 0.1421875 0.04375 0.046875
0 0.5203125 0.075 0.0390625 0.04375
0 0.43671875 0.88203125 0.0390625 0.05
0 0.48671875 0.07421875 0.0390625 0.0421875
0 0.3671875 0.8625 0.040625 0.046875
0 0.34453125 0.10703125 0.0421875 0.046875
0 0.7890625 0.20234375 0.046875 0.0453125
0 0.46953125 0.928125 0.0421875 0.05
0 0.69765625 0.1296875 0.0453125 0.046875
0 0.840625 0.61484375 0.0484375 0.040625
0 0.36484375 0.90625 0.046875 0.046875
0 0.39765625 0.9140625 0.0375 0.046875
0 0.1671875 0.31328125 0.04375 0.04375
0 0.61640625 0.90234375 0.0390625 0.046875
0 0.6546875 0.8859375 0.040625 0.0484375
0 0.7609375 0.17578125 0.0421875 0.0484375
0 0.44921875 0.0765625 0.040625 0.04375
0 0.84296875 0.2671875 0.04375 0.046875
0 0.32734375 0.89375 0.0453125 0.046875
0 0.828125 0.653125 0.0484375 0.0421875
0 0.5265625 0.11796875 0.0390625 0.0453125
0 0.61875 0.85703125 0.040625 0.0484375
0 0.49296875 0.11640625 0.0375 0.046875
0 0.1421875 0.725 0.040625 0.0390625
0 0.10390625 0.36640625 0.0453125 0.04375
0 0.5453125 0.91875 0.0359375 0.0421875
0 0.71953125 0.84921875 0.0421875 0.05
0 0.471875 0.88515625 0.04375 0.05
0 0.51015625 0.88515625 0.040625 0.05
0 0.65546875 0.84140625 0.0421875 0.05
0 0.29453125 0.87890625 0.0421875 0.046875
0 0.4125 0.08203125 0.0375 0.0484375
0 0.85 0.578125 0.0484375 0.04375
0 0.28828125 0.18125 0.0421875 0.0453125
0 0.171875 0.70546875 0.0484375 0.0453125
0 0.19140625 0.73359375 0.0390625 0.0421875
0 0.11796875 0.53125 0.0421875 0.040625
0 0.57890625 0.9109375 0.0390625 0.0453125
0 0.28203125 0.13828125 0.04375 0.0453125
0 0.80390625 0.28125 0.04375 0.0453125
0 0.09453125 0.40078125 0.04375 0.0359375
0 0.14453125 0.63671875 0.0421875 0.040625
0 0.66640625 0.16015625 0.0421875 0.046875
0 0.38125 0.09140625 0.0390625 0.0453125
0 0.5953125 0.0859375 0.04375 0.046875
0 0.11875 0.49453125 0.0453125 0.04375
0 0.29921875 0.8328125 0.040625 0.046875
0 0.1515625 0.26953125 0.04375 0.040625
0 0.31875 0.16171875 0.0390625 0.0453125
0 0.41796875 0.12421875 0.040625 0.0453125
0 0.83359375 0.34765625 0.0484375 0.04375
0 0.27109375 0.81328125 0.04375 0.046875
0 0.434375 0.9234375 0.040625 0.0484375
0 0.1828125 0.784375 0.0421875 0.04375
0 0.68359375 0.82421875 0.040625 0.046875
0 0.878125 0.640625 0.05 0.04375
0 0.23359375 0.834375 0.0390625 0.0453125
0 0.2625 0.203125 0.04375 0.046875
0 0.1578125 0.66875 0.040625 0.0390625
0 0.23984375 0.78828125 0.04375 0.0453125
0 0.8953125 0.565625 0.0453125 0.04375
0 0.1953125 0.20859375 0.04375 0.046875
0 0.85625 0.54296875 0.046875 0.04375
0 0.5625 0.12109375 0.0359375 0.0453125
0 0.84609375 0.71171875 0.0453125 0.04375
0 0.45390625 0.11640625 0.0390625 0.04375
0 0.790625 0.71796875 0.0484375 0.04375
0 0.853125 0.42578125 0.0484375 0.0421875
0 0.2171875 0.76328125 0.04375 0.0453125
0 0.77734375 0.803125 0.04375 0.04375
0 0.8640625 0.6765625 0.046875 0.0421875
0 0.8765625 0.33515625 0.04375 0.0453125
0 0.7265625 0.196875 0.0421875 0.0421875
0 0.859375 0.29921875 0.046875 0.040625
0 0.08203125 0.5515625 0.04375 0.040625
0 0.1234375 0.6953125 0.046875 0.0421875
0 0.68359375 0.86796875 0.0390625 0.0453125
0 0.33203125 0.85 0.04375 0.0453125
0 0.15078125 0.3484375 0.0421875 0.0390625
0 0.78046875 0.2484375 0.0453125 0.046875
0 0.75 0.828125 0.04375 0.0453125
0 0.74140625 0.77578125 0.046875 0.0421875
0 0.8890625 0.6046875 0.0484375 0.04375
0 0.35 0.14765625 0.0375 0.0453125
0 0.21015625 0.80859375 0.0453125 0.046875
0 0.76875 0.75078125 0.046875 0.04375
0 0.71484375 0.80078125 0.0453125 0.046875
0 0.81328125 0.6859375 0.0484375 0.04375
0 0.16171875 0.75703125 0.0421875 0.0390625
0 0.66328125 0.1140625 0.0390625 0.0453125
0 0.12734375 0.41875 0.0453125 0.0453125
0 0.384375 0.1328125 0.0390625 0.0484375
0 0.85859375 0.503125 0.0484375 0.0453125
0 0.8859375 0.371875 0.046875 0.040625
0 0.12265625 0.56484375 0.046875 0.0390625
0 0.20859375 0.253125 0.0421875 0.0453125
0 0.7015625 0.175 0.0421875 0.0484375
0 0.39921875 0.875 0.0359375 0.0421875
0 0.8453125 0.3859375 0.046875 0.04375
0 0.89375 0.40859375 0.0453125 0.0453125
0 0.0921875 0.5859375 0.04375 0.040625
0 0.0859375 0.440625 0.04375 0.0421875
0 0.13125 0.29765625 0.04375 0.0390625
0 0.80546875 0.77578125 0.04375 0.0390625
0 0.1 0.62265625 0.0484375 0.0421875
0 0.12109375 0.45546875 0.040625 0.0421875
0 0.8203125 0.3125 0.046875 0.040625
0 0.08125 0.475 0.0421875 0.0390625
0 0.171875 0.2375 0.0453125 0.0390625
0 0.9 0.45 0.0484375 0.0453125
0 0.9015625 0.48828125 0.04375 0.0453125
0 0.89921875 0.5265625 0.0484375 0.0421875
0 0.1328125 0.6 0.0453125 0.0421875
0 0.73203125 0.14921875 0.046875 0.0609375
0 0.49375 0.3484375 0.0421875 0.0296875
0 0.23125 0.228125 0.0421875 0.0421875
0 0.82578125 0.74296875 0.046875 0.04375
0 0.18359375 0.28203125 0.0421875 0.0421875
0 0.75625 0.22578125 0.04375 0.0421875
0 0.1140625 0.33203125 0.0421875 0.0375
0 0.821875 0.23515625 0.04375 0.0421875
0 0.31328125 0.12109375 0.0375 0.040625
0 0.140625 0.38359375 0.040625 0.04375
0 0.25390625 0.153125 0.0453125 0.053125
0 0.22421875 0.1875 0.0421875 0.0421875
0 0.1109375 0.65625 0.046875 0.04375
0 0.8578125 0.4609375 0.0484375 0.046875
0 0.08046875 0.5125 0.0421875 0.0390625