0 0.5578125 0.0796875 0.0421875 0.0484375
0 0.63046875 0.14140625 0.04375 0.046875
0 0.546875 0.88125 0.040625 0.046875
0 0.58046875 0.86796875 0.0421875 0.05
0 0.6 0.13046875 0.0421875 0.0484375
0 0.46953125 0.92890625 0.0421875 0.05
0 0.51953125 0.07578125 0.040625 0.0421875
0 0.32734375 0.89375 0.04375 0.046875
0 0.365625 0.90625 0.04375 0.0484375
0 0.65390625 0.8859375 0.040625 0.05
0 0.6171875 0.85625 0.040625 0.0484375
0 0.69765625 0.13046875 0.04375 0.0484375
0 0.43671875 0.88203125 0.040625 0.05
0 0.44921875 0.0765625 0.0390625 0.0453125
0 0.84296875 0.26875 0.04375 0.046875
0 0.4859375 0.075 0.0390625 0.04375
0 0.1421875 0.72421875 0.040625 0.0359375
0 0.58046875 0.91171875 0.040625 0.0453125
0 0.78984375 0.20234375 0.046875 0.0453125
0 0.49296875 0.1171875 0.0375 0.0453125
0 0.265625 0.85546875 0.0390625 0.0453125
0 0.19140625 0.7328125 0.0375 0.0421875
0 0.840625 0.615625 0.05 0.040625
0 0.37890625 0.08984375 0.040625 0.0484375
0 0.23359375 0.83515625 0.0421875 0.0453125
0 0.82890625 0.65390625 0.05 0.0421875
0 0.4703125 0.88515625 0.0421875 0.05
0 0.39765625 0.9140625 0.0390625 0.046875
0 0.803125 0.2828125 0.04375 0.0453125
0 0.5953125 0.08671875 0.0421875 0.0484375
0 0.45546875 0.11796875 0.0375 0.046875
0 0.8953125 0.565625 0.046875 0.04375
0 0.684375 0.86796875 0.0390625 0.0453125
0 0.4359375 0.92421875 0.0390625 0.05
0 0.509375 0.88515625 0.040625 0.0484375
0 0.6546875 0.840625 0.0421875 0.0484375
0 0.85234375 0.57890625 0.0515625 0.04375
0 0.50859375 0.928125 0.040625 0.0453125
0 0.4125 0.08203125 0.0375 0.05
0 0.5265625 0.11875 0.0390625 0.0453125
0 0.29453125 0.878125 0.0421875 0.046875
0 0.3671875 0.8625 0.0390625 0.04375
0 0.34375 0.1078125 0.040625 0.0453125
0 0.61640625 0.9015625 0.0390625 0.0453125
0 0.23984375 0.7890625 0.04375 0.04375
0 0.1671875 0.3125 0.04375 0.040625
0 0.14453125 0.63828125 0.040625 0.040625
0 0.70078125 0.1765625 0.0421875 0.0515625
0 0.18203125 0.784375 0.040625 0.0421875
0 0.3203125 0.1625 0.040625 0.046875
0 0.27109375 0.8140625 0.0453125 0.046875
0 0.215625 0.76484375 0.0421875 0.04375
0 0.5453125 0.91796875 0.0390625 0.04375
0 0.29765625 0.83359375 0.0390625 0.0453125
0 0.71796875 0.84765625 0.040625 0.0484375
0 0.81171875 0.68515625 0.046875 0.04375
0 0.10390625 0.365625 0.0453125 0.0390625
0 0.83359375 0.346875 0.05 0.04375
0 0.17265625 0.7046875 0.0484375 0.04375
0 0.20859375 0.8109375 0.040625 0.04375
0 0.1234375 0.6953125 0.0453125 0.0390625
0 0.85703125 0.5421875 0.046875 0.04375
0 0.1515625 0.26953125 0.04375 0.0390625
0 0.11953125 0.49453125 0.0453125 0.04375
0 0.740625 0.77578125 0.04375 0.04375
0 0.4203125 0.12421875 0.0390625 0.04375
0 0.1203125 0.45546875 0.04375 0.04375
0 0.56328125 0.1234375 0.0359375 0.0484375
0 0.74765625 0.82890625 0.04375 0.0453125
0 0.665625 0.16015625 0.0421875 0.046875
0 0.11875 0.528125 0.0453125 0.0390625
0 0.85859375 0.503125 0.05 0.0453125
0 0.72734375 0.196875 0.04375 0.04375
0 0.84453125 0.71171875 0.0453125 0.046875
0 0.859375 0.29921875 0.046875 0.040625
0 0.16015625 0.75703125 0.0453125 0.04375
0 0.6640625 0.1140625 0.0421875 0.0484375
0 0.8953125 0.4078125 0.04375 0.046875
0 0.82109375 0.23515625 0.04375 0.0453125
0 0.28515625 0.18125 0.0390625 0.046875
0 0.7703125 0.75234375 0.04375 0.04375
0 0.88828125 0.60625 0.046875 0.04375
0 0.77734375 0.7984375 0.04375 0.05
0 0.878125 0.64140625 0.0484375 0.04375
0 0.76171875 0.17421875 0.040625 0.0484375
0 0.15078125 0.3484375 0.0421875 0.0390625
0 0.171875 0.23828125 0.04375 0.040625
0 0.15703125 0.66875 0.040625 0.0390625
0 0.86484375 0.6765625 0.0453125 0.0421875
0 0.90078125 0.48828125 0.0453125 0.0453125
0 0.3984375 0.875 0.0375 0.0421875
0 0.209375 0.25234375 0.04375 0.046875
0 0.82109375 0.3125 0.046875 0.040625
0 0.08125 0.47421875 0.0421875 0.0390625
0 0.82578125 0.7421875 0.04375 0.040625
0 0.87734375 0.3359375 0.04375 0.04375
0 0.3328125 0.85 0.0421875 0.046875
0 0.28046875 0.13828125 0.04375 0.04375
0 0.85234375 0.4265625 0.05 0.04375
0 0.80546875 0.77578125 0.04375 0.0390625
0 0.89921875 0.528125 0.046875 0.0421875
0 0.0953125 0.4015625 0.04375 0.0375
0 0.78828125 0.71953125 0.05 0.04375
0 0.8453125 0.38515625 0.046875 0.04375
0 0.26328125 0.203125 0.040625 0.04375
0 0.68359375 0.825 0.040625 0.046875
0 0.38359375 0.1328125 0.0390625 0.046875
0 0.25 0.16328125 0.0453125 0.0484375
0 0.75703125 0.2234375 0.04375 0.0390625
0 0.31328125 0.11953125 0.0375 0.04375
0 0.1109375 0.65703125 0.046875 0.0421875
0 0.1328125 0.6 0.0453125 0.0421875
0 0.8875 0.3734375 0.046875 0.040625
0 0.71484375 0.8 0.0421875 0.04375
0 0.23203125 0.22734375 0.0421875 0.0390625
0 0.19453125 0.2109375 0.040625 0.040625
0 0.090625 0.5859375 0.0453125 0.0390625
0 0.13125 0.2984375 0.04375 0.0390625
0 0.115625 0.3328125 0.0421875 0.0390625
0 0.78046875 0.24765625 0.04375 0.04375
0 0.1 0.6234375 0.0484375 0.040625
0 0.0828125 0.5515625 0.046875 0.0421875
0 0.89921875 0.45 0.046875 0.0421875
0 0.34921875 0.14921875 0.0359375 0.0453125
0 0.12109375 0.5640625 0.04375 0.0359375
0 0.18359375 0.28203125 0.040625 0.040625
0 0.13984375 0.384375 0.0390625 0.0421875
0 0.7296875 0.153125 0.0453125 0.053125
0 0.2234375 0.1875 0.04375 0.04375
0 0.49375 0.34921875 0.04375 0.03125
0 0.0859375 0.43984375 0.0421875 0.0421875
0 0.85703125 0.4609375 0.0484375 0.0453125
0 0.12734375 0.41796875 0.04375 0.0421875