0 0.39765625 0.9140625 0.040625 0.046875
0 0.546875 0.88125 0.040625 0.04375
0 0.63046875 0.140625 0.04375 0.0453125
0 0.44921875 0.07734375 0.040625 0.04375
0 0.5203125 0.075 0.0390625 0.0390625
0 0.59921875 0.1296875 0.040625 0.0453125
0 0.43671875 0.8828125 0.0421875 0.0484375
0 0.84296875 0.26875 0.04375 0.046875
0 0.26484375 0.85625 0.040625 0.046875
0 0.828125 0.653125 0.0484375 0.0390625
0 0.840625 0.61484375 0.05 0.040625
0 0.4859375 0.075 0.0390625 0.040625
0 0.3265625 0.89453125 0.04375 0.046875
0 0.46953125 0.92734375 0.040625 0.04375
0 0.1421875 0.72421875 0.0390625 0.034375
0 0.85625 0.5421875 0.046875 0.04375
0 0.6546875 0.88828125 0.040625 0.046875
0 0.5078125 0.92734375 0.040625 0.040625
0 0.55859375 0.0796875 0.040625 0.0453125
0 0.8953125 0.565625 0.0453125 0.0421875
0 0.7890625 0.20546875 0.04375 0.0421875
0 0.6984375 0.1296875 0.0453125 0.0453125
0 0.1734375 0.70390625 0.04375 0.0390625
0 0.71875 0.84921875 0.0421875 0.05
0 0.365625 0.86328125 0.040625 0.0453125
0 0.1203125 0.45546875 0.0421875 0.0421875
0 0.803125 0.28203125 0.04375 0.04375
0 0.76015625 0.17578125 0.04375 0.0453125
0 0.52578125 0.11640625 0.040625 0.04375
0 0.1578125 0.66875 0.040625 0.0359375
0 0.38125 0.09296875 0.0390625 0.0453125
0 0.14453125 0.63828125 0.040625 0.040625
0 0.08125 0.47421875 0.0421875 0.0375
0 0.1671875 0.3125 0.04375 0.0390625
0 0.08203125 0.55078125 0.04375 0.0390625
0 0.10234375 0.365625 0.0453125 0.0375
0 0.61640625 0.9015625 0.0375 0.04375
0 0.58046875 0.86796875 0.040625 0.0484375
0 0.19140625 0.73359375 0.0390625 0.0390625
0 0.471875 0.88515625 0.040625 0.0484375
0 0.54453125 0.91875 0.0390625 0.04375
0 0.12265625 0.6953125 0.0453125 0.0390625
0 0.9 0.4890625 0.0453125 0.0421875
0 0.09453125 0.4015625 0.0453125 0.0359375
0 0.86484375 0.6765625 0.046875 0.040625
0 0.4125 0.08203125 0.0375 0.04375
0 0.29375 0.87890625 0.0421875 0.0453125
0 0.31875 0.1609375 0.0390625 0.04375
0 0.57890625 0.91171875 0.0390625 0.0453125
0 0.8875 0.6046875 0.05 0.04375
0 0.209375 0.81171875 0.040625 0.0390625
0 0.8515625 0.578125 0.0484375 0.0421875
0 0.82109375 0.23515625 0.04375 0.04375
0 0.34296875 0.10625 0.0390625 0.04375
0 0.2625 0.203125 0.04375 0.0421875
0 0.7265625 0.19609375 0.0421875 0.040625
0 0.4546875 0.11796875 0.0375 0.0421875
0 0.89453125 0.4109375 0.04375 0.0453125
0 0.61796875 0.85703125 0.0421875 0.046875
0 0.4359375 0.92421875 0.0390625 0.046875
0 0.18203125 0.784375 0.0421875 0.0375
0 0.834375 0.3484375 0.0484375 0.0390625
0 0.11796875 0.53203125 0.0421875 0.0390625
0 0.21640625 0.7640625 0.0421875 0.040625
0 0.11875 0.49453125 0.04375 0.0421875
0 0.2875 0.18046875 0.0390625 0.0421875
0 0.859375 0.3 0.046875 0.0390625
0 0.1515625 0.3484375 0.0421875 0.0375
0 0.421875 0.12265625 0.0390625 0.040625
0 0.16171875 0.7578125 0.04375 0.0375
0 0.3984375 0.87578125 0.0375 0.0390625
0 0.8203125 0.3125 0.046875 0.040625
0 0.8453125 0.3859375 0.046875 0.0421875
0 0.85859375 0.50234375 0.0484375 0.0421875
0 0.1265625 0.41796875 0.040625 0.040625
0 0.23359375 0.8359375 0.0421875 0.040625
0 0.68359375 0.82578125 0.040625 0.0453125
0 0.87734375 0.63984375 0.05 0.0421875
0 0.7015625 0.1765625 0.0421875 0.0453125
0 0.1 0.621875 0.0453125 0.0375
0 0.75625 0.22421875 0.0421875 0.0375
0 0.76953125 0.7515625 0.0453125 0.04375
0 0.50859375 0.88515625 0.0390625 0.0453125
0 0.090625 0.5859375 0.0453125 0.0390625
0 0.653125 0.84140625 0.0421875 0.0453125
0 0.715625 0.8046875 0.04375 0.04375
0 0.89921875 0.52578125 0.046875 0.0390625
0 0.88671875 0.37265625 0.0453125 0.0390625
0 0.27109375 0.8140625 0.04375 0.04375
0 0.5953125 0.08671875 0.040625 0.04375
0 0.8765625 0.3359375 0.04375 0.04375
0 0.66484375 0.159375 0.0390625 0.0453125
0 0.3125 0.1203125 0.0375 0.0390625
0 0.23984375 0.7890625 0.04375 0.0421875
0 0.84453125 0.71171875 0.0453125 0.0390625
0 0.4921875 0.1171875 0.0390625 0.0421875
0 0.74140625 0.77734375 0.046875 0.04375
0 0.3328125 0.85078125 0.0421875 0.0453125
0 0.23125 0.2265625 0.040625 0.0390625
0 0.89921875 0.45 0.046875 0.0390625
0 0.7796875 0.2484375 0.0453125 0.040625
0 0.13125 0.2984375 0.04375 0.0375
0 0.8125 0.6859375 0.046875 0.040625
0 0.1328125 0.60078125 0.0453125 0.0390625
0 0.80625 0.775 0.04375 0.0375
0 0.209375 0.253125 0.0453125 0.0421875
0 0.17109375 0.2390625 0.0453125 0.040625
0 0.19453125 0.21171875 0.0421875 0.0421875
0 0.0796875 0.5125 0.0421875 0.0390625
0 0.384375 0.1328125 0.0375 0.04375
0 0.68359375 0.86875 0.040625 0.0453125
0 0.11484375 0.33359375 0.04375 0.0390625
0 0.56328125 0.121875 0.0359375 0.0453125
0 0.121875 0.5640625 0.0453125 0.0359375
0 0.75 0.82890625 0.0421875 0.0421875
0 0.853125 0.4265625 0.0484375 0.0421875
0 0.8265625 0.7421875 0.04375 0.0390625
0 0.3640625 0.90625 0.040625 0.0453125
0 0.1109375 0.65703125 0.0453125 0.0375
0 0.2984375 0.83359375 0.040625 0.0453125
0 0.28046875 0.13828125 0.04375 0.0421875
0 0.7296875 0.1515625 0.0421875 0.0453125
0 0.25234375 0.16328125 0.040625 0.040625
0 0.778125 0.8 0.0453125 0.04375
0 0.13984375 0.384375 0.0390625 0.0375
0 0.35078125 0.14921875 0.0390625 0.0453125
0 0.0859375 0.43984375 0.0421875 0.040625
0 0.790625 0.71875 0.046875 0.040625
0 0.6625 0.11484375 0.040625 0.0453125
0 0.1515625 0.26796875 0.0453125 0.034375
0 0.18359375 0.2828125 0.040625 0.0375
0 0.8578125 0.46015625 0.0453125 0.0421875
0 0.49453125 0.35 0.0421875 0.03125
0 0.4 0.55234375 0.034375 0.0359375
0 0.6265625 0.1 0.0421875 0.0453125
0 0.45078125 0.353125 0.0453125 0.0328125
0 0.22265625 0.1859375 0.040625 0.0390625
0 0.5578125 0.4484375 0.0375 0.0265625
0 0.459375 0.48828125 0.0453125 0.0484375
0 0.5375 0.4703125 0.0328125 0.025
0 0.371875 0.59140625 0.0390625 0.0296875
0 0.34609375 0.55078125 0.028125 0.028125
0 0.59296875 0.453125 0.028125 0.0234375