0 0.63046875 0.140625 0.0421875 0.0453125
0 0.5484375 0.88125 0.040625 0.0453125
0 0.59921875 0.13046875 0.0421875 0.0453125
0 0.43828125 0.88203125 0.040625 0.0484375
0 0.32734375 0.89375 0.04375 0.046875
0 0.69765625 0.1296875 0.04375 0.0453125
0 0.14140625 0.72421875 0.040625 0.034375
0 0.46953125 0.928125 0.040625 0.0484375
0 0.5578125 0.0796875 0.0421875 0.0453125
0 0.84140625 0.61484375 0.05 0.040625
0 0.44921875 0.075 0.0390625 0.04375
0 0.65390625 0.8875 0.0421875 0.0484375
0 0.15703125 0.66875 0.040625 0.0359375
0 0.51953125 0.07578125 0.040625 0.0421875
0 0.19140625 0.734375 0.0375 0.040625
0 0.8421875 0.26875 0.046875 0.0453125
0 0.7890625 0.2015625 0.046875 0.0453125
0 0.26484375 0.85625 0.040625 0.046875
0 0.39765625 0.9140625 0.0390625 0.0453125
0 0.16640625 0.3125 0.04375 0.0390625
0 0.3671875 0.8625 0.040625 0.0453125
0 0.34375 0.10703125 0.040625 0.04375
0 0.82734375 0.65390625 0.0484375 0.0421875
0 0.5078125 0.928125 0.040625 0.04375
0 0.85703125 0.5421875 0.0484375 0.04375
0 0.10234375 0.365625 0.0453125 0.0390625
0 0.8953125 0.565625 0.0453125 0.04375
0 0.71875 0.84921875 0.040625 0.046875
0 0.58046875 0.8671875 0.040625 0.0484375
0 0.48671875 0.075 0.0390625 0.0421875
0 0.0953125 0.4015625 0.0421875 0.0375
0 0.5265625 0.11796875 0.0390625 0.04375
0 0.665625 0.159375 0.040625 0.0453125
0 0.8765625 0.3359375 0.04375 0.0421875
0 0.3796875 0.09296875 0.0375 0.0421875
0 0.12109375 0.45546875 0.0421875 0.0421875
0 0.1734375 0.7046875 0.0453125 0.0390625
0 0.11875 0.49375 0.04375 0.0421875
0 0.14453125 0.63828125 0.040625 0.0375
0 0.42109375 0.1234375 0.0375 0.04375
0 0.859375 0.3 0.046875 0.0390625
0 0.2390625 0.7890625 0.0421875 0.04375
0 0.7609375 0.17421875 0.0421875 0.0453125
0 0.87734375 0.63984375 0.0484375 0.0421875
0 0.209375 0.81171875 0.0421875 0.0421875
0 0.4125 0.08203125 0.0375 0.04375
0 0.49296875 0.11640625 0.0375 0.0421875
0 0.11796875 0.528125 0.0453125 0.0375
0 0.83515625 0.3484375 0.046875 0.0390625
0 0.234375 0.8359375 0.040625 0.0421875
0 0.61640625 0.90234375 0.0390625 0.0453125
0 0.2609375 0.203125 0.0421875 0.0421875
0 0.1 0.62265625 0.0453125 0.0390625
0 0.29375 0.878125 0.0421875 0.0421875
0 0.2984375 0.83359375 0.040625 0.046875
0 0.471875 0.88515625 0.040625 0.046875
0 0.85 0.57734375 0.05 0.0421875
0 0.45546875 0.11796875 0.0375 0.04375
0 0.18203125 0.78359375 0.0390625 0.0390625
0 0.88671875 0.37265625 0.0453125 0.0390625
0 0.509375 0.88515625 0.0421875 0.046875
0 0.5796875 0.91171875 0.0390625 0.0453125
0 0.08203125 0.5515625 0.04375 0.0390625
0 0.12421875 0.6953125 0.0453125 0.0375
0 0.59375 0.0875 0.0421875 0.0453125
0 0.7015625 0.17578125 0.0421875 0.0484375
0 0.61796875 0.85625 0.040625 0.0453125
0 0.171875 0.2375 0.04375 0.0390625
0 0.7703125 0.75234375 0.04375 0.046875
0 0.7265625 0.196875 0.04375 0.04375
0 0.31953125 0.1609375 0.0390625 0.04375
0 0.68359375 0.825 0.040625 0.046875
0 0.2875 0.18203125 0.040625 0.0453125
0 0.8640625 0.67578125 0.046875 0.040625
0 0.15078125 0.3484375 0.04375 0.0390625
0 0.88671875 0.60546875 0.05 0.04375
0 0.85859375 0.503125 0.05 0.04375
0 0.28125 0.13828125 0.04375 0.0453125
0 0.3640625 0.90625 0.0421875 0.046875
0 0.82578125 0.7421875 0.0421875 0.040625
0 0.384375 0.13359375 0.0390625 0.0453125
0 0.12265625 0.5640625 0.040625 0.0359375
0 0.2703125 0.8140625 0.04375 0.04375
0 0.4359375 0.92578125 0.0375 0.0484375
0 0.74140625 0.77734375 0.046875 0.04375
0 0.80390625 0.2828125 0.04375 0.04375
0 0.09140625 0.5859375 0.04375 0.0390625
0 0.75625 0.2234375 0.0421875 0.040625
0 0.16171875 0.75703125 0.040625 0.0375
0 0.8203125 0.23515625 0.040625 0.0421875
0 0.215625 0.76328125 0.0375 0.04375
0 0.746875 0.82890625 0.0421875 0.0421875
0 0.8453125 0.71171875 0.0453125 0.04375
0 0.653125 0.84140625 0.0421875 0.0421875
0 0.15078125 0.26875 0.0453125 0.0375
0 0.209375 0.253125 0.04375 0.0453125
0 0.853125 0.4265625 0.0484375 0.0421875
0 0.89453125 0.4109375 0.0453125 0.0453125
0 0.9 0.44921875 0.046875 0.0421875
0 0.7796875 0.24921875 0.046875 0.0421875
0 0.1328125 0.6015625 0.04375 0.040625
0 0.1265625 0.41796875 0.04375 0.0421875
0 0.89921875 0.52734375 0.0453125 0.040625
0 0.0796875 0.5125 0.0421875 0.0375
0 0.08125 0.47421875 0.0421875 0.0375
0 0.81875 0.3140625 0.0453125 0.040625
0 0.8453125 0.3859375 0.0453125 0.0421875
0 0.81171875 0.6859375 0.046875 0.0421875
0 0.56171875 0.121875 0.034375 0.0421875
0 0.39921875 0.875 0.0375 0.040625
0 0.77734375 0.8015625 0.0453125 0.04375
0 0.0828125 0.43984375 0.0453125 0.040625
0 0.5453125 0.92265625 0.0359375 0.04375
0 0.8046875 0.775 0.0421875 0.0359375
0 0.90078125 0.48984375 0.046875 0.040625
0 0.7296875 0.1515625 0.0421875 0.046875
0 0.13046875 0.29765625 0.04375 0.0375
0 0.684375 0.86875 0.0421875 0.0453125
0 0.71640625 0.8046875 0.0421875 0.040625
0 0.35 0.1484375 0.0390625 0.04375
0 0.253125 0.1578125 0.0453125 0.0484375
0 0.3140625 0.1203125 0.040625 0.040625
0 0.13984375 0.384375 0.0390625 0.0390625
0 0.1109375 0.65703125 0.0453125 0.0375
0 0.18359375 0.2828125 0.0421875 0.0375
0 0.115625 0.334375 0.04375 0.040625
0 0.23125 0.228125 0.0421875 0.040625
0 0.85703125 0.46171875 0.046875 0.04375
0 0.790625 0.71796875 0.0484375 0.0390625
0 0.45078125 0.35390625 0.04375 0.0328125
0 0.3328125 0.85078125 0.0421875 0.04375
0 0.56015625 0.4421875 0.0421875 0.040625
0 0.49453125 0.3484375 0.0421875 0.0265625
0 0.403125 0.54609375 0.0296875 0.021875
0 0.66328125 0.1140625 0.0390625 0.04375
0 0.51875 0.41015625 0.0296875 0.0265625
0 0.19453125 0.21171875 0.0421875 0.040625
0 0.36875 0.58828125 0.0296875 0.028125
0 0.6265625 0.1 0.040625 0.04375
0 0.2234375 0.1875 0.0453125 0.040625
0 0.428125 0.52421875 0.0359375 0.028125
0 0.44375 0.38203125 0.025 0.0203125
0 0.58828125 0.60078125 0.0359375 0.0328125
0 0.46875 0.4359375 0.0359375 0.025