0 0.54765625 0.88203125 0.040625 0.0453125
0 0.396875 0.91328125 0.040625 0.0453125
0 0.26484375 0.85546875 0.0421875 0.04375
0 0.63046875 0.140625 0.0421875 0.0453125
0 0.59921875 0.1296875 0.040625 0.0453125
0 0.5578125 0.0796875 0.0421875 0.04375
0 0.29375 0.87890625 0.04375 0.04375
0 0.8953125 0.565625 0.0453125 0.04375
0 0.36640625 0.8625 0.040625 0.0453125
0 0.4375 0.8828125 0.040625 0.046875
0 0.84296875 0.26875 0.0421875 0.04375
0 0.1421875 0.72421875 0.0390625 0.034375
0 0.6546875 0.8890625 0.0421875 0.0453125
0 0.3265625 0.89375 0.0421875 0.046875
0 0.19140625 0.73359375 0.0375 0.0421875
0 0.5203125 0.075 0.040625 0.040625
0 0.85625 0.5421875 0.0484375 0.0421875
0 0.78984375 0.20234375 0.0453125 0.0453125
0 0.69765625 0.13046875 0.04375 0.0453125
0 0.58046875 0.8671875 0.040625 0.0484375
0 0.48671875 0.07421875 0.0375 0.0390625
0 0.165625 0.3125 0.04375 0.0390625
0 0.85 0.578125 0.0484375 0.0421875
0 0.46953125 0.928125 0.040625 0.046875
0 0.84140625 0.61484375 0.05 0.0390625
0 0.61796875 0.90078125 0.0390625 0.04375
0 0.1 0.62265625 0.0453125 0.0390625
0 0.828125 0.653125 0.0515625 0.040625
0 0.14375 0.63828125 0.040625 0.0390625
0 0.803125 0.28203125 0.04375 0.04375
0 0.34296875 0.10703125 0.040625 0.0453125
0 0.234375 0.83515625 0.0390625 0.04375
0 0.1734375 0.70390625 0.04375 0.0375
0 0.18203125 0.78359375 0.0421875 0.040625
0 0.5796875 0.9125 0.040625 0.046875
0 0.471875 0.88515625 0.040625 0.0484375
0 0.82109375 0.23515625 0.0421875 0.0421875
0 0.8328125 0.34765625 0.0484375 0.040625
0 0.1578125 0.66875 0.040625 0.0375
0 0.1234375 0.6953125 0.0453125 0.0390625
0 0.27109375 0.8140625 0.04375 0.0453125
0 0.36171875 0.90546875 0.0390625 0.0453125
0 0.09453125 0.4015625 0.04375 0.0375
0 0.61796875 0.85703125 0.0421875 0.046875
0 0.8765625 0.33671875 0.04375 0.04375
0 0.5078125 0.92734375 0.040625 0.04375
0 0.8640625 0.67578125 0.046875 0.040625
0 0.2390625 0.7890625 0.0421875 0.04375
0 0.37890625 0.08984375 0.0390625 0.046875
0 0.20859375 0.8109375 0.0421875 0.0421875
0 0.45 0.0765625 0.0390625 0.040625
0 0.5265625 0.11796875 0.0390625 0.04375
0 0.4546875 0.1171875 0.0375 0.04375
0 0.6546875 0.8421875 0.0421875 0.0453125
0 0.71796875 0.85 0.0421875 0.0484375
0 0.665625 0.16015625 0.0421875 0.046875
0 0.11875 0.49375 0.04375 0.040625
0 0.72734375 0.196875 0.04375 0.0421875
0 0.859375 0.30078125 0.046875 0.040625
0 0.1328125 0.60078125 0.0453125 0.0390625
0 0.49296875 0.115625 0.0375 0.0421875
0 0.68359375 0.86875 0.040625 0.0453125
0 0.5953125 0.0859375 0.04375 0.046875
0 0.8875 0.60390625 0.0484375 0.040625
0 0.68359375 0.825 0.040625 0.0453125
0 0.42109375 0.1234375 0.0375 0.040625
0 0.08125 0.47421875 0.0421875 0.0375
0 0.29921875 0.83359375 0.040625 0.0453125
0 0.171875 0.23828125 0.04375 0.040625
0 0.16171875 0.75625 0.04375 0.0359375
0 0.5453125 0.9234375 0.0359375 0.04375
0 0.878125 0.63984375 0.0484375 0.0421875
0 0.26328125 0.203125 0.04375 0.04375
0 0.85859375 0.503125 0.0484375 0.04375
0 0.08203125 0.55078125 0.04375 0.0390625
0 0.9 0.528125 0.0453125 0.0390625
0 0.746875 0.82890625 0.04375 0.04375
0 0.3203125 0.16171875 0.040625 0.04375
0 0.33203125 0.85 0.04375 0.04375
0 0.12109375 0.45546875 0.0421875 0.0421875
0 0.7609375 0.175 0.0390625 0.0453125
0 0.9015625 0.4890625 0.04375 0.0421875
0 0.11875 0.528125 0.0453125 0.0375
0 0.15078125 0.3484375 0.04375 0.0375
0 0.43515625 0.925 0.0390625 0.046875
0 0.28125 0.13828125 0.04375 0.0453125
0 0.4125 0.08203125 0.0375 0.0453125
0 0.78046875 0.2484375 0.0453125 0.0421875
0 0.84453125 0.71171875 0.04375 0.0421875
0 0.71640625 0.80390625 0.0421875 0.04375
0 0.74140625 0.778125 0.04375 0.0453125
0 0.509375 0.884375 0.040625 0.046875
0 0.75625 0.22421875 0.04375 0.040625
0 0.8125 0.6859375 0.046875 0.040625
0 0.85234375 0.4265625 0.0484375 0.0421875
0 0.39921875 0.87578125 0.0359375 0.040625
0 0.82578125 0.74296875 0.046875 0.0421875
0 0.8953125 0.40859375 0.04375 0.0453125
0 0.7765625 0.80234375 0.04375 0.04375
0 0.88671875 0.37265625 0.0453125 0.0390625
0 0.09140625 0.5859375 0.04375 0.0390625
0 0.28828125 0.18203125 0.0421875 0.0453125
0 0.9 0.45078125 0.0484375 0.0421875
0 0.121875 0.5640625 0.0453125 0.0359375
0 0.56328125 0.121875 0.0359375 0.046875
0 0.76875 0.74921875 0.046875 0.04375
0 0.23203125 0.228125 0.04375 0.0421875
0 0.384375 0.1328125 0.0390625 0.0453125
0 0.21640625 0.76328125 0.040625 0.040625
0 0.12734375 0.41875 0.04375 0.0421875
0 0.103125 0.36484375 0.0453125 0.0375
0 0.81953125 0.3140625 0.04375 0.040625
0 0.8453125 0.3859375 0.0453125 0.0421875
0 0.70078125 0.1765625 0.0421875 0.0484375
0 0.0796875 0.5125 0.0421875 0.0375
0 0.13125 0.2984375 0.04375 0.0390625
0 0.72890625 0.1515625 0.040625 0.0453125
0 0.0828125 0.43984375 0.04375 0.040625
0 0.80625 0.77578125 0.04375 0.040625
0 0.209375 0.253125 0.04375 0.04375
0 0.78984375 0.71875 0.0484375 0.040625
0 0.1109375 0.6578125 0.046875 0.0375
0 0.19453125 0.21171875 0.0421875 0.040625
0 0.34921875 0.1453125 0.040625 0.0453125
0 0.1359375 0.384375 0.0421875 0.040625
0 0.15 0.26796875 0.04375 0.034375
0 0.66328125 0.1140625 0.0390625 0.04375
0 0.184375 0.28203125 0.040625 0.0390625
0 0.25 0.1625 0.0453125 0.0421875
0 0.3125 0.12109375 0.0375 0.040625
0 0.115625 0.33203125 0.0390625 0.0359375
0 0.859375 0.45859375 0.0453125 0.0453125
0 0.6265625 0.1 0.0390625 0.04375
0 0.221875 0.18671875 0.0453125 0.0390625