0 0.396875 0.9140625 0.040625 0.0453125
0 0.69765625 0.13046875 0.04375 0.046875
0 0.78984375 0.2015625 0.046875 0.0453125
0 0.54765625 0.88125 0.040625 0.0453125
0 0.328125 0.89296875 0.0453125 0.0453125
0 0.46953125 0.92890625 0.0421875 0.0484375
0 0.6 0.1296875 0.040625 0.0453125
0 0.5578125 0.0796875 0.040625 0.0453125
0 0.51953125 0.075 0.040625 0.0421875
0 0.840625 0.61484375 0.0484375 0.040625
0 0.44921875 0.07578125 0.0390625 0.04375
0 0.63046875 0.14140625 0.04375 0.0453125
0 0.4375 0.88203125 0.0390625 0.0484375
0 0.265625 0.85625 0.040625 0.0453125
0 0.8953125 0.565625 0.0453125 0.04375
0 0.8421875 0.26796875 0.046875 0.0453125
0 0.828125 0.653125 0.0484375 0.0390625
0 0.19140625 0.73359375 0.0375 0.0390625
0 0.54609375 0.91875 0.0390625 0.04375
0 0.5078125 0.92734375 0.040625 0.04375
0 0.509375 0.88515625 0.0421875 0.0484375
0 0.5265625 0.1171875 0.040625 0.0421875
0 0.65390625 0.8875 0.0390625 0.046875
0 0.14453125 0.63828125 0.0390625 0.040625
0 0.1421875 0.72421875 0.0390625 0.0359375
0 0.1671875 0.3125 0.04375 0.0390625
0 0.85703125 0.5421875 0.0484375 0.04375
0 0.234375 0.83671875 0.040625 0.0421875
0 0.3671875 0.86171875 0.0375 0.04375
0 0.61875 0.90078125 0.0390625 0.0453125
0 0.48671875 0.075 0.0375 0.0390625
0 0.8875 0.60546875 0.0484375 0.0453125
0 0.84921875 0.5765625 0.05 0.040625
0 0.88671875 0.3734375 0.0453125 0.0390625
0 0.34296875 0.10703125 0.040625 0.04375
0 0.1578125 0.66875 0.040625 0.0359375
0 0.11875 0.49375 0.04375 0.040625
0 0.47109375 0.88515625 0.040625 0.046875
0 0.21640625 0.76328125 0.0421875 0.040625
0 0.71953125 0.85 0.0421875 0.04375
0 0.26328125 0.2046875 0.0421875 0.0453125
0 0.803125 0.28203125 0.04375 0.04375
0 0.1734375 0.7046875 0.04375 0.0390625
0 0.23984375 0.7890625 0.0421875 0.04375
0 0.68359375 0.825 0.040625 0.0453125
0 0.6171875 0.85703125 0.040625 0.046875
0 0.76796875 0.74921875 0.0484375 0.040625
0 0.12421875 0.69453125 0.0453125 0.0375
0 0.4125 0.08125 0.0375 0.0453125
0 0.38125 0.09375 0.0375 0.04375
0 0.5953125 0.0859375 0.0421875 0.04375
0 0.17265625 0.2390625 0.04375 0.0421875
0 0.11875 0.528125 0.04375 0.0375
0 0.878125 0.63984375 0.0484375 0.040625
0 0.12109375 0.45546875 0.0421875 0.0421875
0 0.7609375 0.17421875 0.040625 0.046875
0 0.13203125 0.60078125 0.0453125 0.0390625
0 0.859375 0.3 0.046875 0.0390625
0 0.66484375 0.159375 0.04375 0.0453125
0 0.58046875 0.86796875 0.040625 0.0484375
0 0.20859375 0.253125 0.0421875 0.0453125
0 0.1828125 0.78515625 0.0421875 0.0390625
0 0.08125 0.4734375 0.040625 0.0359375
0 0.834375 0.3484375 0.0484375 0.0390625
0 0.86484375 0.67578125 0.04375 0.0390625
0 0.28046875 0.13828125 0.04375 0.04375
0 0.89921875 0.4484375 0.046875 0.0421875
0 0.08046875 0.5125 0.0421875 0.0390625
0 0.10390625 0.3640625 0.0421875 0.034375
0 0.20859375 0.81171875 0.0390625 0.0421875
0 0.57890625 0.91171875 0.0375 0.04375
0 0.3640625 0.90625 0.0390625 0.046875
0 0.65390625 0.84140625 0.040625 0.0453125
0 0.42109375 0.12421875 0.0390625 0.04375
0 0.8125 0.6859375 0.0484375 0.0390625
0 0.45390625 0.11640625 0.0390625 0.0390625
0 0.1 0.62265625 0.0453125 0.0390625
0 0.29453125 0.878125 0.0421875 0.04375
0 0.09453125 0.40078125 0.0453125 0.0375
0 0.74140625 0.77734375 0.046875 0.0453125
0 0.82109375 0.23515625 0.0421875 0.0421875
0 0.31875 0.16171875 0.0390625 0.04375
0 0.28828125 0.18125 0.040625 0.0453125
0 0.84453125 0.71171875 0.0453125 0.040625
0 0.4 0.87421875 0.0359375 0.040625
0 0.08203125 0.5515625 0.04375 0.0390625
0 0.85859375 0.503125 0.0484375 0.0421875
0 0.853125 0.4265625 0.0484375 0.0421875
0 0.7015625 0.1765625 0.0421875 0.04375
0 0.89453125 0.4109375 0.04375 0.04375
0 0.74765625 0.82890625 0.046875 0.04375
0 0.4921875 0.11640625 0.0359375 0.0421875
0 0.12265625 0.5640625 0.0390625 0.0359375
0 0.09140625 0.58515625 0.04375 0.0390625
0 0.4359375 0.92421875 0.0375 0.04375
0 0.8265625 0.74296875 0.040625 0.0390625
0 0.90078125 0.48828125 0.0453125 0.0421875
0 0.78046875 0.2484375 0.0453125 0.0421875
0 0.68515625 0.86875 0.0421875 0.0453125
0 0.72578125 0.19609375 0.04375 0.040625
0 0.8453125 0.38515625 0.0453125 0.04375
0 0.13125 0.29765625 0.0421875 0.0390625
0 0.715625 0.80390625 0.04375 0.04375
0 0.75625 0.22421875 0.04375 0.0390625
0 0.89921875 0.525 0.0453125 0.0390625
0 0.15078125 0.26875 0.04375 0.0390625
0 0.24921875 0.1625 0.04375 0.0453125
0 0.384375 0.13359375 0.0390625 0.046875
0 0.2703125 0.8140625 0.04375 0.04375
0 0.15078125 0.3484375 0.0421875 0.0359375
0 0.8765625 0.3359375 0.0453125 0.04375
0 0.16015625 0.753125 0.040625 0.0390625
0 0.77734375 0.79921875 0.04375 0.04375
0 0.80546875 0.77578125 0.04375 0.0359375
0 0.8203125 0.31171875 0.046875 0.0390625
0 0.56171875 0.12109375 0.0359375 0.0421875
0 0.1265625 0.41796875 0.0421875 0.040625
0 0.5546875 0.446875 0.034375 0.0265625
0 0.72890625 0.1515625 0.040625 0.046875
0 0.34921875 0.1484375 0.0375 0.04375
0 0.3125 0.12109375 0.0421875 0.0390625
0 0.23125 0.228125 0.040625 0.0390625
0 0.7890625 0.7203125 0.05 0.04375
0 0.45 0.35390625 0.04375 0.0328125
0 0.49453125 0.34765625 0.040625 0.0265625
0 0.40234375 0.5453125 0.028125 0.0203125
0 0.66328125 0.1140625 0.0390625 0.04375
0 0.0859375 0.43984375 0.040625 0.040625
0 0.85703125 0.46171875 0.0484375 0.04375
0 0.33203125 0.85 0.04375 0.0421875
0 0.1109375 0.6578125 0.0453125 0.0359375
0 0.22265625 0.18671875 0.0453125 0.040625
0 0.2984375 0.83359375 0.040625 0.0453125
0 0.54609375 0.50234375 0.0359375 0.034375
0 0.36953125 0.5828125 0.0328125 0.0265625
0 0.14140625 0.384375 0.040625 0.0390625
0 0.115625 0.3328125 0.04375 0.0375
0 0.5375 0.4703125 0.0328125 0.021875
0 0.5703125 0.47734375 0.0328125 0.0328125
0 0.34140625 0.4640625 0.028125 0.0328125
0 0.1859375 0.28359375 0.040625 0.0453125
0 0.19453125 0.21171875 0.04375 0.0390625
0 0.3484375 0.5515625 0.03125 0.03125
0 0.44296875 0.38125 0.01875 0.0171875
0 0.62578125 0.1 0.040625 0.04375
0 0.5296875 0.35234375 0.028125 0.0265625
0 0.49921875 0.51484375 0.046875 0.0390625
0 0.59296875 0.4546875 0.0296875 0.021875
0 0.428125 0.56640625 0.0296875 0.0265625
0 0.3578125 0.4296875 0.0359375 0.0359375
0 0.390625 0.6140625 0.028125 0.03125
0 0.57578125 0.43203125 0.0296875 0.025
0 0.41484375 0.36875 0.0375 0.028125