0 0.50390625 0.32734375 0.028125 0.0296875
0 0.55234375 0.26875 0.028125 0.028125
0 0.503125 0.23671875 0.03125 0.0296875
0 0.5046875 0.3734375 0.028125 0.028125
0 0.4421875 0.3265625 0.03125 0.03125
0 0.64609375 0.71484375 0.025 0.028125
0 0.271875 0.64296875 0.0296875 0.028125
0 0.37890625 0.303125 0.03125 0.028125
0 0.4421875 0.696875 0.0296875 0.028125
0 0.47109375 0.3296875 0.03125 0.0328125
0 0.4453125 0.29609375 0.0296875 0.028125
0 0.35234375 0.359375 0.03125 0.0296875
0 0.54453125 0.64140625 0.0265625 0.028125
0 0.4703125 0.2390625 0.0296875 0.028125
0 0.5203125 0.346875 0.03125 0.025
0 0.453125 0.7609375 0.028125 0.03125
0 0.76015625 0.35625 0.0296875 0.025
0 0.51953125 0.42890625 0.0296875 0.034375
0 0.5359375 0.32109375 0.028125 0.0265625
0 0.259375 0.615625 0.0296875 0.028125
0 0.45859375 0.26796875 0.0328125 0.025
0 0.24453125 0.58515625 0.0265625 0.0296875
0 0.72578125 0.35703125 0.0265625 0.0265625
0 0.51875 0.65703125 0.0234375 0.028125
0 0.47265625 0.28671875 0.03125 0.03125
0 0.38125 0.27109375 0.028125 0.028125
0 0.3359375 0.30703125 0.028125 0.025
0 0.54296875 0.671875 0.025 0.03125
0 0.465625 0.71015625 0.028125 0.0265625
0 0.334375 0.58125 0.0296875 0.03125
0 0.50859375 0.6828125 0.0265625 0.028125
0 0.54609375 0.40078125 0.0265625 0.03125
0 0.534375 0.23828125 0.0265625 0.0265625
0 0.71953125 0.3234375 0.028125 0.03125
0 0.484375 0.68359375 0.025 0.028125
0 0.684375 0.71796875 0.03125 0.028125
0 0.646875 0.64921875 0.028125 0.03125
0 0.48125 0.72890625 0.025 0.0296875
0 0.29140625 0.665625 0.0296875 0.0296875
0 0.40703125 0.259375 0.028125 0.0296875
0 0.3546875 0.6015625 0.0265625 0.0265625
0 0.40859375 0.33515625 0.0296875 0.03125
0 0.665625 0.69921875 0.0296875 0.0296875
0 0.4734375 0.64375 0.0265625 0.028125
0 0.6203125 0.4203125 0.0234375 0.0203125
0 0.50546875 0.71328125 0.025 0.0296875
0 0.5046875 0.27890625 0.028125 0.025
0 0.45859375 0.6671875 0.0328125 0.028125
0 0.43125 0.7453125 0.025 0.0265625
0 0.36796875 0.33125 0.0296875 0.028125
0 0.68046875 0.38046875 0.0265625 0.03125
0 0.42578125 0.57734375 0.028125 0.034375
0 0.5203125 0.58515625 0.03125 0.03125
0 0.72890625 0.4 0.0296875 0.0296875
0 0.4828125 0.76484375 0.025 0.034375
0 0.684375 0.65078125 0.03125 0.03125
0 0.70390625 0.39921875 0.025 0.034375
0 0.61953125 0.72890625 0.028125 0.028125
0 0.53125 0.29296875 0.0328125 0.028125
0 0.67890625 0.41171875 0.0234375 0.03125
0 0.5328125 0.721875 0.0234375 0.03125
0 0.3078125 0.68515625 0.0234375 0.028125
0 0.60546875 0.29375 0.0328125 0.0234375
0 0.55859375 0.240625 0.028125 0.0265625
0 0.4328125 0.275 0.0265625 0.028125
0 0.64921875 0.53203125 0.03125 0.028125
0 0.31875 0.60859375 0.0265625 0.028125
0 0.4921875 0.2625 0.0265625 0.0203125
0 0.7140625 0.66953125 0.034375 0.034375
0 0.2921875 0.61875 0.0234375 0.0265625
0 0.440625 0.2453125 0.03125 0.0234375
0 0.30625 0.6421875 0.025 0.028125
0 0.403125 0.2859375 0.028125 0.0265625
0 0.66640625 0.66953125 0.0296875 0.0265625
0 0.4078125 0.54453125 0.028125 0.028125
0 0.75859375 0.4796875 0.0234375 0.0234375
0 0.35546875 0.53203125 0.028125 0.0296875
0 0.41796875 0.30546875 0.028125 0.025
0 0.6734375 0.34609375 0.028125 0.0296875
0 0.5203125 0.390625 0.028125 0.028125
0 0.375 0.57578125 0.0296875 0.025
0 0.59609375 0.66796875 0.0234375 0.028125
0 0.334375 0.69765625 0.0265625 0.0390625
0 0.70546875 0.56328125 0.0265625 0.03125
0 0.3359375 0.3390625 0.0265625 0.0296875
0 0.43203125 0.35625 0.0296875 0.028125
0 0.35390625 0.55859375 0.025 0.0265625
0 0.7578125 0.58671875 0.025 0.0359375
0 0.57109375 0.67265625 0.021875 0.025
0 0.6078125 0.4546875 0.03125 0.03125
0 0.5578125 0.7453125 0.0265625 0.0265625
0 0.50703125 0.771875 0.0234375 0.0328125
0 0.56640625 0.62578125 0.0265625 0.028125
0 0.66640625 0.440625 0.025 0.0265625
0 0.73203125 0.4828125 0.0234375 0.0296875
0 0.2375 0.55703125 0.0265625 0.03125
0 0.6921875 0.32421875 0.028125 0.028125
0 0.78046875 0.4953125 0.0203125 0.0203125
0 0.7421875 0.45234375 0.03125 0.0265625
0 0.71328125 0.53828125 0.0265625 0.025
0 0.7875 0.4125 0.028125 0.0296875
0 0.4828125 0.3828125 0.021875 0.0265625
0 0.44140625 0.54921875 0.03125 0.03125
0 0.34921875 0.65 0.0234375 0.028125
0 0.68515625 0.45703125 0.025 0.0265625
0 0.71171875 0.45546875 0.0203125 0.021875
0 0.57890625 0.3453125 0.03125 0.028125
0 0.48515625 0.35234375 0.0328125 0.028125
0 0.7 0.35859375 0.028125 0.0296875
0 0.553125 0.33984375 0.0234375 0.03125
0 0.35703125 0.684375 0.028125 0.0328125
0 0.709375 0.70078125 0.028125 0.0359375
0 0.52734375 0.2671875 0.0265625 0.0265625
0 0.6125 0.59921875 0.03125 0.0328125
0 0.56640625 0.6546875 0.0265625 0.0265625
0 0.49921875 0.6125 0.034375 0.03125
0 0.496875 0.659375 0.025 0.0265625
0 0.534375 0.71015625 0.0203125 0.0234375
0 0.5703125 0.28515625 0.028125 0.028125
0 0.58359375 0.2546875 0.03125 0.028125
0 0.309375 0.5 0.0296875 0.0296875
0 0.53984375 0.6109375 0.028125 0.028125
0 0.7671875 0.5515625 0.021875 0.028125
0 0.8078125 0.4953125 0.015625 0.0171875
0 0.40625 0.60625 0.028125 0.028125
0 0.35390625 0.2875 0.0234375 0.0265625
0 0.42734375 0.721875 0.028125 0.028125
0 0.22734375 0.525 0.0171875 0.0234375
0 0.60546875 0.48671875 0.0265625 0.0265625