0 0.5515625 0.3859375 0.0328125 0.0359375
0 0.528125 0.3578125 0.0359375 0.034375
0 0.58125 0.39296875 0.0359375 0.040625
0 0.50859375 0.33203125 0.0359375 0.034375
0 0.21796875 0.60234375 0.0359375 0.0421875
0 0.35546875 0.56328125 0.0375 0.0375
0 0.303125 0.52421875 0.0296875 0.0328125
0 0.3640625 0.53125 0.0359375 0.034375
0 0.60625 0.36171875 0.03125 0.0328125
0 0.5375 0.29921875 0.034375 0.0328125
0 0.528125 0.2375 0.0421875 0.0390625
0 0.3625 0.49765625 0.0390625 0.0359375
0 0.671875 0.23984375 0.0390625 0.03125
0 0.53359375 0.6984375 0.0390625 0.0359375
0 0.24609375 0.6140625 0.0359375 0.04375
0 0.5359375 0.66328125 0.0359375 0.0375
0 0.56640625 0.30859375 0.0265625 0.0359375
0 0.65 0.384375 0.034375 0.0375
0 0.64921875 0.21875 0.0390625 0.0375
0 0.50234375 0.29921875 0.040625 0.0328125
0 0.31015625 0.6109375 0.0328125 0.04375
0 0.2953125 0.43203125 0.0359375 0.0453125
0 0.54140625 0.72890625 0.040625 0.0328125
0 0.584375 0.7765625 0.0359375 0.0390625
0 0.3375 0.58671875 0.0375 0.0359375
0 0.175 0.5140625 0.040625 0.034375
0 0.62265625 0.325 0.03125 0.0328125
0 0.23984375 0.51953125 0.03125 0.0375
0 0.21328125 0.53125 0.028125 0.034375
0 0.26640625 0.42578125 0.03125 0.0375
0 0.628125 0.24609375 0.03125 0.034375
0 0.27890625 0.615625 0.03125 0.040625
0 0.55859375 0.7546875 0.0328125 0.04375
0 0.328125 0.44375 0.040625 0.04375
0 0.56640625 0.67421875 0.03125 0.0359375
0 0.221875 0.559375 0.0375 0.03125
0 0.67109375 0.3609375 0.0359375 0.034375
0 0.23359375 0.434375 0.0390625 0.04375
0 0.1796875 0.546875 0.0390625 0.0375
0 0.3234375 0.4859375 0.03125 0.0375
0 0.60546875 0.26953125 0.0328125 0.03125
0 0.63046875 0.2890625 0.028125 0.0375
0 0.6328125 0.35234375 0.0328125 0.03125
0 0.20625 0.4546875 0.0375 0.040625
0 0.60625 0.59765625 0.0328125 0.034375
0 0.35078125 0.46640625 0.034375 0.0375
0 0.578125 0.61171875 0.034375 0.0375
0 0.3296875 0.54453125 0.0328125 0.034375
0 0.59609375 0.70625 0.03125 0.0296875
0 0.50859375 0.26875 0.0390625 0.0390625
0 0.21484375 0.49453125 0.034375 0.034375
0 0.5453125 0.33046875 0.0328125 0.028125
0 0.70078125 0.6203125 0.034375 0.0359375
0 0.653125 0.26953125 0.03125 0.03125
0 0.56875 0.35390625 0.040625 0.0328125
0 0.6359375 0.5984375 0.0359375 0.040625
0 0.25703125 0.5515625 0.03125 0.028125
0 0.23515625 0.4703125 0.03125 0.0390625
0 0.2453125 0.5765625 0.0296875 0.03125
0 0.58125 0.20859375 0.0359375 0.034375
0 0.5875 0.73515625 0.0328125 0.03125
0 0.3328125 0.51171875 0.0296875 0.0328125
0 0.6875 0.27109375 0.0390625 0.03125
0 0.61484375 0.3921875 0.0375 0.0390625
0 0.69765625 0.30078125 0.0390625 0.0359375
0 0.553125 0.21640625 0.034375 0.0328125
0 0.61953125 0.7859375 0.0359375 0.0375
0 0.29765625 0.465625 0.0296875 0.0359375