0 0.21875 0.60078125 0.034375 0.0359375
0 0.3046875 0.5234375 0.0328125 0.034375
0 0.50625 0.33125 0.03125 0.0328125
0 0.62890625 0.24296875 0.03125 0.0296875
0 0.55078125 0.38515625 0.034375 0.0328125
0 0.2453125 0.615625 0.03125 0.040625
0 0.67265625 0.240625 0.0375 0.03125
0 0.3234375 0.48671875 0.0328125 0.0359375
0 0.215625 0.49609375 0.0328125 0.0328125
0 0.528125 0.35625 0.0359375 0.0375
0 0.559375 0.7578125 0.0359375 0.0328125
0 0.54140625 0.72734375 0.034375 0.034375
0 0.55234375 0.2171875 0.0359375 0.0328125
0 0.67109375 0.36171875 0.0359375 0.0359375
0 0.3625 0.53203125 0.034375 0.0328125
0 0.30859375 0.6125 0.0375 0.04375
0 0.584375 0.20859375 0.034375 0.0375
0 0.3390625 0.5875 0.0359375 0.0359375
0 0.2390625 0.51953125 0.03125 0.034375
0 0.2203125 0.56015625 0.034375 0.0359375
0 0.64921875 0.2171875 0.0359375 0.0359375
0 0.35 0.465625 0.0359375 0.034375
0 0.296875 0.43125 0.0390625 0.0421875
0 0.365625 0.49609375 0.0375 0.0375
0 0.23515625 0.46875 0.0328125 0.0375
0 0.58515625 0.7765625 0.0359375 0.0375
0 0.53671875 0.3 0.0359375 0.03125
0 0.52890625 0.23984375 0.0390625 0.034375
0 0.58046875 0.3921875 0.03125 0.0390625
0 0.50234375 0.29921875 0.0328125 0.0328125
0 0.6484375 0.3859375 0.034375 0.0375
0 0.32734375 0.4453125 0.0390625 0.0421875
0 0.60625 0.36171875 0.0328125 0.0328125
0 0.35703125 0.5625 0.03125 0.0359375
0 0.56640625 0.67265625 0.03125 0.0328125
0 0.5671875 0.30390625 0.028125 0.0265625
0 0.17578125 0.51484375 0.0421875 0.03125
0 0.51015625 0.2703125 0.0359375 0.034375
0 0.69921875 0.62109375 0.0359375 0.0390625
0 0.6265625 0.28828125 0.03125 0.034375
0 0.56875 0.353125 0.0359375 0.0296875
0 0.60546875 0.27109375 0.0328125 0.03125
0 0.25625 0.5515625 0.0328125 0.0296875
0 0.3359375 0.51171875 0.03125 0.0328125
0 0.53671875 0.6640625 0.0390625 0.0375
0 0.6140625 0.39453125 0.034375 0.0390625
0 0.24453125 0.57734375 0.028125 0.0328125
0 0.61875 0.7875 0.03125 0.0375
0 0.59453125 0.33125 0.03125 0.03125
0 0.6046875 0.596875 0.0359375 0.0359375
0 0.2671875 0.4578125 0.03125 0.03125
0 0.3296875 0.54609375 0.03125 0.034375
0 0.18046875 0.546875 0.0359375 0.0328125
0 0.18359375 0.48359375 0.0359375 0.0375
0 0.20703125 0.453125 0.034375 0.0359375
0 0.5859375 0.734375 0.03125 0.03125
0 0.6359375 0.596875 0.034375 0.0359375
0 0.23203125 0.4359375 0.0375 0.0359375
0 0.27890625 0.61796875 0.0296875 0.0359375
0 0.61796875 0.2109375 0.0328125 0.0390625
0 0.1921875 0.5765625 0.0328125 0.0296875
0 0.265625 0.42734375 0.0328125 0.0359375
0 0.6234375 0.72578125 0.0359375 0.0265625
0 0.27265625 0.51875 0.03125 0.034375
0 0.69296875 0.2703125 0.0390625 0.0328125
0 0.63359375 0.353125 0.03125 0.0296875
0 0.6 0.70546875 0.034375 0.0328125
0 0.2125 0.53046875 0.0265625 0.03125
0 0.53359375 0.69765625 0.0375 0.03125
0 0.621875 0.325 0.03125 0.03125