0 0.3 0.5203125 0.03125 0.0359375
0 0.21796875 0.59765625 0.0359375 0.040625
0 0.2375 0.51796875 0.03125 0.040625
0 0.6265625 0.23984375 0.0359375 0.0359375
0 0.56640625 0.30859375 0.03125 0.040625
0 0.278125 0.615625 0.0390625 0.040625
0 0.3375 0.5890625 0.0265625 0.0390625
0 0.16875 0.50859375 0.0359375 0.0390625
0 0.54921875 0.3796875 0.03125 0.0390625
0 0.62890625 0.34921875 0.03125 0.03125
0 0.28671875 0.48671875 0.03125 0.03125
0 0.5265625 0.6890625 0.0390625 0.0359375
0 0.5359375 0.7265625 0.0390625 0.040625
0 0.36640625 0.4953125 0.0390625 0.040625
0 0.56640625 0.23984375 0.040625 0.0359375
0 0.62890625 0.28671875 0.03125 0.0390625
0 0.6375 0.5953125 0.0390625 0.04375
0 0.6203125 0.31796875 0.03125 0.03125
0 0.6953125 0.61796875 0.040625 0.0359375
0 0.50703125 0.3265625 0.0359375 0.0390625
0 0.54921875 0.215625 0.040625 0.040625
0 0.278125 0.5796875 0.03125 0.040625
0 0.31796875 0.4796875 0.03125 0.0359375
0 0.56640625 0.67578125 0.040625 0.0359375
0 0.50859375 0.26015625 0.0390625 0.040625
0 0.60859375 0.3953125 0.0359375 0.0453125
0 0.5796875 0.20703125 0.040625 0.040625
0 0.24921875 0.54921875 0.0359375 0.03125
0 0.61796875 0.20703125 0.0359375 0.05
0 0.26015625 0.45546875 0.03125 0.040625
0 0.68671875 0.32890625 0.0390625 0.0359375
0 0.2953125 0.4265625 0.0390625 0.0453125
0 0.59765625 0.5953125 0.03125 0.0359375
0 0.68671875 0.26875 0.0390625 0.0390625
0 0.58671875 0.77578125 0.0359375 0.040625
0 0.1796875 0.478125 0.03125 0.040625
0 0.6578125 0.3265625 0.0265625 0.03125
0 0.22890625 0.42890625 0.040625 0.040625
0 0.5359375 0.29765625 0.03125 0.0265625
0 0.20703125 0.5265625 0.03125 0.0390625
0 0.54921875 0.62890625 0.040625 0.040625
0 0.61796875 0.78671875 0.0359375 0.0359375
0 0.2796875 0.54921875 0.0359375 0.040625
0 0.56640625 0.70859375 0.03125 0.03125
0 0.2359375 0.46875 0.0359375 0.040625
0 0.2578125 0.48671875 0.01875 0.03125
0 0.56875 0.278125 0.0359375 0.03125
0 0.53984375 0.26640625 0.03125 0.0359375
0 0.26875 0.51796875 0.03125 0.040625
0 0.5890625 0.3265625 0.03125 0.0390625
0 0.21796875 0.5578125 0.0265625 0.0390625
0 0.5796875 0.7359375 0.03125 0.03125
0 0.3265625 0.53984375 0.03125 0.0390625
0 0.5953125 0.7 0.0265625 0.03125
0 0.578125 0.3953125 0.0265625 0.0453125
0 0.65546875 0.67578125 0.03125 0.0359375
0 0.63984375 0.74921875 0.0265625 0.0390625
0 0.61796875 0.71796875 0.0359375 0.0390625
0 0.7203125 0.678125 0.0359375 0.040625
0 0.36015625 0.546875 0.0359375 0.071875
0 0.61796875 0.66015625 0.0359375 0.05
0 0.5796875 0.63984375 0.03125 0.0359375
0 0.246875 0.578125 0.03125 0.0265625
0 0.56015625 0.34921875 0.0359375 0.0390625
0 0.66875 0.36640625 0.0390625 0.05
0 0.68671875 0.70859375 0.03125 0.040625
0 0.71796875 0.715625 0.03125 0.0359375
0 0.178125 0.5578125 0.0453125 0.0390625