0 0.21484375 0.49453125 0.0328125 0.0328125
0 0.628125 0.24375 0.034375 0.03125
0 0.2171875 0.60078125 0.034375 0.0390625
0 0.2390625 0.51953125 0.0296875 0.0359375
0 0.5796875 0.39296875 0.034375 0.0421875
0 0.175 0.51328125 0.04375 0.034375
0 0.23125 0.43515625 0.0375 0.0390625
0 0.50859375 0.33125 0.034375 0.034375
0 0.36328125 0.53203125 0.0359375 0.034375
0 0.60546875 0.2703125 0.0328125 0.0328125
0 0.528125 0.3578125 0.0359375 0.03125
0 0.30390625 0.5234375 0.03125 0.034375
0 0.3375 0.58671875 0.0375 0.0359375
0 0.56640625 0.67421875 0.03125 0.034375
0 0.19140625 0.5765625 0.034375 0.034375
0 0.56640625 0.24375 0.034375 0.03125
0 0.31015625 0.6109375 0.03125 0.04375
0 0.5359375 0.6640625 0.0359375 0.0390625
0 0.55 0.38515625 0.034375 0.0375
0 0.21171875 0.53046875 0.0296875 0.0359375
0 0.58203125 0.21015625 0.034375 0.040625
0 0.5859375 0.7328125 0.03125 0.034375
0 0.32421875 0.48515625 0.0328125 0.0375
0 0.22265625 0.5609375 0.0359375 0.034375
0 0.28046875 0.6171875 0.0328125 0.0421875
0 0.53359375 0.69921875 0.0390625 0.0359375
0 0.50078125 0.29921875 0.0359375 0.0359375
0 0.528125 0.2375 0.040625 0.0359375
0 0.265625 0.4265625 0.034375 0.0421875
0 0.56640625 0.3046875 0.0265625 0.028125
0 0.61484375 0.39453125 0.034375 0.0390625
0 0.584375 0.7765625 0.0359375 0.040625
0 0.20625 0.45390625 0.0328125 0.0375
0 0.5375 0.2984375 0.0328125 0.03125
0 0.653125 0.26953125 0.03125 0.03125
0 0.50859375 0.26875 0.0359375 0.0359375
0 0.23515625 0.46953125 0.0328125 0.0390625
0 0.265625 0.45859375 0.0296875 0.0328125
0 0.671875 0.65 0.0328125 0.0359375
0 0.55859375 0.75625 0.034375 0.034375
0 0.3578125 0.5625 0.0328125 0.0359375
0 0.6703125 0.60703125 0.034375 0.04375
0 0.671875 0.3609375 0.0375 0.0375
0 0.671875 0.23984375 0.0390625 0.0328125
0 0.3515625 0.465625 0.034375 0.0375
0 0.328125 0.44375 0.0390625 0.0421875
0 0.62578125 0.28828125 0.0328125 0.0359375
0 0.54296875 0.728125 0.0375 0.0328125
0 0.18125 0.5484375 0.0390625 0.0359375
0 0.296875 0.43359375 0.0359375 0.0453125
0 0.6359375 0.59765625 0.0359375 0.040625
0 0.61953125 0.78671875 0.03125 0.0375
0 0.60625 0.59609375 0.03125 0.034375
0 0.6515625 0.21796875 0.034375 0.0359375
0 0.553125 0.215625 0.034375 0.0328125
0 0.69921875 0.621875 0.0375 0.0328125
0 0.54609375 0.33046875 0.03125 0.03125
0 0.3671875 0.496875 0.0375 0.0359375
0 0.6046875 0.36015625 0.028125 0.03125
0 0.2796875 0.58203125 0.0296875 0.0328125
0 0.62265625 0.321875 0.028125 0.03125
0 0.5453125 0.2703125 0.03125 0.0296875
0 0.27265625 0.5171875 0.03125 0.04375
0 0.1828125 0.48359375 0.0328125 0.03125
0 0.56875 0.35390625 0.034375 0.028125
0 0.61796875 0.20703125 0.0359375 0.0453125
0 0.3296875 0.5453125 0.03125 0.0359375
0 0.63125 0.35546875 0.028125 0.034375
0 0.65078125 0.3875 0.0328125 0.0375
0 0.2453125 0.61484375 0.03125 0.0390625
0 0.65625 0.3296875 0.0296875 0.0328125
0 0.6515625 0.78046875 0.034375 0.0421875
0 0.24921875 0.5796875 0.03125 0.034375
0 0.69296875 0.33359375 0.03125 0.0390625
0 0.6125 0.75546875 0.03125 0.0328125
0 0.5734375 0.278125 0.0296875 0.03125
0 0.29296875 0.49453125 0.028125 0.034375
0 0.65703125 0.671875 0.0265625 0.028125