0 0.215625 0.49609375 0.0328125 0.034375
0 0.62890625 0.24375 0.0296875 0.0265625
0 0.21875 0.6 0.0328125 0.0359375
0 0.23203125 0.43671875 0.0390625 0.0375
0 0.23984375 0.52109375 0.03125 0.0375
0 0.528125 0.3578125 0.0359375 0.0328125
0 0.303125 0.5234375 0.03125 0.028125
0 0.6484375 0.38671875 0.0328125 0.0375
0 0.58515625 0.778125 0.0359375 0.0375
0 0.559375 0.75859375 0.0359375 0.0359375
0 0.55234375 0.2171875 0.03125 0.028125
0 0.3390625 0.58828125 0.0359375 0.0359375
0 0.50546875 0.33125 0.0328125 0.034375
0 0.671875 0.36171875 0.0359375 0.0359375
0 0.54453125 0.2703125 0.0265625 0.0296875
0 0.32421875 0.4859375 0.03125 0.0359375
0 0.6734375 0.240625 0.0359375 0.03125
0 0.175 0.51484375 0.040625 0.03125
0 0.35078125 0.4671875 0.0359375 0.0359375
0 0.18046875 0.54765625 0.0359375 0.03125
0 0.5296875 0.2390625 0.040625 0.0328125
0 0.6515625 0.2203125 0.0328125 0.034375
0 0.19296875 0.578125 0.0328125 0.03125
0 0.55 0.384375 0.034375 0.0328125
0 0.58671875 0.73359375 0.03125 0.0359375
0 0.534375 0.66328125 0.034375 0.0359375
0 0.3625 0.53125 0.034375 0.034375
0 0.22265625 0.56171875 0.034375 0.0328125
0 0.509375 0.26953125 0.0359375 0.0359375
0 0.5328125 0.69921875 0.0359375 0.034375
0 0.28828125 0.4984375 0.0328125 0.03125
0 0.3265625 0.4453125 0.040625 0.04375
0 0.2734375 0.58359375 0.034375 0.03125
0 0.58046875 0.39296875 0.0328125 0.0390625
0 0.309375 0.61015625 0.034375 0.04375
0 0.6109375 0.7546875 0.0296875 0.03125
0 0.2046875 0.453125 0.028125 0.0328125
0 0.61875 0.7859375 0.0296875 0.0359375
0 0.61484375 0.39453125 0.03125 0.0375
0 0.21328125 0.53203125 0.0234375 0.034375
0 0.296875 0.4328125 0.0375 0.04375
0 0.58203125 0.2109375 0.03125 0.0328125
0 0.67109375 0.6484375 0.028125 0.0359375
0 0.32890625 0.5453125 0.0359375 0.0359375
0 0.54140625 0.728125 0.034375 0.03125
0 0.63515625 0.596875 0.0359375 0.0359375
0 0.265625 0.42890625 0.03125 0.0359375
0 0.70078125 0.3015625 0.03125 0.03125
0 0.5515625 0.6328125 0.040625 0.0328125
0 0.60625 0.26875 0.03125 0.03125
0 0.35625 0.5609375 0.03125 0.0328125
0 0.6984375 0.621875 0.0359375 0.03125
0 0.2453125 0.61484375 0.0296875 0.040625
0 0.621875 0.321875 0.028125 0.028125
0 0.2796875 0.61796875 0.03125 0.0390625
0 0.5640625 0.671875 0.03125 0.03125
0 0.2359375 0.46796875 0.0296875 0.0328125
0 0.57421875 0.27890625 0.0328125 0.028125
0 0.66953125 0.60703125 0.034375 0.04375
0 0.565625 0.70546875 0.0296875 0.03125
0 0.265625 0.45625 0.028125 0.03125
0 0.628125 0.2875 0.028125 0.0328125
0 0.36484375 0.496875 0.0375 0.0328125
0 0.503125 0.29765625 0.0359375 0.03125
0 0.56640625 0.30703125 0.0296875 0.028125
0 0.56875 0.353125 0.034375 0.03125
0 0.18359375 0.48359375 0.0328125 0.034375
0 0.60546875 0.36015625 0.0296875 0.0296875
0 0.27109375 0.51953125 0.028125 0.0390625
0 0.29453125 0.4640625 0.0296875 0.034375