0 0.63828125 0.5984375 0.040625 0.0390625
0 0.61484375 0.3921875 0.0359375 0.0390625
0 0.596875 0.32734375 0.0359375 0.040625
0 0.2390625 0.465625 0.040625 0.0390625
0 0.5796875 0.38984375 0.0359375 0.0390625
0 0.61875 0.2078125 0.0390625 0.0390625
0 0.33203125 0.54375 0.03125 0.034375
0 0.58046875 0.20703125 0.0375 0.0390625
0 0.54140625 0.296875 0.034375 0.034375
0 0.24375 0.51796875 0.034375 0.0375
0 0.275 0.51796875 0.0359375 0.0375
0 0.2828125 0.61015625 0.0359375 0.0375
0 0.5515625 0.38046875 0.0296875 0.0390625
0 0.28515625 0.57890625 0.0359375 0.0328125
0 0.50859375 0.33125 0.0359375 0.0375
0 0.6609375 0.32578125 0.0359375 0.0328125
0 0.30625 0.52265625 0.0328125 0.0359375
0 0.56796875 0.303125 0.0328125 0.0328125
0 0.3703125 0.4984375 0.0453125 0.0375
0 0.61796875 0.78671875 0.0359375 0.0390625
0 0.69140625 0.26796875 0.0453125 0.0375
0 0.5328125 0.6921875 0.0421875 0.04375
0 0.5859375 0.646875 0.0390625 0.0390625
0 0.5078125 0.303125 0.0359375 0.0375
0 0.56953125 0.2765625 0.0359375 0.034375
0 0.58828125 0.77890625 0.0265625 0.040625
0 0.25 0.57734375 0.0359375 0.03125
0 0.6140625 0.75234375 0.03125 0.034375
0 0.6296875 0.32421875 0.028125 0.03125
0 0.53828125 0.721875 0.046875 0.04375
0 0.54453125 0.33125 0.0359375 0.03125
0 0.62890625 0.3484375 0.0296875 0.028125
0 0.18828125 0.534375 0.0484375 0.0546875
0 0.67265625 0.3609375 0.0421875 0.0421875
0 0.34375 0.5875 0.04375 0.04375
0 0.5296875 0.3609375 0.034375 0.04375
0 0.6234375 0.715625 0.0421875 0.046875
0 0.221875 0.55546875 0.03125 0.0375
0 0.2984375 0.55078125 0.0390625 0.0375
0 0.3 0.4375 0.0390625 0.0515625
0 0.2515625 0.61328125 0.0359375 0.040625
0 0.56953125 0.7015625 0.04375 0.04375
0 0.25703125 0.55078125 0.0421875 0.0375
0 0.5578125 0.634375 0.0484375 0.04375
0 0.63671875 0.29296875 0.0296875 0.0390625