0 0.584375 0.778125 0.0359375 0.040625
0 0.5796875 0.39296875 0.034375 0.040625
0 0.215625 0.4953125 0.0328125 0.034375
0 0.3390625 0.5875 0.0375 0.0359375
0 0.21640625 0.59921875 0.034375 0.0390625
0 0.628125 0.24296875 0.03125 0.03125
0 0.2125 0.53125 0.0296875 0.034375
0 0.56640625 0.67421875 0.0296875 0.0359375
0 0.528125 0.3578125 0.0359375 0.03125
0 0.32265625 0.48515625 0.03125 0.0375
0 0.31015625 0.6109375 0.034375 0.046875
0 0.653125 0.21875 0.0328125 0.0375
0 0.67109375 0.36171875 0.0359375 0.0375
0 0.55078125 0.384375 0.0328125 0.0328125
0 0.503125 0.2984375 0.0375 0.0328125
0 0.5578125 0.75546875 0.034375 0.0359375
0 0.50859375 0.26953125 0.0375 0.0375
0 0.52421875 0.23828125 0.0453125 0.0375
0 0.64921875 0.38515625 0.03125 0.0359375
0 0.240625 0.51875 0.0296875 0.0359375
0 0.6359375 0.59765625 0.0359375 0.04375
0 0.60625 0.26953125 0.034375 0.03125
0 0.29609375 0.43203125 0.0375 0.046875
0 0.20390625 0.453125 0.034375 0.0390625
0 0.2234375 0.5578125 0.0359375 0.03125
0 0.265625 0.4578125 0.0296875 0.034375
0 0.18125 0.54609375 0.0390625 0.034375
0 0.55234375 0.21640625 0.0359375 0.034375
0 0.534375 0.6984375 0.0390625 0.0359375
0 0.50859375 0.33125 0.0359375 0.0328125
0 0.67265625 0.240625 0.0390625 0.034375
0 0.17578125 0.5140625 0.040625 0.0328125
0 0.6140625 0.3921875 0.0359375 0.0390625
0 0.36328125 0.53125 0.034375 0.0328125
0 0.28671875 0.5546875 0.0390625 0.0390625
0 0.61875 0.7859375 0.0328125 0.0421875
0 0.53515625 0.66328125 0.0359375 0.0359375
0 0.69765625 0.3015625 0.0375 0.0328125
0 0.53828125 0.29921875 0.0328125 0.03125
0 0.2453125 0.61484375 0.034375 0.0421875
0 0.23125 0.43515625 0.0375 0.0390625
0 0.69765625 0.62109375 0.0359375 0.034375
0 0.58515625 0.7359375 0.0328125 0.0328125
0 0.36640625 0.49609375 0.0375 0.034375
0 0.5453125 0.27109375 0.028125 0.03125
0 0.653125 0.26953125 0.03125 0.0328125
0 0.6328125 0.35234375 0.03125 0.0328125
0 0.18359375 0.484375 0.0375 0.034375
0 0.6703125 0.6546875 0.03125 0.0328125
0 0.234375 0.46875 0.0328125 0.0375
0 0.58203125 0.209375 0.0328125 0.034375
0 0.19140625 0.5765625 0.034375 0.03125
0 0.56640625 0.70703125 0.0296875 0.03125
0 0.2796875 0.61640625 0.0328125 0.04375
0 0.3296875 0.5453125 0.0328125 0.0359375
0 0.54296875 0.728125 0.0359375 0.0328125
0 0.56640625 0.30234375 0.0265625 0.025
0 0.24453125 0.578125 0.028125 0.03125
0 0.565625 0.24453125 0.0296875 0.03125
0 0.328125 0.44375 0.0375 0.04375
0 0.56640625 0.35390625 0.03125 0.03125
0 0.30546875 0.51953125 0.0328125 0.0296875
0 0.60546875 0.3609375 0.0328125 0.0296875
0 0.26484375 0.42734375 0.0359375 0.0359375
0 0.59453125 0.70703125 0.0234375 0.0296875
0 0.596875 0.67890625 0.028125 0.0375
0 0.3515625 0.465625 0.034375 0.034375
0 0.334375 0.509375 0.0296875 0.0328125
0 0.65625 0.32890625 0.0296875 0.03125
0 0.61953125 0.725 0.03125 0.028125
0 0.67109375 0.60703125 0.0328125 0.04375