1 0.26875 0.6375 0.03984375 0.03125
1 0.7265625 0.4796875 0.03125 0.0359375
1 0.7265625 0.51796875 0.03125 0.03125
1 0.5375 0.66875 0.0265625 0.03125
1 0.478125 0.378125 0.03125 0.0265625
1 0.63984375 0.715625 0.0265625 0.0265625
1 0.32890625 0.6953125 0.0265625 0.03984375
1 0.5359375 0.31796875 0.03125 0.03125
1 0.56640625 0.30859375 0.03125 0.03125
1 0.69765625 0.39765625 0.0265625 0.03984375
1 0.28671875 0.5 0.03125 0.03125
1 0.44921875 0.7578125 0.0265625 0.03984375
1 0.4375 0.3203125 0.03125 0.0359375
1 0.378125 0.3 0.0359375 0.03125
1 0.2375 0.5890625 0.03125 0.03125
1 0.34921875 0.3578125 0.03125 0.03125
1 0.4359375 0.39765625 0.0359375 0.04921875
1 0.68671875 0.3203125 0.03125 0.0359375
1 0.50703125 0.76875 0.0265625 0.0359375
1 0.48671875 0.4359375 0.03125 0.0359375
1 0.42890625 0.3578125 0.03125 0.03125
1 0.2890625 0.61796875 0.0265625 0.0265625
1 0.43984375 0.29765625 0.0265625 0.0265625
1 0.51796875 0.42890625 0.03125 0.03125
1 0.3578125 0.6 0.03125 0.0359375
1 0.378125 0.26875 0.0265625 0.03125
1 0.65546875 0.46015625 0.03125 0.03125
1 0.47578125 0.28671875 0.0359375 0.03125
1 0.478125 0.6796875 0.03125 0.0265625
1 0.546875 0.56875 0.0359375 0.0359375
1 0.7 0.56640625 0.03125 0.03125
1 0.76640625 0.54921875 0.03125 0.03984375
1 0.5 0.3203125 0.03125 0.0265625
1 0.5265625 0.2890625 0.03984375 0.0265625
1 0.54921875 0.26875 0.03125 0.03125
1 0.578125 0.346875 0.0265625 0.0265625
1 0.40703125 0.60703125 0.03125 0.03125
1 0.378125 0.54921875 0.0265625 0.03125
1 0.46875 0.2375 0.03125 0.03125
1 0.50859375 0.68671875 0.03125 0.03125
1 0.7203125 0.3578125 0.0265625 0.03125
1 0.5375 0.6375 0.0265625 0.03125
1 0.678125 0.54921875 0.03125 0.03125
1 0.6375 0.646875 0.03125 0.03984375
1 0.5 0.2359375 0.03125 0.0265625
1 0.61796875 0.7265625 0.0265625 0.03125
1 0.3375 0.49765625 0.0265625 0.0265625
1 0.46015625 0.70859375 0.03125 0.03125
1 0.37578125 0.6578125 0.03125 0.0265625
1 0.3359375 0.30859375 0.03984375 0.03125
1 0.75546875 0.5890625 0.0265625 0.03984375
1 0.70859375 0.66875 0.03984375 0.03984375
1 0.478125 0.76015625 0.021875 0.0359375
1 0.5265625 0.71796875 0.021875 0.03125
1 0.59765625 0.48671875 0.03125 0.03125
1 0.7890625 0.40859375 0.03125 0.0265625
1 0.2375 0.5578125 0.03125 0.03984375
1 0.63984375 0.42890625 0.0265625 0.03125
1 0.5953125 0.66875 0.0265625 0.03125
1 0.40703125 0.25546875 0.03125 0.03125
1 0.30703125 0.6375 0.0265625 0.03125
1 0.4375 0.23984375 0.03984375 0.0265625
1 0.478125 0.6375 0.03984375 0.03984375
1 0.58671875 0.7375 0.0265625 0.0265625
1 0.39765625 0.3953125 0.03125 0.0265625
1 0.50703125 0.36875 0.0265625 0.0265625
1 0.37578125 0.378125 0.03125 0.0265625
1 0.6265625 0.678125 0.0359375 0.03125
1 0.71796875 0.42890625 0.03125 0.03125
1 0.4265625 0.578125 0.0359375 0.0359375
1 0.64921875 0.36640625 0.0265625 0.03125
1 0.36640625 0.49765625 0.03125 0.0265625
1 0.68671875 0.71796875 0.03125 0.03125
1 0.646875 0.5359375 0.03125 0.03125
1 0.5578125 0.71796875 0.03125 0.03125
1 0.52890625 0.3953125 0.04453125 0.0359375
1 0.3890625 0.62890625 0.03125 0.03125
1 0.3578125 0.5265625 0.03125 0.03125
1 0.315625 0.60703125 0.0265625 0.03125
1 0.2375 0.46875 0.03125 0.03125
1 0.278125 0.5890625 0.03984375 0.03984375
1 0.3265625 0.54921875 0.03125 0.03125
1 0.4375 0.546875 0.03984375 0.0359375
1 0.278125 0.5578125 0.03125 0.03125
1 0.246875 0.4375 0.03125 0.03984375
1 0.56640625 0.66875 0.03125 0.03125
1 0.49765625 0.7375 0.0265625 0.0265625
1 0.6 0.2890625 0.0359375 0.0265625
1 0.7375 0.44921875 0.0359375 0.0265625
1 0.7375 0.54921875 0.01796875 0.03125
1 0.60703125 0.44921875 0.03984375 0.0359375
1 0.278125 0.5265625 0.03125 0.03125
1 0.2359375 0.49765625 0.0265625 0.0265625
1 0.46875 0.3265625 0.03125 0.03125
1 0.5578125 0.2375 0.03984375 0.03125
1 0.6578125 0.39765625 0.01796875 0.03125
1 0.66875 0.48671875 0.03125 0.03125
1 0.61796875 0.62890625 0.0265625 0.03125
1 0.7953125 0.5578125 0.0265625 0.03125
1 0.5796875 0.5796875 0.03984375 0.03984375
1 0.51796875 0.65546875 0.021875 0.03125
1 0.69765625 0.3578125 0.0265625 0.03125
1 0.68671875 0.4578125 0.03125 0.0265625
1 0.3265625 0.4375 0.03125 0.03125
1 0.5890625 0.6375 0.03125 0.03125
1 0.40703125 0.32890625 0.03984375 0.0359375
1 0.29765625 0.52890625 0.01796875 0.0265625
1 0.5265625 0.60703125 0.03984375 0.03125
1 0.5953125 0.31796875 0.0265625 0.03125
1 0.42890625 0.71796875 0.03984375 0.03125
1 0.7578125 0.35546875 0.03984375 0.0265625
1 0.2796875 0.4578125 0.0265625 0.0265625
1 0.3578125 0.4578125 0.03125 0.0359375
1 0.36875 0.578125 0.0265625 0.0265625
1 0.2578125 0.49765625 0.0265625 0.0265625
1 0.5265625 0.34921875 0.03125 0.03125
1 0.3890625 0.51796875 0.03125 0.021875
1 0.5359375 0.76015625 0.03125 0.04453125
1 0.69765625 0.50859375 0.0265625 0.03125
1 0.3265625 0.5796875 0.03125 0.03984375
1 0.76015625 0.41796875 0.0265625 0.0359375
1 0.76875 0.3796875 0.0359375 0.03125
1 0.8 0.49765625 0.0265625 0.0265625
1 0.79765625 0.46875 0.03125 0.03125
1 0.4375 0.26875 0.03984375 0.03125
1 0.79765625 0.4375 0.03125 0.03125
1 0.77578125 0.46015625 0.03125 0.03125
1 0.40703125 0.4953125 0.03125 0.03125
1 0.6265625 0.4953125 0.0265625 0.03984375
1 0.36640625 0.32890625 0.03984375 0.0265625
1 0.4953125 0.2578125 0.03125 0.0265625
1 0.56640625 0.76640625 0.03125 0.03125
1 0.60703125 0.26875 0.03125 0.021875
1 0.71796875 0.31796875 0.03984375 0.03984375
1 0.77578125 0.51796875 0.03125 0.03984375
1 0.678125 0.6578125 0.03125 0.04453125
1 0.29765625 0.42890625 0.0359375 0.03984375
1 0.778125 0.48671875 0.0265625 0.021875
1 0.52890625 0.2375 0.0265625 0.03125
1 0.446875 0.68671875 0.03984375 0.021875
1 0.59765625 0.69765625 0.03984375 0.0359375
1 0.7359375 0.3796875 0.03984375 0.021875
1 0.56875 0.36875 0.0265625 0.01796875
1 0.34921875 0.646875 0.021875 0.03125