0 0.50390625 0.32734375 0.028125 0.0296875
0 0.55234375 0.26953125 0.028125 0.028125
0 0.503125 0.23671875 0.03125 0.0296875
0 0.5046875 0.3734375 0.028125 0.028125
0 0.64609375 0.71484375 0.025 0.028125
0 0.4421875 0.3265625 0.03125 0.03125
0 0.37890625 0.303125 0.03125 0.028125
0 0.271875 0.64296875 0.0296875 0.028125
0 0.4421875 0.696875 0.0296875 0.028125
0 0.47109375 0.3296875 0.03125 0.0328125
0 0.35234375 0.359375 0.03125 0.0296875
0 0.4453125 0.29609375 0.0296875 0.028125
0 0.453125 0.7609375 0.028125 0.03125
0 0.54453125 0.6421875 0.0265625 0.028125
0 0.5203125 0.346875 0.03125 0.025
0 0.4703125 0.2390625 0.03125 0.028125
0 0.259375 0.615625 0.0296875 0.028125
0 0.76015625 0.35625 0.03125 0.025
0 0.51953125 0.42890625 0.0296875 0.0328125
0 0.5359375 0.32109375 0.028125 0.0265625
0 0.24453125 0.58515625 0.0265625 0.0296875
0 0.45859375 0.26796875 0.0328125 0.025
0 0.72578125 0.3578125 0.0265625 0.0265625
0 0.38125 0.27109375 0.028125 0.028125
0 0.51875 0.65703125 0.0234375 0.028125
0 0.47265625 0.2859375 0.03125 0.03125
0 0.465625 0.71015625 0.028125 0.0265625
0 0.54296875 0.671875 0.025 0.03125
0 0.334375 0.58125 0.0296875 0.03125
0 0.3359375 0.30703125 0.028125 0.025
0 0.29140625 0.665625 0.03125 0.0296875
0 0.50859375 0.6828125 0.028125 0.028125
0 0.684375 0.71796875 0.03125 0.028125
0 0.54609375 0.40078125 0.0265625 0.03125
0 0.484375 0.68359375 0.025 0.028125
0 0.646875 0.64921875 0.028125 0.03125
0 0.61953125 0.72890625 0.028125 0.028125
0 0.665625 0.69921875 0.0296875 0.0296875
0 0.71953125 0.3234375 0.028125 0.03125
0 0.534375 0.23828125 0.0265625 0.0265625
0 0.3546875 0.6015625 0.0265625 0.0265625
0 0.45859375 0.6671875 0.0328125 0.028125
0 0.43125 0.74609375 0.0265625 0.0265625
0 0.48046875 0.72890625 0.025 0.03125
0 0.40703125 0.259375 0.028125 0.0296875
0 0.40859375 0.33515625 0.0296875 0.03125
0 0.4828125 0.76484375 0.025 0.034375
0 0.47421875 0.64375 0.028125 0.028125
0 0.36796875 0.33125 0.0296875 0.028125
0 0.68046875 0.38046875 0.0265625 0.03125
0 0.5203125 0.58515625 0.03125 0.03125
0 0.70390625 0.4 0.025 0.0328125
0 0.50546875 0.71328125 0.025 0.0296875
0 0.42578125 0.57734375 0.028125 0.034375
0 0.5328125 0.721875 0.025 0.03125
0 0.5046875 0.27890625 0.028125 0.025
0 0.684375 0.65078125 0.03125 0.03125
0 0.53125 0.29296875 0.0328125 0.028125
0 0.6203125 0.4203125 0.0234375 0.021875
0 0.3078125 0.68515625 0.0234375 0.028125
0 0.67890625 0.41171875 0.0234375 0.03125
0 0.72890625 0.4 0.0296875 0.0296875
0 0.64921875 0.5328125 0.03125 0.028125
0 0.4328125 0.275 0.0265625 0.028125
0 0.60546875 0.29375 0.0328125 0.0234375
0 0.55859375 0.240625 0.028125 0.0265625
0 0.31875 0.60859375 0.0265625 0.028125
0 0.30625 0.6421875 0.025 0.028125
0 0.66640625 0.66953125 0.0296875 0.028125
0 0.4078125 0.54453125 0.028125 0.028125
0 0.29140625 0.61875 0.0234375 0.0265625
0 0.7140625 0.66953125 0.034375 0.034375
0 0.440625 0.2453125 0.03125 0.0234375
0 0.4921875 0.2625 0.028125 0.0203125
0 0.403125 0.28671875 0.028125 0.025
0 0.35546875 0.53203125 0.0296875 0.0296875
0 0.43203125 0.35625 0.0296875 0.028125
0 0.41796875 0.30546875 0.028125 0.025
0 0.59609375 0.66796875 0.0234375 0.028125
0 0.6734375 0.34609375 0.0296875 0.03125
0 0.52109375 0.390625 0.028125 0.028125
0 0.5078125 0.77109375 0.0234375 0.0328125
0 0.70546875 0.5625 0.0265625 0.03125
0 0.375 0.57578125 0.0296875 0.0265625
0 0.35390625 0.55859375 0.025 0.0265625
0 0.56640625 0.62578125 0.0265625 0.028125
0 0.73203125 0.48359375 0.0234375 0.0296875
0 0.2375 0.55703125 0.0265625 0.03125
0 0.44140625 0.54921875 0.03125 0.03125
0 0.75859375 0.4796875 0.0234375 0.0234375
0 0.7578125 0.58671875 0.025 0.0359375
0 0.3359375 0.3390625 0.0265625 0.0296875
0 0.5703125 0.67265625 0.021875 0.0265625
0 0.4828125 0.3828125 0.021875 0.0265625
0 0.30859375 0.5 0.03125 0.0296875
0 0.6078125 0.4546875 0.03125 0.0328125
0 0.66640625 0.440625 0.025 0.0265625
0 0.709375 0.70078125 0.028125 0.0359375
0 0.5578125 0.7453125 0.0265625 0.0265625
0 0.48515625 0.35234375 0.0328125 0.028125
0 0.34921875 0.65 0.0234375 0.028125
0 0.6125 0.59921875 0.03125 0.0328125
0 0.7421875 0.45234375 0.0328125 0.0265625
0 0.40625 0.60625 0.028125 0.028125
0 0.42734375 0.721875 0.028125 0.028125
0 0.6921875 0.32421875 0.028125 0.028125
0 0.553125 0.33984375 0.0234375 0.03125
0 0.57890625 0.3453125 0.03125 0.028125
0 0.37578125 0.66015625 0.0265625 0.03125
0 0.334375 0.696875 0.0265625 0.040625
0 0.71328125 0.53828125 0.028125 0.0265625
0 0.7875 0.4125 0.028125 0.0296875
0 0.68515625 0.45703125 0.025 0.0265625
0 0.7 0.35859375 0.028125 0.0296875
0 0.49921875 0.6125 0.034375 0.03125
0 0.496875 0.659375 0.025 0.0265625
0 0.53984375 0.6109375 0.028125 0.028125
0 0.78046875 0.4953125 0.0203125 0.021875
0 0.56640625 0.6546875 0.0265625 0.0265625
0 0.71171875 0.45625 0.021875 0.021875
0 0.5265625 0.26796875 0.0265625 0.0265625
0 0.35390625 0.2875 0.0234375 0.0265625
0 0.37890625 0.38046875 0.028125 0.028125
0 0.38359375 0.546875 0.025 0.0265625
0 0.57109375 0.28515625 0.028125 0.028125
0 0.384375 0.48203125 0.03125 0.028125
0 0.5921875 0.64296875 0.0265625 0.0265625
0 0.58359375 0.2546875 0.03125 0.0296875
0 0.2921875 0.5015625 0.0203125 0.0296875
0 0.7671875 0.5515625 0.0234375 0.0296875
0 0.3859375 0.35 0.03125 0.028125
0 0.6625 0.734375 0.03125 0.03125
0 0.22734375 0.52578125 0.0171875 0.025
0 0.61640625 0.6578125 0.0234375 0.0234375
0 0.60546875 0.4875 0.0265625 0.0265625
0 0.5609375 0.37578125 0.03125 0.03125
0 0.515625 0.62890625 0.028125 0.0265625
0 0.72265625 0.43046875 0.0234375 0.025
0 0.78125 0.58359375 0.0265625 0.03125
0 0.65546875 0.37109375 0.028125 0.028125
0 0.2390625 0.4671875 0.03125 0.0296875
0 0.4078125 0.371875 0.0296875 0.028125
0 0.8078125 0.4953125 0.015625 0.0171875
0 0.5921875 0.69765625 0.028125 0.028125
0 0.64609375 0.4328125 0.025 0.028125
0 0.58125 0.578125 0.0328125 0.0359375
0 0.60703125 0.26953125 0.03125 0.028125
0 0.5640625 0.31484375 0.025 0.0296875
0 0.5921875 0.73984375 0.025 0.028125
0 0.55625 0.7234375 0.025 0.021875
0 0.778125 0.46328125 0.0234375 0.025
0 0.2296875 0.4953125 0.015625 0.021875
0 0.55546875 0.703125 0.028125 0.0265625
0 0.77421875 0.3828125 0.03125 0.025
0 0.68125 0.528125 0.0265625 0.0265625
0 0.30546875 0.5640625 0.0203125 0.0265625
0 0.734375 0.51015625 0.0171875 0.0203125
0 0.4984375 0.4046875 0.028125 0.0265625
0 0.58828125 0.61171875 0.028125 0.0296875
0 0.5015625 0.7390625 0.0265625 0.028125
0 0.2421875 0.49453125 0.0171875 0.0203125
0 0.63671875 0.61484375 0.0296875 0.028125
0 0.28359375 0.55859375 0.0234375 0.0265625
0 0.271875 0.58828125 0.021875 0.028125
0 0.79609375 0.44453125 0.0234375 0.0234375
0 0.2984375 0.59140625 0.0234375 0.025
0 0.78984375 0.52421875 0.0125 0.0203125
0 0.69921875 0.434375 0.028125 0.0265625
0 0.4015625 0.39609375 0.028125 0.025
0 0.26796875 0.528125 0.0296875 0.03125
0 0.65859375 0.5078125 0.025 0.0234375
0 0.3984375 0.5734375 0.025 0.03125
0 0.665625 0.62890625 0.0265625 0.0234375
0 0.54921875 0.57265625 0.0328125 0.0359375
0 0.4921875 0.30234375 0.0328125 0.025
0 0.38828125 0.63359375 0.03125 0.03125
0 0.61796875 0.62890625 0.025 0.028125
0 0.3265625 0.52734375 0.0296875 0.025
0 0.3421875 0.4984375 0.021875 0.0203125
0 0.409375 0.4984375 0.0328125 0.028125
0 0.53203125 0.75390625 0.0265625 0.0390625
0 0.80859375 0.5328125 0.0140625 0.0234375
0 0.38359375 0.60234375 0.0234375 0.0265625
0 0.3359375 0.61875 0.025 0.0296875
0 0.59609375 0.3203125 0.0265625 0.028125
0 0.67578125 0.490625 0.025 0.0265625
0 0.659375 0.40234375 0.0234375 0.0328125
0 0.659375 0.465625 0.0265625 0.028125
0 0.64296875 0.39140625 0.0203125 0.0234375