0 0.52578125 0.3578125 0.0359375 0.0359375
0 0.5078125 0.33046875 0.0328125 0.0375
0 0.2390625 0.5203125 0.0328125 0.0390625
0 0.55078125 0.384375 0.034375 0.0359375
0 0.53515625 0.6984375 0.0375 0.0359375
0 0.553125 0.2171875 0.0328125 0.0328125
0 0.67109375 0.240625 0.0375 0.03125
0 0.21953125 0.60078125 0.0375 0.040625
0 0.1796875 0.5390625 0.034375 0.05
0 0.54609375 0.33125 0.0296875 0.034375
0 0.21640625 0.49609375 0.0296875 0.0328125
0 0.6203125 0.32109375 0.028125 0.03125
0 0.3234375 0.4875 0.03125 0.0390625
0 0.628125 0.24375 0.03125 0.028125
0 0.509375 0.26953125 0.0375 0.034375
0 0.3046875 0.53046875 0.034375 0.04375
0 0.60625 0.271875 0.028125 0.0359375
0 0.3375 0.5859375 0.0375 0.0421875
0 0.5296875 0.23828125 0.0390625 0.03125
0 0.19140625 0.57734375 0.0359375 0.0359375
0 0.53984375 0.2984375 0.025 0.03125
0 0.55859375 0.75625 0.034375 0.0359375
0 0.56953125 0.353125 0.0328125 0.03125
0 0.58125 0.3921875 0.03125 0.0390625
0 0.53515625 0.66328125 0.034375 0.0390625
0 0.6703125 0.36015625 0.0359375 0.0390625
0 0.53984375 0.72578125 0.0359375 0.0390625
0 0.50625 0.2984375 0.034375 0.0328125
0 0.5953125 0.3296875 0.028125 0.0328125
0 0.69140625 0.3328125 0.03125 0.0375
0 0.3609375 0.53203125 0.0328125 0.0359375
0 0.56875 0.3078125 0.0296875 0.034375
0 0.21328125 0.53125 0.0265625 0.0359375
0 0.60546875 0.3609375 0.0296875 0.0328125
0 0.6296875 0.2875 0.03125 0.03125
0 0.20703125 0.45390625 0.034375 0.0359375
0 0.221875 0.5609375 0.034375 0.0359375
0 0.56640625 0.24453125 0.028125 0.028125
0 0.23671875 0.46875 0.03125 0.0359375
0 0.646875 0.38515625 0.0296875 0.0359375
0 0.61484375 0.39375 0.0328125 0.0390625
0 0.18359375 0.4796875 0.0375 0.0390625
0 0.54453125 0.26875 0.0265625 0.03125
0 0.5765625 0.28359375 0.0328125 0.0328125
0 0.28984375 0.49140625 0.03125 0.040625
0 0.565625 0.675 0.028125 0.0359375
0 0.6328125 0.353125 0.03125 0.034375