0 0.6296875 0.24375 0.03125 0.034375
0 0.3046875 0.52109375 0.028125 0.0328125
0 0.56640625 0.30703125 0.0265625 0.0359375
0 0.6515625 0.21875 0.0359375 0.0390625
0 0.528125 0.35859375 0.0359375 0.034375
0 0.18125 0.54765625 0.0375 0.0375
0 0.21796875 0.60078125 0.034375 0.0390625
0 0.23984375 0.51875 0.028125 0.0359375
0 0.26796875 0.45703125 0.03125 0.034375
0 0.60546875 0.26953125 0.03125 0.03125
0 0.50234375 0.2984375 0.0375 0.0328125
0 0.62890625 0.2875 0.0296875 0.0375
0 0.69921875 0.62109375 0.0375 0.0375
0 0.58046875 0.3921875 0.034375 0.0421875
0 0.50859375 0.33125 0.034375 0.034375
0 0.35625 0.56171875 0.034375 0.0375
0 0.6734375 0.23984375 0.0375 0.0359375
0 0.5296875 0.2359375 0.0390625 0.0375
0 0.55078125 0.384375 0.0328125 0.0390625
0 0.2671875 0.42578125 0.034375 0.0375
0 0.29765625 0.4296875 0.0359375 0.040625
0 0.17265625 0.5125 0.0328125 0.034375
0 0.534375 0.69765625 0.0390625 0.0359375
0 0.3234375 0.484375 0.03125 0.0328125
0 0.33828125 0.590625 0.0359375 0.0390625
0 0.184375 0.47890625 0.0328125 0.0359375
0 0.2734375 0.51875 0.0296875 0.034375
0 0.57421875 0.27734375 0.0328125 0.0296875
0 0.328125 0.44453125 0.0390625 0.04375
0 0.61484375 0.39375 0.034375 0.0375
0 0.2796875 0.6171875 0.0328125 0.0421875
0 0.2140625 0.49453125 0.0328125 0.0328125
0 0.65390625 0.26796875 0.03125 0.03125
0 0.58828125 0.77578125 0.034375 0.0390625
0 0.60546875 0.596875 0.0328125 0.0375
0 0.62265625 0.32265625 0.0296875 0.03125
0 0.2578125 0.55 0.028125 0.03125
0 0.36328125 0.53046875 0.034375 0.034375
0 0.553125 0.21640625 0.034375 0.0328125
0 0.24453125 0.61484375 0.03125 0.0421875
0 0.19375 0.5765625 0.03125 0.03125
0 0.2046875 0.4515625 0.0328125 0.0359375
0 0.6890625 0.33515625 0.0328125 0.0359375
0 0.296875 0.4609375 0.028125 0.0328125
0 0.64921875 0.38515625 0.03125 0.0390625
0 0.54453125 0.33046875 0.03125 0.0296875
0 0.365625 0.4953125 0.0375 0.0359375
0 0.67109375 0.64765625 0.028125 0.034375
0 0.50859375 0.26953125 0.0375 0.0375
0 0.2234375 0.55859375 0.034375 0.03125
0 0.5984375 0.23359375 0.03125 0.0296875
0 0.5828125 0.20859375 0.034375 0.034375
0 0.60546875 0.36015625 0.0296875 0.03125
0 0.5359375 0.6625 0.0359375 0.0390625
0 0.5859375 0.73359375 0.0328125 0.03125
0 0.23515625 0.46875 0.0328125 0.0375
0 0.334375 0.509375 0.028125 0.034375
0 0.2140625 0.53046875 0.025 0.0359375
0 0.6703125 0.3609375 0.0359375 0.0375
0 0.5421875 0.72734375 0.0359375 0.0328125
0 0.5609375 0.75625 0.034375 0.0421875
0 0.7125 0.65234375 0.0359375 0.034375
0 0.30546875 0.56953125 0.025 0.034375
0 0.53828125 0.2984375 0.03125 0.03125
0 0.67109375 0.60625 0.034375 0.0421875
0 0.6328125 0.3515625 0.0296875 0.0328125
0 0.59375 0.33046875 0.03125 0.03125
0 0.28984375 0.49296875 0.0296875 0.0328125
0 0.2859375 0.5515625 0.028125 0.03125
0 0.2453125 0.57734375 0.028125 0.03125
0 0.31015625 0.6125 0.0328125 0.046875
0 0.32890625 0.54375 0.03125 0.03125
0 0.565625 0.6734375 0.03125 0.034375
0 0.6984375 0.3 0.0375 0.0359375
0 0.63671875 0.59765625 0.0359375 0.0421875
0 0.278125 0.58046875 0.025 0.03125
0 0.54453125 0.26875 0.028125 0.03125
0 0.65625 0.32890625 0.028125 0.03125
0 0.228125 0.4375 0.0328125 0.0375
0 0.61875 0.20625 0.0328125 0.0390625
0 0.61171875 0.75 0.03125 0.034375
0 0.2640625 0.49140625 0.021875 0.0265625
0 0.34921875 0.46484375 0.0328125 0.034375
0 0.5671875 0.35234375 0.03125 0.03125
0 0.6953125 0.70625 0.028125 0.028125
0 0.57578125 0.61171875 0.03125 0.0375
0 0.68671875 0.27109375 0.0359375 0.0296875