0 0.5078125 0.33125 0.034375 0.0375
0 0.53359375 0.6984375 0.0375 0.0359375
0 0.2171875 0.60078125 0.034375 0.0359375
0 0.628125 0.24296875 0.03125 0.03125
0 0.30390625 0.52421875 0.03125 0.034375
0 0.18046875 0.54765625 0.0375 0.0359375
0 0.3625 0.53203125 0.0359375 0.0328125
0 0.23984375 0.51953125 0.03125 0.0390625
0 0.52890625 0.2375 0.0421875 0.034375
0 0.565625 0.67421875 0.03125 0.0359375
0 0.50859375 0.26953125 0.0375 0.0359375
0 0.215625 0.49609375 0.03125 0.0328125
0 0.55078125 0.38515625 0.0328125 0.034375
0 0.6046875 0.36171875 0.03125 0.0328125
0 0.6703125 0.36015625 0.0359375 0.0359375
0 0.60625 0.26953125 0.03125 0.0296875
0 0.64921875 0.3859375 0.0328125 0.0375
0 0.55390625 0.63671875 0.0359375 0.0390625
0 0.19296875 0.57734375 0.034375 0.034375
0 0.503125 0.29765625 0.034375 0.03125
0 0.534375 0.6625 0.034375 0.0390625
0 0.24453125 0.578125 0.0296875 0.0328125
0 0.3234375 0.4859375 0.03125 0.0375
0 0.553125 0.2171875 0.034375 0.0328125
0 0.1828125 0.48515625 0.0328125 0.0359375
0 0.559375 0.75625 0.034375 0.0359375
0 0.17578125 0.51484375 0.0375 0.0328125
0 0.5390625 0.72734375 0.0359375 0.03125
0 0.365625 0.496875 0.0390625 0.0359375
0 0.31015625 0.61015625 0.0328125 0.04375
0 0.5671875 0.30703125 0.028125 0.0328125
0 0.65078125 0.21875 0.0359375 0.0375
0 0.56640625 0.24453125 0.0296875 0.0328125
0 0.67265625 0.23984375 0.0390625 0.034375
0 0.5453125 0.33125 0.0328125 0.03125
0 0.628125 0.2890625 0.0328125 0.0375
0 0.584375 0.77734375 0.0359375 0.0375
0 0.63203125 0.35234375 0.03125 0.03125
0 0.33984375 0.58671875 0.0359375 0.0375
0 0.58046875 0.3921875 0.0328125 0.0390625
0 0.56875 0.35390625 0.034375 0.0296875
0 0.52890625 0.35859375 0.0359375 0.034375
0 0.23203125 0.4359375 0.0390625 0.0375
0 0.53671875 0.3 0.0328125 0.03125
0 0.63515625 0.596875 0.0359375 0.0390625
0 0.271875 0.5203125 0.0296875 0.0421875
0 0.2796875 0.61640625 0.0328125 0.0390625
0 0.690625 0.33515625 0.0328125 0.034375
0 0.61484375 0.39375 0.0328125 0.0375
0 0.61875 0.78671875 0.0328125 0.0375
0 0.26875 0.4578125 0.0359375 0.034375
0 0.2046875 0.453125 0.03125 0.0359375
0 0.6234375 0.325 0.028125 0.03125
0 0.5671875 0.709375 0.028125 0.034375
0 0.3296875 0.54609375 0.03125 0.0359375
0 0.22109375 0.55859375 0.0328125 0.0328125
0 0.23515625 0.46875 0.0328125 0.0375
0 0.65546875 0.32890625 0.028125 0.034375
0 0.584375 0.21015625 0.0359375 0.0390625
0 0.2109375 0.53046875 0.0296875 0.0328125
0 0.24453125 0.61484375 0.0296875 0.0390625
0 0.54453125 0.26953125 0.028125 0.03125
0 0.5734375 0.2796875 0.0328125 0.03125
0 0.28828125 0.49453125 0.03125 0.0328125
0 0.69765625 0.30078125 0.0390625 0.034375
0 0.653125 0.26796875 0.03125 0.03125
0 0.61015625 0.7515625 0.03125 0.0359375
0 0.59765625 0.70625 0.03125 0.0328125
0 0.25703125 0.55234375 0.03125 0.028125
0 0.69921875 0.61953125 0.0375 0.0359375
0 0.68984375 0.27109375 0.0390625 0.034375
0 0.35703125 0.5625 0.03125 0.0359375
0 0.33359375 0.51015625 0.025 0.0359375
0 0.35078125 0.465625 0.034375 0.0359375
0 0.5984375 0.23828125 0.03125 0.0296875
0 0.5859375 0.7359375 0.0328125 0.0359375
0 0.2671875 0.425 0.0328125 0.0390625
0 0.27890625 0.58203125 0.03125 0.034375
0 0.3265625 0.44375 0.0359375 0.040625
0 0.6515625 0.78046875 0.0328125 0.0421875
0 0.65625 0.67421875 0.034375 0.034375
0 0.59375 0.33125 0.034375 0.03125
0 0.7140625 0.65234375 0.04375 0.0359375
0 0.61796875 0.21015625 0.034375 0.0390625
0 0.284375 0.55390625 0.0359375 0.034375
0 0.6640625 0.29921875 0.0296875 0.034375
0 0.67109375 0.64921875 0.03125 0.0390625
0 0.6046875 0.596875 0.0359375 0.0328125
0 0.6453125 0.63046875 0.028125 0.0359375
0 0.6375 0.7546875 0.03125 0.034375
0 0.58125 0.61171875 0.0390625 0.04375
0 0.5984375 0.30078125 0.03125 0.0328125
0 0.2578125 0.49140625 0.0359375 0.0296875
0 0.6703125 0.60546875 0.034375 0.0421875
0 0.72265625 0.68125 0.0359375 0.0359375
0 0.296875 0.4640625 0.028125 0.034375
0 0.30859375 0.56953125 0.0328125 0.040625
0 0.296875 0.43046875 0.034375 0.0421875
0 0.621875 0.72265625 0.0359375 0.04375