1 0.33125 0.69765625 0.0265625 0.03984375
1 0.23984375 0.5578125 0.03125 0.0359375
1 0.53125 0.29140625 0.0359375 0.0265625
1 0.36875 0.32890625 0.0359375 0.0265625
1 0.5640625 0.76875 0.03125 0.0265625
1 0.64453125 0.71796875 0.0265625 0.0265625
1 0.62421875 0.678125 0.0359375 0.03125
1 0.32890625 0.578125 0.03125 0.03984375
1 0.49765625 0.7375 0.0265625 0.0265625
1 0.3890625 0.51796875 0.0265625 0.021875
1 0.378125 0.54921875 0.0265625 0.03125
1 0.23984375 0.5890625 0.03125 0.03125
1 0.35546875 0.5265625 0.03125 0.03125
1 0.7203125 0.43125 0.0265625 0.0265625
1 0.6421875 0.43125 0.021875 0.0265625
1 0.76640625 0.55078125 0.021875 0.0359375
1 0.37109375 0.57578125 0.021875 0.0265625
1 0.51796875 0.42890625 0.0265625 0.03125
1 0.54921875 0.57109375 0.0359375 0.03125
1 0.7578125 0.58671875 0.0265625 0.0359375
1 0.40703125 0.32890625 0.03984375 0.03125
1 0.57578125 0.346875 0.0265625 0.0265625
1 0.47578125 0.28671875 0.0359375 0.0265625
1 0.61796875 0.7265625 0.0265625 0.03125
1 0.3796875 0.26875 0.0265625 0.03125
1 0.4109375 0.4953125 0.03125 0.0265625
1 0.5953125 0.3203125 0.0265625 0.03125
1 0.7953125 0.5578125 0.0265625 0.03125
1 0.70859375 0.66875 0.03984375 0.0359375
1 0.34921875 0.3578125 0.03125 0.03125
1 0.6 0.48671875 0.0265625 0.0265625
1 0.8 0.47109375 0.03125 0.03125
1 0.5578125 0.2375 0.0359375 0.03125
1 0.43125 0.7203125 0.03984375 0.03125
1 0.43125 0.35546875 0.03125 0.0265625
1 0.7890625 0.40859375 0.0265625 0.0265625
1 0.43984375 0.32421875 0.0265625 0.03125
1 0.6421875 0.65078125 0.0265625 0.0359375
1 0.60703125 0.45078125 0.03125 0.03125
1 0.246875 0.43984375 0.0265625 0.0359375
1 0.50859375 0.68671875 0.03125 0.03125
1 0.27109375 0.63984375 0.0359375 0.03125
1 0.2359375 0.5 0.0265625 0.0265625
1 0.3359375 0.30703125 0.0359375 0.0265625
1 0.59140625 0.63984375 0.03125 0.03125
1 0.55078125 0.26875 0.03125 0.03125
1 0.353125 0.6 0.03125 0.03125
1 0.5265625 0.3953125 0.04453125 0.0359375
1 0.60234375 0.29140625 0.0359375 0.0265625
1 0.50703125 0.76875 0.0265625 0.03125
1 0.45078125 0.7578125 0.0265625 0.0359375
1 0.4890625 0.4359375 0.03125 0.03125
1 0.79765625 0.43984375 0.0265625 0.0265625
1 0.53984375 0.66875 0.0265625 0.0265625
1 0.58203125 0.58203125 0.0359375 0.0359375
1 0.67109375 0.48671875 0.03125 0.0265625
1 0.46015625 0.7109375 0.03125 0.03125
1 0.29765625 0.53125 0.021875 0.0265625
1 0.3796875 0.30234375 0.03125 0.0265625
1 0.4 0.39296875 0.0265625 0.0265625
1 0.7375 0.45078125 0.0359375 0.0265625
1 0.68671875 0.321875 0.03125 0.03125
1 0.50703125 0.37109375 0.0265625 0.0265625
1 0.46875 0.2375 0.03125 0.03125
1 0.4421875 0.29765625 0.0265625 0.0265625
1 0.4375 0.27109375 0.03984375 0.03125
1 0.43984375 0.23984375 0.03984375 0.0265625
1 0.2375 0.46875 0.03125 0.03125
1 0.70234375 0.5640625 0.0265625 0.0265625
1 0.478125 0.6375 0.0359375 0.0359375
1 0.5578125 0.7203125 0.03125 0.03125
1 0.29765625 0.43125 0.03125 0.0359375
1 0.37578125 0.66015625 0.03125 0.0265625
1 0.7203125 0.3578125 0.0265625 0.0265625
1 0.35078125 0.646875 0.021875 0.0265625
1 0.53125 0.2375 0.0265625 0.03125
1 0.62421875 0.4953125 0.0265625 0.03984375
1 0.4796875 0.6796875 0.03125 0.0265625
1 0.68671875 0.4578125 0.03125 0.0265625
1 0.5640625 0.30859375 0.03125 0.0265625
1 0.53359375 0.60859375 0.0359375 0.0265625
1 0.59555555625 0.59555555625 0.59555555625 0.6 0.622222221875 0.6 0.622222221875 0.5866666671874999 0.617777778125 0.5866666671874999 0.6133333328125 0.577777778125 0.5911111109375 0.577777778125 0.5911111109375 0.59555555625 0.59555555625 0.59555555625
1 0.64921875 0.5359375 0.03125 0.0265625
1 0.378125 0.3796875 0.0265625 0.0265625
1 0.71796875 0.3203125 0.0359375 0.0359375
1 0.5375 0.31796875 0.03125 0.03125
1 0.284375 0.50234375 0.03125 0.03125
1 0.40703125 0.60703125 0.03125 0.03125
1 0.7 0.39765625 0.021875 0.0359375
1 0.27578125 0.59140625 0.0265625 0.0359375
1 0.3890625 0.62890625 0.03125 0.03125
1 0.52890625 0.7203125 0.0265625 0.03125
1 0.5265625 0.346875 0.03125 0.0265625
1 0.5359375 0.76015625 0.03125 0.03984375
1 0.7265625 0.5203125 0.0265625 0.0265625
1 0.59140625 0.7375 0.0265625 0.0265625
1 0.2796875 0.5578125 0.03125 0.0265625
1 0.2796875 0.4578125 0.021875 0.021875
1 0.70234375 0.51328125 0.021875 0.021875
1 0.43984375 0.54921875 0.0359375 0.0359375
1 0.7625 0.4109375 0.021875 0.0265625
1 0.7375 0.3796875 0.03125 0.021875
1 0.65078125 0.36875 0.0265625 0.03125
1 0.32890625 0.55078125 0.0265625 0.0265625
1 0.7796875 0.49140625 0.021875 0.01796875
1 0.61796875 0.6265625 0.0265625 0.03125
1 0.4796875 0.3796875 0.0265625 0.0265625
1 0.60703125 0.27109375 0.03125 0.021875
1 0.53984375 0.63984375 0.0265625 0.0265625
1 0.4796875 0.7625 0.021875 0.03125
1 0.40703125 0.2578125 0.03125 0.03125
1 0.46875 0.3265625 0.03125 0.0265625
1 0.2890625 0.61796875 0.021875 0.0265625
1 0.56640625 0.67109375 0.0265625 0.0265625
1 0.3640625 0.49765625 0.03125 0.021875
1 0.8046875 0.49765625 0.0265625 0.021875
1 0.278125 0.52890625 0.0265625 0.0265625
1 0.6578125 0.4 0.01796875 0.03125
1 0.4265625 0.578125 0.03125 0.0359375
1 0.7 0.35546875 0.021875 0.03125
1 0.5 0.2359375 0.03125 0.0265625
1 0.59765625 0.69765625 0.0359375 0.03125
1 0.4953125 0.26015625 0.03125 0.0265625
1 0.68671875 0.7203125 0.03125 0.0265625
1 0.6796875 0.6578125 0.03125 0.04453125
1 0.67578125 0.55078125 0.0265625 0.0265625
1 0.51796875 0.65546875 0.021875 0.0265625
1 0.75546875 0.35546875 0.03125 0.0265625
1 0.778125 0.521875 0.021875 0.0359375
1 0.31796875 0.60859375 0.0265625 0.03125
1 0.6578125 0.4625 0.03125 0.03125
1 0.77578125 0.4625 0.0265625 0.0265625
1 0.77109375 0.38203125 0.03125 0.03125
1 0.26015625 0.49765625 0.021875 0.0265625
1 0.32890625 0.43984375 0.03125 0.0265625
1 0.30703125 0.6359375 0.0265625 0.0265625
1 0.50234375 0.32421875 0.03125 0.0265625
1 0.446875 0.6890625 0.0359375 0.021875
1 0.7265625 0.47578125 0.0265625 0.0265625
1 0.3375 0.49765625 0.021875 0.021875
1 0.56640625 0.37109375 0.0265625 0.01796875
1 0.59765625 0.66875 0.0265625 0.0265625
1 0.36015625 0.4578125 0.0265625 0.03125
1 0.75546875 0.515625 0.021875 0.021875
1 0.515625 0.6265625 0.0265625 0.0265625
1 0.40859375 0.54453125 0.021875 0.0265625
1 0.52421875 0.2625 0.0265625 0.0265625
1 0.43359375 0.40234375 0.03125 0.04453125
1 0.7578125 0.478125 0.021875 0.01796875
1 0.7796875 0.4796875 0.021875 0.00859375
1 0.47578125 0.35078125 0.021875 0.021875
1 0.26015625 0.521875 0.01796875 0.021875
1 0.621875 0.42421875 0.0265625 0.0265625
1 0.63359375 0.45546875 0.021875 0.0265625
1 0.50234375 0.28203125 0.0265625 0.021875
1 0.80234375 0.52890625 0.021875 0.0265625
1 0.7375 0.54921875 0.01796875 0.0265625
1 0.6890625 0.53359375 0.01796875 0.01796875
1 0.32421875 0.53125 0.0265625 0.01796875
1 0.6625 0.7359375 0.03125 0.0265625
1 0.753125 0.49765625 0.01796875 0.01796875
1 0.53984375 0.36640625 0.0265625 0.021875
1 0.5578125 0.746875 0.021875 0.01796875
1 0.3265625 0.65546875 0.0265625 0.03125
1 0.5890625 0.61796875 0.0265625 0.01796875
1 0.75078125 0.53359375 0.01796875 0.01328125
1 0.38203125 0.478125 0.03125 0.0265625
1 0.453125 0.3734375 0.0265625 0.01796875
1 0.46875 0.7359375 0.01796875 0.021875