0 0.23984375 0.51953125 0.03125 0.0375
0 0.50703125 0.33203125 0.03125 0.034375
0 0.62890625 0.2421875 0.0328125 0.03125
0 0.528125 0.35859375 0.0359375 0.0328125
0 0.5796875 0.39296875 0.034375 0.0421875
0 0.53359375 0.7 0.0390625 0.0390625
0 0.21796875 0.6 0.034375 0.0359375
0 0.3234375 0.4875 0.03125 0.0390625
0 0.215625 0.49609375 0.03125 0.034375
0 0.55 0.384375 0.0328125 0.0359375
0 0.30390625 0.52421875 0.03125 0.0359375
0 0.60546875 0.36171875 0.03125 0.0328125
0 0.52890625 0.2375 0.0421875 0.0375
0 0.67109375 0.36171875 0.034375 0.0390625
0 0.3390625 0.58671875 0.0359375 0.0359375
0 0.5359375 0.6640625 0.0359375 0.0390625
0 0.60546875 0.2703125 0.03125 0.03125
0 0.50234375 0.2984375 0.0359375 0.0328125
0 0.56796875 0.3078125 0.028125 0.034375
0 0.6265625 0.28828125 0.0328125 0.0375
0 0.584375 0.7765625 0.0359375 0.0421875
0 0.62265625 0.32265625 0.03125 0.03125
0 0.36328125 0.53203125 0.0359375 0.034375
0 0.309375 0.61171875 0.034375 0.0453125
0 0.55859375 0.75703125 0.0375 0.0359375
0 0.2359375 0.46953125 0.0328125 0.0375
0 0.19296875 0.57734375 0.034375 0.0328125
0 0.553125 0.2171875 0.0328125 0.0328125
0 0.32734375 0.5453125 0.0375 0.0359375
0 0.54140625 0.72734375 0.0359375 0.03125
0 0.2453125 0.57890625 0.0296875 0.0328125
0 0.67265625 0.240625 0.0375 0.034375
0 0.17890625 0.5328125 0.040625 0.0625
0 0.565625 0.70703125 0.0265625 0.0328125
0 0.50859375 0.26953125 0.0375 0.0359375
0 0.22109375 0.559375 0.0328125 0.034375
0 0.64765625 0.384375 0.0328125 0.0375
0 0.56640625 0.67421875 0.03125 0.0328125
0 0.56640625 0.24375 0.0328125 0.0328125
0 0.2796875 0.6171875 0.03125 0.040625
0 0.6328125 0.3515625 0.03125 0.034375
0 0.25625 0.5515625 0.03125 0.03125
0 0.27421875 0.5234375 0.03125 0.04375
0 0.63515625 0.596875 0.0359375 0.0390625
0 0.59453125 0.33125 0.0328125 0.0328125
0 0.53828125 0.29921875 0.03125 0.0328125
0 0.56875 0.353125 0.0328125 0.0296875
0 0.69140625 0.33359375 0.034375 0.0359375
0 0.5734375 0.2796875 0.034375 0.0328125
0 0.65625 0.32890625 0.0296875 0.0328125
0 0.24609375 0.615625 0.0328125 0.040625
0 0.61875 0.7859375 0.0328125 0.0375
0 0.69921875 0.621875 0.0375 0.0359375
0 0.61171875 0.75 0.0328125 0.0359375
0 0.54140625 0.33125 0.0296875 0.0328125
0 0.20625 0.453125 0.0328125 0.0359375
0 0.35703125 0.56171875 0.0328125 0.034375
0 0.6546875 0.26875 0.028125 0.03125
0 0.21171875 0.53125 0.028125 0.0359375
0 0.26796875 0.4578125 0.03125 0.0328125
0 0.30625 0.57265625 0.0328125 0.034375
0 0.27734375 0.58125 0.0296875 0.034375
0 0.6140625 0.39453125 0.0328125 0.0375
0 0.65078125 0.21796875 0.0359375 0.0375
0 0.5828125 0.73359375 0.0328125 0.0328125
0 0.55234375 0.6359375 0.0359375 0.0390625
0 0.365625 0.49609375 0.0390625 0.0359375
0 0.32734375 0.44453125 0.0375 0.04375
0 0.58203125 0.21015625 0.034375 0.0375
0 0.3359375 0.51171875 0.0296875 0.03125
0 0.67109375 0.64921875 0.03125 0.0359375
0 0.35 0.465625 0.034375 0.034375
0 0.23203125 0.43515625 0.0390625 0.0390625
0 0.60546875 0.596875 0.0328125 0.0359375
0 0.2828125 0.54765625 0.034375 0.0453125
0 0.65859375 0.675 0.0328125 0.0359375