1 0.3 0.5203125 0.03125 0.0359375
1 0.21796875 0.59765625 0.0359375 0.03984375
1 0.2375 0.51796875 0.03125 0.03984375
1 0.6265625 0.23984375 0.0359375 0.0359375
1 0.56640625 0.30859375 0.03125 0.03984375
1 0.278125 0.615625 0.03984375 0.03984375
1 0.3375 0.5890625 0.0265625 0.03984375
1 0.16875 0.50859375 0.0359375 0.03984375
1 0.54921875 0.3796875 0.03125 0.03984375
1 0.62890625 0.34921875 0.03125 0.03125
1 0.28671875 0.48671875 0.03125 0.03125
1 0.5265625 0.6890625 0.03984375 0.0359375
1 0.5359375 0.7265625 0.03984375 0.03984375
1 0.36640625 0.4953125 0.03984375 0.03984375
1 0.56640625 0.23984375 0.03984375 0.0359375
1 0.62890625 0.28671875 0.03125 0.03984375
1 0.6375 0.5953125 0.03984375 0.04453125
1 0.6953125 0.61796875 0.03984375 0.0359375
1 0.6203125 0.31796875 0.03125 0.03125
1 0.50703125 0.3265625 0.0359375 0.03984375
1 0.178125 0.546875 0.04453125 0.0359375
1 0.31796875 0.4796875 0.03125 0.0359375
1 0.278125 0.5796875 0.03125 0.03984375
1 0.56640625 0.67578125 0.03984375 0.0359375
1 0.50859375 0.26015625 0.03984375 0.03984375
1 0.60859375 0.3953125 0.0359375 0.04453125
1 0.5796875 0.20703125 0.03984375 0.03984375
1 0.24921875 0.54921875 0.0359375 0.03125
1 0.61796875 0.20703125 0.0359375 0.04921875
1 0.26015625 0.45546875 0.03125 0.03984375
1 0.2953125 0.4265625 0.03984375 0.04453125
1 0.68671875 0.32890625 0.03984375 0.0359375
1 0.59765625 0.5953125 0.03125 0.0359375
1 0.58671875 0.77578125 0.0359375 0.03984375
1 0.68671875 0.26875 0.03984375 0.03984375
1 0.1796875 0.478125 0.03125 0.03984375
1 0.6578125 0.3265625 0.0265625 0.03125
1 0.22890625 0.42890625 0.03984375 0.03984375
1 0.5359375 0.29765625 0.03125 0.0265625
1 0.54921875 0.62890625 0.03984375 0.03984375
1 0.61796875 0.78671875 0.0359375 0.0359375
1 0.2796875 0.54921875 0.0359375 0.03984375
1 0.56640625 0.70859375 0.03125 0.03125
1 0.2359375 0.46875 0.0359375 0.03984375
1 0.2578125 0.48671875 0.01796875 0.03125
1 0.56875 0.278125 0.0359375 0.03125
1 0.53984375 0.26640625 0.03125 0.0359375
1 0.26875 0.51796875 0.03125 0.03984375
1 0.5890625 0.3265625 0.03125 0.03984375
1 0.21796875 0.5578125 0.0265625 0.03984375
1 0.5796875 0.7359375 0.03125 0.03125
1 0.3265625 0.53984375 0.03125 0.03984375
1 0.54921875 0.215625 0.03984375 0.03984375
1 0.5953125 0.7 0.0265625 0.03125
1 0.578125 0.3953125 0.0265625 0.04453125
1 0.65546875 0.67578125 0.03125 0.0359375
1 0.63984375 0.74921875 0.0265625 0.03984375
1 0.61796875 0.71796875 0.0359375 0.03984375
1 0.7203125 0.678125 0.0359375 0.03984375
1 0.36015625 0.546875 0.0359375 0.07109375
1 0.61796875 0.66015625 0.0359375 0.04921875
1 0.5796875 0.63984375 0.03125 0.0359375
1 0.246875 0.578125 0.03125 0.0265625
1 0.56015625 0.34921875 0.0359375 0.03984375
1 0.66875 0.36640625 0.03984375 0.04921875
1 0.68671875 0.70859375 0.03125 0.03984375
1 0.71796875 0.715625 0.03125 0.0359375