0 0.5671875 0.7671875 0.028125 0.0296875
0 0.53125 0.71953125 0.025 0.03125
0 0.55859375 0.23984375 0.0328125 0.0296875
0 0.48125 0.640625 0.040625 0.0375
0 0.53125 0.2390625 0.028125 0.0296875
0 0.5 0.23671875 0.0328125 0.03125
0 0.5578125 0.72109375 0.03125 0.0328125
0 0.47890625 0.68125 0.028125 0.028125
0 0.64375 0.64921875 0.034375 0.034375
0 0.68984375 0.71953125 0.0359375 0.0296875
0 0.5078125 0.76796875 0.0265625 0.03125
0 0.50625 0.68671875 0.0296875 0.034375
0 0.453125 0.7578125 0.0265625 0.0359375
0 0.60859375 0.45078125 0.034375 0.03125
0 0.52578125 0.35 0.034375 0.0328125
0 0.6015625 0.29140625 0.0359375 0.0328125
0 0.4671875 0.328125 0.0328125 0.0328125
0 0.2359375 0.52421875 0.034375 0.03125
0 0.43828125 0.26796875 0.034375 0.0296875
0 0.5375 0.76484375 0.0328125 0.034375
0 0.30859375 0.64140625 0.0265625 0.028125
0 0.5671875 0.3125 0.03125 0.03125
0 0.61875 0.62890625 0.028125 0.03125
0 0.4796875 0.7640625 0.025 0.0328125
0 0.2359375 0.4953125 0.03125 0.0328125
0 0.640625 0.459375 0.03125 0.0328125
0 0.43203125 0.71796875 0.0421875 0.03125
0 0.58125 0.5796875 0.040625 0.0359375
0 0.27578125 0.5921875 0.0359375 0.040625
0 0.30234375 0.53359375 0.03125 0.028125
0 0.43984375 0.2453125 0.0375 0.0296875
0 0.44296875 0.2953125 0.0296875 0.03125
0 0.7078125 0.66953125 0.0515625 0.0375
0 0.6796875 0.65625 0.0375 0.0390625
0 0.55 0.57578125 0.0375 0.0390625
0 0.378125 0.6578125 0.03125 0.03125
0 0.5515625 0.26484375 0.03125 0.0296875
0 0.275 0.5296875 0.0390625 0.0328125
0 0.32890625 0.58046875 0.0359375 0.0359375
0 0.47109375 0.29453125 0.034375 0.0328125
0 0.78984375 0.415625 0.03125 0.0359375
0 0.49765625 0.26015625 0.0328125 0.028125
0 0.76171875 0.41328125 0.0328125 0.03125
0 0.446875 0.68984375 0.040625 0.0265625
0 0.33828125 0.55234375 0.046875 0.028125
0 0.65703125 0.4625 0.028125 0.0328125
0 0.625 0.68046875 0.0359375 0.03125
0 0.3375 0.3390625 0.0328125 0.0296875
0 0.48359375 0.37734375 0.0328125 0.0296875
0 0.57421875 0.346875 0.03125 0.0234375
0 0.64296875 0.71796875 0.03125 0.028125
0 0.5296875 0.296875 0.0359375 0.028125
0 0.53984375 0.63671875 0.028125 0.0328125
0 0.37734375 0.5421875 0.03125 0.0265625
0 0.2703125 0.64296875 0.0390625 0.0359375
0 0.41015625 0.60703125 0.0328125 0.034375
0 0.24375 0.58671875 0.0375 0.0390625
0 0.43828125 0.5515625 0.040625 0.0359375
0 0.4921875 0.43828125 0.0296875 0.0328125
0 0.6125 0.59765625 0.03125 0.03125
0 0.49765625 0.73671875 0.028125 0.0296875
0 0.471875 0.23984375 0.0328125 0.03125
0 0.3875 0.51640625 0.034375 0.0265625
0 0.5375 0.321875 0.03125 0.0265625
0 0.7203125 0.325 0.034375 0.040625
0 0.75546875 0.35546875 0.0359375 0.03125
0 0.2671875 0.46953125 0.0359375 0.0296875
0 0.53203125 0.396875 0.04375 0.0328125
0 0.33046875 0.653125 0.0234375 0.0328125