0 0.29609375 0.43359375 0.0390625 0.046875
0 0.525 0.35859375 0.040625 0.0359375
0 0.5875 0.7765625 0.034375 0.0375
0 0.5796875 0.3921875 0.034375 0.0390625
0 0.31015625 0.61171875 0.0359375 0.04375
0 0.35703125 0.5625 0.0359375 0.0375
0 0.215625 0.60078125 0.034375 0.0359375
0 0.3640625 0.53125 0.0359375 0.034375
0 0.2453125 0.61484375 0.034375 0.040625
0 0.5546875 0.215625 0.03125 0.034375
0 0.50234375 0.29921875 0.0359375 0.03125
0 0.25625 0.54921875 0.0296875 0.028125
0 0.7 0.30078125 0.0359375 0.034375
0 0.55078125 0.384375 0.0328125 0.0375
0 0.65234375 0.21875 0.034375 0.034375
0 0.55859375 0.75625 0.034375 0.0359375
0 0.2671875 0.45703125 0.03125 0.0359375
0 0.6484375 0.38515625 0.0328125 0.0359375
0 0.32890625 0.44296875 0.0359375 0.040625
0 0.32421875 0.48515625 0.0328125 0.0328125
0 0.215625 0.4953125 0.034375 0.03125
0 0.33828125 0.5921875 0.0359375 0.0359375
0 0.6296875 0.24296875 0.03125 0.0296875
0 0.58359375 0.21015625 0.034375 0.034375
0 0.65234375 0.784375 0.034375 0.0359375
0 0.6171875 0.7859375 0.0328125 0.0375
0 0.60546875 0.26875 0.0328125 0.0296875
0 0.5296875 0.23828125 0.0390625 0.034375
0 0.67109375 0.36015625 0.0359375 0.0328125
0 0.509375 0.26953125 0.0375 0.0375
0 0.65390625 0.2703125 0.03125 0.0296875
0 0.67109375 0.2390625 0.0375 0.034375
0 0.5890625 0.73359375 0.028125 0.028125
0 0.2359375 0.4671875 0.034375 0.0359375
0 0.1765625 0.51328125 0.040625 0.0328125
0 0.534375 0.66171875 0.034375 0.034375
0 0.265625 0.4265625 0.0328125 0.034375
0 0.221875 0.5578125 0.034375 0.034375
0 0.18125 0.54765625 0.0390625 0.034375
0 0.534375 0.6984375 0.0390625 0.034375
0 0.628125 0.28828125 0.0296875 0.0359375
0 0.565625 0.6734375 0.03125 0.03125
0 0.2796875 0.615625 0.03125 0.040625
0 0.23125 0.43671875 0.040625 0.0375
0 0.3078125 0.5171875 0.0234375 0.021875
0 0.36640625 0.49609375 0.0375 0.0359375
0 0.63359375 0.3515625 0.03125 0.0328125
0 0.59921875 0.70546875 0.0328125 0.0296875
0 0.1921875 0.5765625 0.0328125 0.03125
0 0.565625 0.30546875 0.028125 0.0296875
0 0.23984375 0.51953125 0.0296875 0.03125
0 0.54453125 0.3296875 0.03125 0.028125
0 0.5375 0.29921875 0.034375 0.03125
0 0.54140625 0.72734375 0.0328125 0.03125
0 0.67109375 0.60078125 0.03125 0.028125
0 0.69921875 0.62109375 0.0359375 0.0359375
0 0.59765625 0.2328125 0.0296875 0.021875
0 0.203125 0.45390625 0.028125 0.0359375
0 0.50859375 0.33046875 0.034375 0.03125
0 0.5953125 0.678125 0.0203125 0.028125
0 0.54375 0.26953125 0.028125 0.0296875
0 0.67265625 0.64765625 0.03125 0.03125
0 0.6140625 0.3921875 0.0328125 0.0359375
0 0.61796875 0.209375 0.0328125 0.0375