0 0.33046875 0.696875 0.0265625 0.0421875
0 0.3359375 0.30859375 0.0390625 0.0296875
0 0.3671875 0.49921875 0.0296875 0.0265625
0 0.60625 0.45 0.0359375 0.034375
0 0.46796875 0.23671875 0.0328125 0.03125
0 0.7078125 0.66796875 0.0375 0.0359375
0 0.3765625 0.6578125 0.028125 0.0265625
0 0.43125 0.71953125 0.040625 0.0296875
0 0.37890625 0.26875 0.028125 0.03125
0 0.24609375 0.43984375 0.0328125 0.0390625
0 0.64140625 0.71640625 0.025 0.0265625
0 0.4515625 0.75859375 0.0265625 0.034375
0 0.54765625 0.56953125 0.0359375 0.034375
0 0.76875 0.55078125 0.028125 0.0390625
0 0.71796875 0.31875 0.034375 0.0375
0 0.33125 0.578125 0.034375 0.0375
0 0.35390625 0.528125 0.03125 0.03125
0 0.60625 0.27109375 0.0328125 0.021875
0 0.79921875 0.4703125 0.0328125 0.03125
0 0.55 0.2671875 0.03125 0.028125
0 0.725 0.5140625 0.03125 0.03125
0 0.53359375 0.39609375 0.040625 0.0359375
0 0.56484375 0.7625 0.0296875 0.0328125
0 0.2375 0.46953125 0.03125 0.0328125
0 0.4890625 0.4359375 0.03125 0.034375
0 0.42890625 0.353125 0.0296875 0.028125
0 0.40625 0.49609375 0.0296875 0.03125
0 0.6234375 0.67890625 0.0359375 0.03125
0 0.38046875 0.546875 0.028125 0.0296875
0 0.240625 0.5859375 0.03125 0.034375
0 0.515625 0.43046875 0.028125 0.0296875
0 0.3984375 0.3953125 0.028125 0.028125
0 0.384375 0.34765625 0.03125 0.0265625
0 0.3890625 0.62890625 0.0296875 0.03125
0 0.5 0.23671875 0.03125 0.0265625
0 0.5765625 0.34453125 0.025 0.028125
0 0.52890625 0.71953125 0.0265625 0.028125
0 0.46171875 0.7078125 0.0296875 0.028125
0 0.3265625 0.440625 0.03125 0.034375
0 0.5015625 0.73984375 0.028125 0.025
0 0.68671875 0.321875 0.03125 0.0359375
0 0.34921875 0.3578125 0.0296875 0.0296875
0 0.55859375 0.23828125 0.0390625 0.0296875
0 0.50625 0.6859375 0.03125 0.0296875
0 0.375 0.38046875 0.028125 0.0265625
0 0.2953125 0.43203125 0.0359375 0.0375
0 0.52734375 0.23828125 0.0296875 0.028125
0 0.440625 0.29765625 0.0296875 0.028125
0 0.4359375 0.26875 0.04375 0.03125
0 0.60234375 0.29140625 0.034375 0.025
0 0.4046875 0.25859375 0.028125 0.0296875
0 0.503125 0.32578125 0.034375 0.0296875
0 0.23515625 0.49921875 0.0296875 0.0265625
0 0.71796875 0.3578125 0.028125 0.03125
0 0.67578125 0.546875 0.0328125 0.034375
0 0.27109375 0.63984375 0.0375 0.03125
0 0.4796875 0.640625 0.0390625 0.0375
0 0.7578125 0.59140625 0.025 0.0375
0 0.6015625 0.48828125 0.0296875 0.03125
0 0.55625 0.71875 0.03125 0.0296875
0 0.6765625 0.65703125 0.034375 0.046875
0 0.6421875 0.65078125 0.028125 0.034375
0 0.7296875 0.48203125 0.03125 0.0328125
0 0.57890625 0.5828125 0.0390625 0.0359375
0 0.76953125 0.38359375 0.034375 0.03125
0 0.53984375 0.63984375 0.028125 0.0296875
0 0.50234375 0.36875 0.028125 0.0296875
0 0.50703125 0.76484375 0.0296875 0.0359375
0 0.66015625 0.40078125 0.0203125 0.0296875
0 0.40390625 0.60625 0.0296875 0.03125
0 0.5375 0.7609375 0.0296875 0.0421875
0 0.64140625 0.42890625 0.0234375 0.03125
0 0.43984375 0.321875 0.0296875 0.0296875
0 0.2796875 0.52734375 0.028125 0.0296875
0 0.25859375 0.49921875 0.025 0.0265625
0 0.6171875 0.72421875 0.0265625 0.0265625
0 0.36171875 0.3296875 0.034375 0.028125
0 0.37421875 0.57265625 0.028125 0.0265625
0 0.35546875 0.45546875 0.03125 0.0328125
0 0.590625 0.640625 0.028125 0.028125
0 0.4796875 0.76015625 0.025 0.03125
0 0.4734375 0.28671875 0.0359375 0.0265625
0 0.78046875 0.41171875 0.0390625 0.03125
0 0.70078125 0.3984375 0.025 0.0296875
0 0.51640625 0.65703125 0.025 0.028125
0 0.4375 0.240625 0.040625 0.025
0 0.5953125 0.3203125 0.025 0.0265625
0 0.440625 0.55078125 0.0375 0.034375
0 0.3296875 0.55078125 0.03125 0.028125
0 0.478125 0.68046875 0.03125 0.0265625
0 0.66875 0.48828125 0.03125 0.028125
0 0.73671875 0.4484375 0.0359375 0.0265625
0 0.31015625 0.60859375 0.025 0.0328125
0 0.32265625 0.52265625 0.0296875 0.028125
0 0.753125 0.3578125 0.0390625 0.028125
0 0.47578125 0.3796875 0.03125 0.0265625
0 0.28203125 0.5578125 0.03125 0.028125
0 0.4984375 0.2609375 0.03125 0.025
0 0.5859375 0.73828125 0.025 0.0203125
0 0.28359375 0.49921875 0.028125 0.028125
0 0.69921875 0.50625 0.028125 0.0359375
0 0.540625 0.6671875 0.028125 0.028125
0 0.23671875 0.55625 0.0296875 0.034375
0 0.725 0.39609375 0.0296875 0.03125
0 0.5359375 0.3203125 0.028125 0.0265625
0 0.58515625 0.715625 0.03125 0.0265625
0 0.30625 0.64140625 0.025 0.028125
0 0.61953125 0.42109375 0.028125 0.0328125
0 0.5234375 0.34453125 0.0296875 0.0265625
0 0.53125 0.6046875 0.0375 0.028125
0 0.625 0.49375 0.0265625 0.0375
0 0.79765625 0.49921875 0.028125 0.028125
0 0.68671875 0.4578125 0.034375 0.0265625
0 0.64765625 0.53359375 0.03125 0.0296875
0 0.3359375 0.61796875 0.025 0.03125
0 0.64921875 0.3703125 0.0265625 0.03125
0 0.45703125 0.42890625 0.0296875 0.028125
0 0.2875 0.6140625 0.0296875 0.0296875
0 0.69453125 0.35625 0.0234375 0.028125
0 0.5640625 0.31015625 0.028125 0.0265625
0 0.68359375 0.71875 0.0265625 0.025
0 0.43203125 0.40078125 0.034375 0.04375
0 0.4765625 0.35 0.0296875 0.0234375
0 0.703125 0.5671875 0.0296875 0.03125
0 0.61640625 0.628125 0.028125 0.028125
0 0.66796875 0.4390625 0.028125 0.03125
0 0.26484375 0.55859375 0.0296875 0.03125
0 0.26015625 0.52890625 0.03125 0.0296875
0 0.67265625 0.409375 0.0328125 0.03125
0 0.59609375 0.7609375 0.0296875 0.03125
0 0.52734375 0.29609375 0.0359375 0.0234375
0 0.56484375 0.37421875 0.0265625 0.0203125
0 0.46875 0.32890625 0.03125 0.03125
0 0.27578125 0.58984375 0.0359375 0.0359375
0 0.4515625 0.375 0.0265625 0.0265625
0 0.77109375 0.52421875 0.028125 0.0296875
0 0.79375 0.43828125 0.03125 0.0265625
0 0.69375 0.43515625 0.0234375 0.025
0 0.34921875 0.55546875 0.0234375 0.028125
0 0.428125 0.57734375 0.0296875 0.03125
0 0.63515625 0.3921875 0.025 0.0296875
0 0.44765625 0.6921875 0.040625 0.0234375
0 0.45859375 0.66796875 0.040625 0.03125
0 0.553125 0.7015625 0.0296875 0.028125
0 0.615625 0.65234375 0.0234375 0.03125
0 0.403125 0.28515625 0.0265625 0.0234375
0 0.371875 0.30859375 0.03125 0.0265625
0 0.29296875 0.5328125 0.03125 0.03125
0 0.52109375 0.26171875 0.0296875 0.025
0 0.5 0.6109375 0.0359375 0.03125
0 0.3375 0.496875 0.0296875 0.0265625
0 0.66328125 0.696875 0.028125 0.0265625