0 0.5796875 0.39140625 0.0359375 0.040625
0 0.65234375 0.21875 0.0359375 0.034375
0 0.52578125 0.3578125 0.040625 0.0359375
0 0.584375 0.77734375 0.0375 0.0359375
0 0.29765625 0.42734375 0.03125 0.034375
0 0.1734375 0.5125 0.0265625 0.03125
0 0.525 0.23671875 0.0421875 0.034375
0 0.621875 0.321875 0.028125 0.0234375
0 0.2796875 0.61640625 0.0328125 0.0390625
0 0.628125 0.24140625 0.03125 0.0296875
0 0.6703125 0.359375 0.0359375 0.034375
0 0.49921875 0.29609375 0.03125 0.028125
0 0.67265625 0.240625 0.0359375 0.03125
0 0.35703125 0.5625 0.0328125 0.0375
0 0.534375 0.659375 0.03125 0.03125
0 0.70078125 0.2984375 0.0296875 0.0296875
0 0.2421875 0.6140625 0.028125 0.0375
0 0.23984375 0.51875 0.0296875 0.03125
0 0.55859375 0.75625 0.0296875 0.03125
0 0.63125 0.2828125 0.0234375 0.028125
0 0.18046875 0.546875 0.0359375 0.03125
0 0.33828125 0.58671875 0.0359375 0.034375
0 0.32265625 0.4828125 0.0296875 0.0296875
0 0.53984375 0.6328125 0.015625 0.021875
0 0.21953125 0.5984375 0.0296875 0.03125
0 0.5828125 0.20703125 0.0328125 0.0296875
0 0.19375 0.57578125 0.0296875 0.0296875
0 0.603125 0.26796875 0.03125 0.028125
0 0.3109375 0.61015625 0.0328125 0.040625
0 0.22421875 0.55703125 0.034375 0.03125
0 0.5390625 0.69921875 0.028125 0.028125
0 0.18046875 0.4703125 0.0203125 0.01875
0 0.2296875 0.4359375 0.0359375 0.03125
0 0.30546875 0.52109375 0.021875 0.0203125
0 0.23203125 0.4671875 0.0265625 0.03125
0 0.5515625 0.3828125 0.028125 0.0359375
0 0.265625 0.428125 0.0359375 0.0375
0 0.61953125 0.78515625 0.03125 0.0375
0 0.53671875 0.29765625 0.0359375 0.03125
0 0.509375 0.33046875 0.0359375 0.03125
0 0.6171875 0.21015625 0.034375 0.0375
0 0.36875 0.496875 0.03125 0.03125
0 0.5078125 0.26796875 0.034375 0.034375
0 0.3015625 0.45859375 0.0203125 0.0265625
0 0.2453125 0.578125 0.028125 0.0296875
0 0.3265625 0.44375 0.0328125 0.0390625
0 0.615625 0.39296875 0.0328125 0.034375
0 0.28515625 0.54921875 0.03125 0.0265625
0 0.534375 0.72578125 0.0234375 0.025
0 0.21171875 0.49375 0.028125 0.0328125
0 0.60703125 0.359375 0.028125 0.028125
0 0.70703125 0.6515625 0.01875 0.0203125
0 0.56328125 0.671875 0.028125 0.03125
0 0.6015625 0.59375 0.0234375 0.0234375
0 0.7 0.62265625 0.028125 0.028125
0 0.21015625 0.5296875 0.0265625 0.03125
0 0.25546875 0.54921875 0.025 0.028125
0 0.66484375 0.5953125 0.015625 0.0203125
0 0.6296875 0.35 0.0234375 0.0296875
0 0.203125 0.4484375 0.025 0.028125
0 0.56796875 0.30625 0.025 0.028125
0 0.2609375 0.45625 0.021875 0.0296875
0 0.18125 0.4828125 0.0234375 0.025
0 0.64921875 0.384375 0.03125 0.03125