0 0.6296875 0.24296875 0.03125 0.0296875
0 0.5671875 0.30703125 0.028125 0.0328125
0 0.52734375 0.35859375 0.0375 0.03125
0 0.5078125 0.33203125 0.0359375 0.034375
0 0.53359375 0.69921875 0.040625 0.0390625
0 0.23984375 0.52109375 0.0296875 0.0359375
0 0.18046875 0.54609375 0.040625 0.0375
0 0.3234375 0.4859375 0.03125 0.0390625
0 0.50234375 0.2984375 0.0359375 0.034375
0 0.21796875 0.60078125 0.034375 0.0390625
0 0.21640625 0.4953125 0.03125 0.03125
0 0.56640625 0.67421875 0.0296875 0.0359375
0 0.60625 0.26953125 0.0296875 0.03125
0 0.30390625 0.52265625 0.03125 0.03125
0 0.33828125 0.58671875 0.0375 0.0390625
0 0.5515625 0.2171875 0.0359375 0.034375
0 0.36328125 0.53125 0.0359375 0.0359375
0 0.20703125 0.4546875 0.034375 0.0359375
0 0.528125 0.23828125 0.0421875 0.0359375
0 0.50859375 0.26953125 0.0359375 0.034375
0 0.671875 0.36171875 0.0359375 0.0375
0 0.54140625 0.72734375 0.0359375 0.0328125
0 0.58046875 0.3921875 0.034375 0.040625
0 0.55078125 0.38515625 0.0328125 0.0359375
0 0.19296875 0.57734375 0.034375 0.0328125
0 0.671875 0.23984375 0.0390625 0.034375
0 0.6484375 0.3859375 0.0328125 0.0375
0 0.6328125 0.353125 0.03125 0.03125
0 0.54609375 0.33046875 0.03125 0.0296875
0 0.2453125 0.61484375 0.03125 0.0421875
0 0.62265625 0.32421875 0.028125 0.03125
0 0.5671875 0.2453125 0.03125 0.0328125
0 0.65234375 0.26953125 0.03125 0.03125
0 0.5671875 0.70703125 0.028125 0.03125
0 0.21328125 0.53125 0.0265625 0.0359375
0 0.559375 0.75703125 0.034375 0.0359375
0 0.5359375 0.6640625 0.0375 0.0390625
0 0.31015625 0.61015625 0.0328125 0.04375
0 0.54296875 0.2703125 0.028125 0.03125
0 0.584375 0.778125 0.0359375 0.0375
0 0.5828125 0.21015625 0.034375 0.0375
0 0.221875 0.56015625 0.034375 0.034375
0 0.18359375 0.484375 0.0359375 0.0359375
0 0.63515625 0.59921875 0.0375 0.04375
0 0.24453125 0.578125 0.028125 0.034375
0 0.53828125 0.3 0.03125 0.034375
0 0.2328125 0.434375 0.0375 0.0390625
0 0.55234375 0.63203125 0.040625 0.0359375
0 0.60625 0.36171875 0.03125 0.034375
0 0.57578125 0.27890625 0.03125 0.03125
0 0.2671875 0.45703125 0.0328125 0.0359375
0 0.5859375 0.73359375 0.0328125 0.03125
0 0.62890625 0.28828125 0.028125 0.0359375
0 0.68984375 0.33515625 0.0328125 0.034375
0 0.278125 0.5828125 0.03125 0.0359375
0 0.56796875 0.353125 0.034375 0.03125
0 0.365625 0.4953125 0.0390625 0.0359375
0 0.32890625 0.54609375 0.0328125 0.0359375
0 0.17578125 0.5140625 0.040625 0.034375
0 0.61484375 0.39375 0.0328125 0.0390625
0 0.334375 0.5109375 0.0296875 0.034375
0 0.3515625 0.46484375 0.0359375 0.0375
0 0.2890625 0.49609375 0.03125 0.0375
0 0.2578125 0.5515625 0.03125 0.0296875
0 0.65546875 0.32890625 0.028125 0.0328125
0 0.68828125 0.27109375 0.040625 0.0328125
0 0.6703125 0.6078125 0.0359375 0.046875
0 0.6984375 0.62109375 0.0359375 0.0359375
0 0.35703125 0.56171875 0.03125 0.0359375
0 0.59453125 0.33125 0.0328125 0.0359375
0 0.2796875 0.615625 0.03125 0.040625
0 0.59921875 0.23671875 0.03125 0.028125
0 0.60625 0.59921875 0.03125 0.040625
0 0.234375 0.4671875 0.0296875 0.0328125
0 0.3265625 0.44453125 0.0390625 0.0421875
0 0.65 0.2171875 0.0359375 0.034375
0 0.3046875 0.56875 0.03125 0.0390625
0 0.61796875 0.209375 0.0359375 0.0390625