0 0.26875 0.6375 0.0390625 0.03125
0 0.7265625 0.4796875 0.03125 0.0359375
0 0.7265625 0.51796875 0.03125 0.03125
0 0.5375 0.66875 0.0265625 0.03125
0 0.478125 0.378125 0.03125 0.0265625
0 0.63984375 0.715625 0.0265625 0.0265625
0 0.32890625 0.6953125 0.0265625 0.040625
0 0.5359375 0.31796875 0.03125 0.03125
0 0.56640625 0.30859375 0.03125 0.03125
0 0.69765625 0.39765625 0.0265625 0.040625
0 0.28671875 0.5 0.03125 0.03125
0 0.44921875 0.7578125 0.0265625 0.040625
0 0.4375 0.3203125 0.03125 0.0359375
0 0.378125 0.3 0.0359375 0.03125
0 0.2375 0.5890625 0.03125 0.03125
0 0.34921875 0.3578125 0.03125 0.03125
0 0.4359375 0.39765625 0.0359375 0.05
0 0.68671875 0.3203125 0.03125 0.0359375
0 0.50703125 0.76875 0.0265625 0.0359375
0 0.2890625 0.61796875 0.0265625 0.0265625
0 0.48671875 0.4359375 0.03125 0.0359375
0 0.42890625 0.3578125 0.03125 0.03125
0 0.43984375 0.29765625 0.0265625 0.0265625
0 0.51796875 0.42890625 0.03125 0.03125
0 0.3578125 0.6 0.03125 0.0359375
0 0.378125 0.26875 0.0265625 0.03125
0 0.65546875 0.46015625 0.03125 0.03125
0 0.47578125 0.28671875 0.0359375 0.03125
0 0.478125 0.6796875 0.03125 0.0265625
0 0.546875 0.56875 0.0359375 0.0359375
0 0.7 0.56640625 0.03125 0.03125
0 0.76640625 0.54921875 0.03125 0.040625
0 0.5265625 0.2890625 0.0390625 0.0265625
0 0.5 0.3203125 0.03125 0.0265625
0 0.54921875 0.26875 0.03125 0.03125
0 0.578125 0.346875 0.0265625 0.0265625
0 0.378125 0.54921875 0.0265625 0.03125
0 0.40703125 0.60703125 0.03125 0.03125
0 0.46875 0.2375 0.03125 0.03125
0 0.50859375 0.68671875 0.03125 0.03125
0 0.7203125 0.3578125 0.0265625 0.03125
0 0.678125 0.54921875 0.03125 0.03125
0 0.5375 0.6375 0.0265625 0.03125
0 0.6375 0.646875 0.03125 0.040625
0 0.5 0.2359375 0.03125 0.0265625
0 0.61796875 0.7265625 0.0265625 0.03125
0 0.3375 0.49765625 0.0265625 0.0265625
0 0.46015625 0.70859375 0.03125 0.03125
0 0.37578125 0.6578125 0.03125 0.0265625
0 0.75546875 0.5890625 0.0265625 0.0390625
0 0.3359375 0.30859375 0.040625 0.03125
0 0.70859375 0.66875 0.040625 0.0390625
0 0.478125 0.76015625 0.021875 0.0359375
0 0.5265625 0.71796875 0.021875 0.03125
0 0.2375 0.5578125 0.03125 0.0390625
0 0.59765625 0.48671875 0.03125 0.03125
0 0.7890625 0.40859375 0.03125 0.0265625
0 0.63984375 0.42890625 0.0265625 0.03125
0 0.5953125 0.66875 0.0265625 0.03125
0 0.40703125 0.25546875 0.03125 0.03125
0 0.30703125 0.6375 0.0265625 0.03125
0 0.4375 0.23984375 0.040625 0.0265625
0 0.478125 0.6375 0.040625 0.0390625
0 0.58671875 0.7375 0.0265625 0.0265625
0 0.50703125 0.36875 0.0265625 0.0265625
0 0.39765625 0.3953125 0.03125 0.0265625
0 0.6265625 0.678125 0.0359375 0.03125
0 0.37578125 0.378125 0.03125 0.0265625
0 0.71796875 0.42890625 0.03125 0.03125
0 0.4265625 0.578125 0.0359375 0.0359375
0 0.64921875 0.36640625 0.0265625 0.03125
0 0.36640625 0.49765625 0.03125 0.0265625
0 0.68671875 0.71796875 0.03125 0.03125
0 0.646875 0.5359375 0.03125 0.03125
0 0.5578125 0.71796875 0.03125 0.03125
0 0.52890625 0.3953125 0.04375 0.0359375
0 0.3890625 0.62890625 0.03125 0.03125
0 0.278125 0.5890625 0.0390625 0.0390625
0 0.3578125 0.5265625 0.03125 0.03125
0 0.315625 0.60703125 0.0265625 0.03125
0 0.2375 0.46875 0.03125 0.03125
0 0.4375 0.546875 0.040625 0.0359375
0 0.3265625 0.54921875 0.03125 0.03125
0 0.278125 0.5578125 0.03125 0.03125
0 0.246875 0.4375 0.03125 0.040625
0 0.56640625 0.66875 0.03125 0.03125
0 0.49765625 0.7375 0.0265625 0.0265625
0 0.7375 0.54921875 0.01875 0.03125
0 0.6 0.2890625 0.0359375 0.0265625
0 0.7375 0.44921875 0.0359375 0.0265625
0 0.60703125 0.44921875 0.040625 0.0359375
0 0.278125 0.5265625 0.03125 0.03125
0 0.2359375 0.49765625 0.0265625 0.0265625
0 0.46875 0.3265625 0.03125 0.03125
0 0.5578125 0.2375 0.0390625 0.03125
0 0.6578125 0.39765625 0.01875 0.03125
0 0.66875 0.48671875 0.03125 0.03125
0 0.61796875 0.62890625 0.0265625 0.03125
0 0.7953125 0.5578125 0.0265625 0.03125
0 0.5796875 0.5796875 0.040625 0.040625
0 0.51796875 0.65546875 0.03125 0.03125
0 0.69765625 0.3578125 0.0265625 0.03125
0 0.68671875 0.4578125 0.03125 0.0265625
0 0.3265625 0.4375 0.03125 0.03125
0 0.5890625 0.6375 0.03125 0.03125
0 0.40703125 0.32890625 0.0390625 0.0359375
0 0.29765625 0.52890625 0.01875 0.0265625
0 0.5265625 0.60703125 0.0390625 0.03125
0 0.5953125 0.31796875 0.0265625 0.03125
0 0.42890625 0.71796875 0.040625 0.03125
0 0.7578125 0.35546875 0.040625 0.0265625
0 0.2796875 0.4578125 0.0265625 0.0265625
0 0.3578125 0.4578125 0.03125 0.0359375
0 0.36875 0.578125 0.0265625 0.0265625
0 0.2578125 0.49765625 0.0265625 0.0265625
0 0.5265625 0.34921875 0.03125 0.03125
0 0.3890625 0.51796875 0.03125 0.021875
0 0.5359375 0.76015625 0.03125 0.04375
0 0.69765625 0.50859375 0.0265625 0.03125
0 0.3265625 0.5796875 0.03125 0.040625
0 0.76015625 0.41796875 0.0265625 0.0359375
0 0.76875 0.3796875 0.0359375 0.03125
0 0.8 0.49765625 0.0265625 0.0265625
0 0.79765625 0.46875 0.03125 0.03125
0 0.4375 0.26875 0.040625 0.03125
0 0.79765625 0.4375 0.03125 0.03125
0 0.77578125 0.46015625 0.03125 0.03125
0 0.40703125 0.4953125 0.03125 0.03125
0 0.6265625 0.4953125 0.0265625 0.040625
0 0.36640625 0.32890625 0.0390625 0.0265625
0 0.4953125 0.2578125 0.03125 0.0265625
0 0.56640625 0.76640625 0.03125 0.03125
0 0.60703125 0.26875 0.03125 0.021875
0 0.71796875 0.31796875 0.0390625 0.0390625
0 0.77578125 0.51796875 0.03125 0.040625
0 0.678125 0.6578125 0.03125 0.04375
0 0.778125 0.48671875 0.0265625 0.021875
0 0.29765625 0.42890625 0.0359375 0.040625
0 0.52890625 0.2375 0.0265625 0.03125
0 0.59765625 0.69765625 0.040625 0.0359375
0 0.7359375 0.3796875 0.040625 0.021875
0 0.56875 0.36875 0.0265625 0.0171875
0 0.34921875 0.646875 0.021875 0.03125