0 0.50703125 0.33203125 0.034375 0.0359375
0 0.3046875 0.525 0.03125 0.0359375
0 0.60625 0.3609375 0.0328125 0.0359375
0 0.32421875 0.48515625 0.03125 0.0375
0 0.60546875 0.26953125 0.0328125 0.0328125
0 0.56640625 0.6734375 0.0296875 0.034375
0 0.52734375 0.35859375 0.0359375 0.0359375
0 0.58046875 0.39296875 0.034375 0.040625
0 0.534375 0.6984375 0.040625 0.0359375
0 0.628125 0.24375 0.034375 0.034375
0 0.55 0.3859375 0.034375 0.0375
0 0.18046875 0.5484375 0.0375 0.0359375
0 0.23984375 0.51953125 0.03125 0.0375
0 0.3625 0.5328125 0.0359375 0.0359375
0 0.5375 0.29921875 0.034375 0.03125
0 0.5296875 0.23828125 0.0421875 0.0359375
0 0.215625 0.4953125 0.03125 0.0328125
0 0.309375 0.61015625 0.0359375 0.046875
0 0.33828125 0.58671875 0.0390625 0.0390625
0 0.5671875 0.303125 0.028125 0.0265625
0 0.5578125 0.75859375 0.0359375 0.0359375
0 0.50234375 0.2984375 0.0359375 0.0328125
0 0.17578125 0.51484375 0.0421875 0.0375
0 0.50859375 0.26953125 0.0375 0.034375
0 0.2109375 0.528125 0.0296875 0.0359375
0 0.5671875 0.70703125 0.028125 0.0328125
0 0.60546875 0.596875 0.0359375 0.0375
0 0.63046875 0.28984375 0.03125 0.0375
0 0.66953125 0.36015625 0.0359375 0.0375
0 0.21796875 0.6 0.0328125 0.0359375
0 0.20625 0.45390625 0.0328125 0.0375
0 0.69921875 0.62109375 0.0375 0.0390625
0 0.6359375 0.5953125 0.0359375 0.0359375
0 0.553125 0.21640625 0.0359375 0.0328125
0 0.2578125 0.55234375 0.0328125 0.03125
0 0.234375 0.4671875 0.03125 0.03125
0 0.26953125 0.45859375 0.0328125 0.0359375
0 0.55234375 0.6328125 0.0421875 0.0375
0 0.6171875 0.78671875 0.034375 0.0390625
0 0.58359375 0.775 0.0328125 0.040625
0 0.540625 0.728125 0.0359375 0.0328125
0 0.28984375 0.4953125 0.03125 0.0328125
0 0.3296875 0.546875 0.0328125 0.0375
0 0.29609375 0.4296875 0.0390625 0.04375
0 0.58125 0.7328125 0.03125 0.0328125
0 0.64765625 0.3859375 0.034375 0.0390625
0 0.5453125 0.2703125 0.0296875 0.03125
0 0.29609375 0.4640625 0.028125 0.0359375
0 0.35 0.46640625 0.034375 0.0359375
0 0.221875 0.56015625 0.0359375 0.0328125
0 0.690625 0.3328125 0.0359375 0.040625
0 0.53359375 0.66171875 0.0421875 0.0359375
0 0.2296875 0.4328125 0.0375 0.0421875
0 0.6515625 0.78203125 0.034375 0.0453125
0 0.32734375 0.44453125 0.0390625 0.040625
0 0.5671875 0.24375 0.03125 0.03125
0 0.28359375 0.55390625 0.0359375 0.0390625
0 0.6234375 0.32421875 0.03125 0.034375
0 0.27890625 0.615625 0.03125 0.04375
0 0.19140625 0.5765625 0.0359375 0.03125
0 0.36640625 0.49609375 0.0390625 0.0359375
0 0.5984375 0.70625 0.03125 0.034375
0 0.671875 0.65078125 0.03125 0.040625
0 0.2453125 0.57890625 0.0296875 0.034375
0 0.5921875 0.33125 0.034375 0.034375
0 0.56796875 0.35234375 0.0359375 0.03125
0 0.53828125 0.33203125 0.0265625 0.034375
0 0.57890625 0.6125 0.03125 0.0390625
0 0.6546875 0.26796875 0.028125 0.0296875
0 0.6109375 0.7515625 0.03125 0.0359375
0 0.2453125 0.6140625 0.03125 0.0421875
0 0.61484375 0.39375 0.03125 0.0375
0 0.334375 0.51171875 0.028125 0.034375
0 0.58203125 0.209375 0.0328125 0.0390625
0 0.65546875 0.33046875 0.03125 0.0328125
0 0.7125 0.65234375 0.040625 0.0328125
0 0.6859375 0.27109375 0.0390625 0.03125
0 0.671875 0.240625 0.0390625 0.03125
0 0.27265625 0.5125 0.0296875 0.046875
0 0.63359375 0.35234375 0.03125 0.0328125
0 0.26640625 0.42578125 0.034375 0.040625
0 0.35703125 0.56171875 0.03125 0.034375
0 0.65078125 0.21796875 0.0359375 0.0359375
0 0.27890625 0.57890625 0.0328125 0.0359375
0 0.615625 0.209375 0.0390625 0.040625
0 0.1828125 0.48515625 0.034375 0.034375
0 0.66796875 0.603125 0.0359375 0.04375
0 0.57421875 0.27890625 0.03125 0.0328125