0 0.56640625 0.7671875 0.0296875 0.028125
0 0.71875 0.31875 0.0390625 0.0390625
0 0.33046875 0.69765625 0.0296875 0.0390625
0 0.48984375 0.43671875 0.0296875 0.034375
0 0.709375 0.66796875 0.0390625 0.0375
0 0.43203125 0.7203125 0.0390625 0.0296875
0 0.75625 0.590625 0.028125 0.0390625
0 0.71640625 0.35703125 0.028125 0.03125
0 0.609375 0.44921875 0.0390625 0.034375
0 0.46875 0.23984375 0.0296875 0.0296875
0 0.38046875 0.26875 0.0296875 0.03125
0 0.36875 0.5 0.0328125 0.028125
0 0.6421875 0.71484375 0.025 0.028125
0 0.47890625 0.68125 0.03125 0.0265625
0 0.50703125 0.76640625 0.0296875 0.034375
0 0.3296875 0.5796875 0.0328125 0.0359375
0 0.52734375 0.71953125 0.0265625 0.03125
0 0.5484375 0.57109375 0.0359375 0.034375
0 0.2703125 0.6375 0.0390625 0.03125
0 0.50078125 0.23671875 0.03125 0.028125
0 0.5578125 0.23828125 0.0359375 0.028125
0 0.35390625 0.528125 0.0296875 0.028125
0 0.57578125 0.34453125 0.025 0.028125
0 0.246875 0.4375 0.034375 0.0375
0 0.296875 0.42890625 0.0359375 0.0375
0 0.60078125 0.290625 0.034375 0.025
0 0.38984375 0.6296875 0.0296875 0.028125
0 0.45078125 0.75859375 0.028125 0.0359375
0 0.80078125 0.4671875 0.0296875 0.0296875
0 0.68984375 0.3203125 0.0328125 0.0375
0 0.4609375 0.7109375 0.03125 0.028125
0 0.55078125 0.26875 0.0328125 0.03125
0 0.62578125 0.67890625 0.034375 0.03125
0 0.37734375 0.38203125 0.028125 0.0265625
0 0.5390625 0.7625 0.0296875 0.04375
0 0.5578125 0.72109375 0.03125 0.03125
0 0.23515625 0.471875 0.03125 0.0328125
0 0.53125 0.2375 0.0265625 0.0296875
0 0.54140625 0.63984375 0.028125 0.0296875
0 0.7859375 0.41328125 0.0328125 0.03125
0 0.58125 0.57890625 0.0375 0.0359375
0 0.26875 0.559375 0.034375 0.0328125
0 0.47890625 0.76015625 0.0234375 0.0296875
0 0.5015625 0.73671875 0.028125 0.0265625
0 0.43671875 0.26875 0.040625 0.034375
0 0.325 0.54921875 0.0296875 0.028125
0 0.62578125 0.49609375 0.0296875 0.040625
0 0.49921875 0.26171875 0.0328125 0.028125
0 0.67578125 0.55 0.03125 0.0296875
0 0.35234375 0.35859375 0.0296875 0.028125
0 0.275 0.58828125 0.0359375 0.0375
0 0.43828125 0.240625 0.040625 0.0265625
0 0.59765625 0.48828125 0.0296875 0.0328125
0 0.53984375 0.66875 0.0265625 0.0296875
0 0.4078125 0.60625 0.0296875 0.03125
0 0.56796875 0.309375 0.03125 0.0296875
0 0.2640625 0.525 0.028125 0.03125
0 0.359375 0.45703125 0.03125 0.0328125
0 0.65078125 0.36796875 0.0265625 0.0296875
0 0.67734375 0.65703125 0.03125 0.04375
0 0.72734375 0.51328125 0.034375 0.034375
0 0.70078125 0.3984375 0.025 0.0328125
0 0.5015625 0.32421875 0.034375 0.0296875
0 0.61796875 0.7234375 0.0265625 0.03125
0 0.38046875 0.54453125 0.028125 0.028125
0 0.77109375 0.38125 0.0359375 0.03125
0 0.5875 0.63671875 0.0328125 0.0328125
0 0.428125 0.35390625 0.028125 0.025
0 0.446875 0.6890625 0.0390625 0.025
0 0.234375 0.52265625 0.0328125 0.03125
0 0.40625 0.25625 0.0328125 0.03125
0 0.70625 0.56640625 0.03125 0.034375
0 0.5625 0.375 0.0265625 0.0234375
0 0.64140625 0.43046875 0.0265625 0.0296875
0 0.8 0.4984375 0.0265625 0.028125
0 0.33828125 0.31171875 0.0375 0.03125
0 0.43984375 0.5484375 0.0375 0.034375
0 0.50546875 0.68515625 0.0296875 0.028125
0 0.7 0.3609375 0.0234375 0.03125
0 0.4765625 0.6375 0.040625 0.0359375
0 0.5984375 0.76015625 0.03125 0.03125
0 0.4765625 0.3375 0.0359375 0.0421875
0 0.521875 0.4296875 0.028125 0.0296875
0 0.51875 0.6578125 0.0203125 0.028125
0 0.40703125 0.4953125 0.03125 0.03125
0 0.3078125 0.64140625 0.025 0.028125
0 0.53203125 0.396875 0.0421875 0.034375
0 0.58828125 0.7359375 0.028125 0.025
0 0.378125 0.65859375 0.028125 0.0265625
0 0.44296875 0.29765625 0.028125 0.028125
0 0.67109375 0.48828125 0.0296875 0.03125
0 0.284375 0.5 0.03125 0.0296875
0 0.71640625 0.43046875 0.028125 0.0296875
0 0.2359375 0.55625 0.03125 0.0359375
0 0.28671875 0.53046875 0.028125 0.028125
0 0.64765625 0.53671875 0.0296875 0.0296875
0 0.690625 0.45625 0.0328125 0.0265625
0 0.33984375 0.49921875 0.0296875 0.0265625
0 0.3640625 0.328125 0.0359375 0.028125
0 0.42734375 0.57890625 0.03125 0.03125
0 0.76953125 0.55078125 0.028125 0.0375
0 0.31953125 0.52421875 0.034375 0.0328125
0 0.471875 0.28828125 0.0359375 0.028125
0 0.65703125 0.4625 0.0296875 0.028125
0 0.64375 0.6515625 0.028125 0.034375
0 0.37421875 0.575 0.0265625 0.028125
0 0.6140625 0.63046875 0.028125 0.028125
0 0.775 0.52109375 0.028125 0.0328125
0 0.23359375 0.49765625 0.03125 0.025
0 0.32734375 0.43984375 0.03125 0.0328125
0 0.5375 0.32109375 0.028125 0.028125
0 0.2421875 0.5859375 0.03125 0.034375
0 0.62265625 0.415625 0.0359375 0.0359375
0 0.5703125 0.28671875 0.028125 0.025
0 0.596875 0.31953125 0.0234375 0.0265625
0 0.5203125 0.346875 0.03125 0.0234375
0 0.2640625 0.49765625 0.0296875 0.0265625
0 0.4 0.39296875 0.03125 0.03125
0 0.7734375 0.46640625 0.034375 0.034375
0 0.72890625 0.48046875 0.03125 0.03125
0 0.5671875 0.66875 0.03125 0.03125
0 0.50546875 0.365625 0.0328125 0.025
0 0.73828125 0.45 0.0375 0.025
0 0.6625 0.4015625 0.028125 0.0296875
0 0.60546875 0.271875 0.0328125 0.021875
0 0.57421875 0.759375 0.0296875 0.0296875
0 0.684375 0.715625 0.0265625 0.025
0 0.48203125 0.375 0.034375 0.0265625
0 0.7546875 0.359375 0.0453125 0.03125
0 0.79453125 0.5578125 0.0265625 0.028125
0 0.4578125 0.4296875 0.0296875 0.028125
0 0.5875 0.6734375 0.03125 0.028125
0 0.53125 0.3140625 0.0265625 0.028125