0 0.21796875 0.60234375 0.034375 0.0390625
0 0.23984375 0.52109375 0.03125 0.0390625
0 0.5265625 0.359375 0.0375 0.0328125
0 0.55234375 0.2171875 0.0328125 0.0328125
0 0.215625 0.496875 0.03125 0.0328125
0 0.628125 0.24296875 0.03125 0.0296875
0 0.67265625 0.240625 0.0390625 0.03125
0 0.6046875 0.36171875 0.0296875 0.03125
0 0.55703125 0.75703125 0.0359375 0.034375
0 0.50703125 0.33203125 0.0359375 0.034375
0 0.60546875 0.26875 0.03125 0.03125
0 0.30390625 0.5234375 0.03125 0.0328125
0 0.58125 0.39375 0.03125 0.040625
0 0.54609375 0.26953125 0.0296875 0.0296875
0 0.584375 0.778125 0.0328125 0.0390625
0 0.55078125 0.384375 0.034375 0.0328125
0 0.52890625 0.2390625 0.0390625 0.03125
0 0.50859375 0.26953125 0.0375 0.0359375
0 0.54609375 0.3296875 0.03125 0.03125
0 0.53828125 0.2984375 0.03125 0.03125
0 0.67109375 0.3609375 0.0359375 0.0375
0 0.31015625 0.61171875 0.03125 0.04375
0 0.65078125 0.21875 0.0359375 0.034375
0 0.32421875 0.4859375 0.03125 0.040625
0 0.2796875 0.6171875 0.0359375 0.040625
0 0.5015625 0.29921875 0.0328125 0.03125
0 0.221875 0.5609375 0.034375 0.034375
0 0.5328125 0.69921875 0.0375 0.034375
0 0.36640625 0.49765625 0.0390625 0.0359375
0 0.56875 0.3546875 0.034375 0.0296875
0 0.5765625 0.27890625 0.028125 0.025
0 0.19296875 0.57734375 0.034375 0.0359375
0 0.36328125 0.53203125 0.034375 0.0328125
0 0.61484375 0.3953125 0.0328125 0.0375
0 0.3390625 0.5921875 0.0375 0.0359375
0 0.23671875 0.47265625 0.03125 0.0375
0 0.56640625 0.24453125 0.0296875 0.028125
0 0.54296875 0.72578125 0.0359375 0.0359375
0 0.60546875 0.59609375 0.0328125 0.0328125
0 0.5828125 0.209375 0.0328125 0.0375
0 0.64765625 0.38515625 0.03125 0.0375
0 0.23203125 0.43515625 0.0375 0.0390625
0 0.17578125 0.51484375 0.040625 0.0359375
0 0.56796875 0.30625 0.028125 0.03125
0 0.5828125 0.734375 0.03125 0.0375
0 0.565625 0.67421875 0.028125 0.0328125
0 0.2453125 0.61171875 0.03125 0.0484375
0 0.20546875 0.45390625 0.0328125 0.0359375
0 0.2109375 0.53125 0.028125 0.0328125
0 0.63515625 0.59921875 0.0359375 0.04375
0 0.53671875 0.66484375 0.0375 0.0359375
0 0.271875 0.52109375 0.0296875 0.0421875
0 0.66796875 0.6046875 0.0328125 0.040625
0 0.6515625 0.27109375 0.03125 0.0328125
0 0.3578125 0.56171875 0.03125 0.0359375
0 0.60078125 0.7015625 0.03125 0.040625
0 0.32734375 0.44453125 0.0390625 0.0421875
0 0.26640625 0.42734375 0.03125 0.0390625
0 0.275 0.58203125 0.0328125 0.034375
0 0.61796875 0.209375 0.03125 0.040625
0 0.61796875 0.7859375 0.03125 0.0390625
0 0.69453125 0.3328125 0.0296875 0.0375
0 0.26796875 0.4578125 0.03125 0.028125
0 0.59296875 0.33046875 0.03125 0.03125
0 0.35 0.465625 0.0328125 0.034375