0 0.52890625 0.359375 0.0359375 0.034375
0 0.58046875 0.3921875 0.034375 0.040625
0 0.565625 0.30546875 0.028125 0.0328125
0 0.5515625 0.3828125 0.03125 0.0359375
0 0.584375 0.77734375 0.0359375 0.0390625
0 0.30546875 0.525 0.0328125 0.0375
0 0.671875 0.36171875 0.0375 0.0375
0 0.65 0.21796875 0.0375 0.0390625
0 0.67265625 0.240625 0.0390625 0.034375
0 0.534375 0.69765625 0.0390625 0.0359375
0 0.21484375 0.4953125 0.034375 0.03125
0 0.22265625 0.56015625 0.0390625 0.0328125
0 0.50703125 0.33125 0.034375 0.0375
0 0.55390625 0.63671875 0.0390625 0.040625
0 0.5578125 0.75625 0.034375 0.0359375
0 0.24609375 0.6140625 0.034375 0.04375
0 0.17578125 0.51484375 0.04375 0.0375
0 0.50234375 0.2984375 0.0359375 0.03125
0 0.36328125 0.53125 0.0390625 0.0359375
0 0.54140625 0.728125 0.034375 0.0328125
0 0.6484375 0.3828125 0.034375 0.040625
0 0.57421875 0.278125 0.0328125 0.03125
0 0.52578125 0.2390625 0.04375 0.0390625
0 0.23984375 0.521875 0.0296875 0.040625
0 0.565625 0.67265625 0.03125 0.03125
0 0.5671875 0.70625 0.03125 0.0328125
0 0.33828125 0.58671875 0.0375 0.0375
0 0.69921875 0.621875 0.0390625 0.0359375
0 0.6296875 0.28828125 0.03125 0.0359375
0 0.35 0.465625 0.0359375 0.0375
0 0.6046875 0.26953125 0.03125 0.03125
0 0.2984375 0.43203125 0.0359375 0.046875
0 0.62265625 0.325 0.03125 0.034375
0 0.3109375 0.6109375 0.0359375 0.04375
0 0.21640625 0.6015625 0.0359375 0.0421875
0 0.628125 0.24375 0.0328125 0.03125
0 0.18046875 0.546875 0.040625 0.0390625
0 0.60703125 0.6078125 0.040625 0.059375
0 0.328125 0.44453125 0.0375 0.04375
0 0.28046875 0.61796875 0.03125 0.0390625
0 0.61953125 0.7859375 0.0359375 0.0390625
0 0.5421875 0.33046875 0.03125 0.03125
0 0.36640625 0.49609375 0.0390625 0.0359375
0 0.55390625 0.21640625 0.0359375 0.0375
0 0.21328125 0.53046875 0.028125 0.0359375
0 0.26796875 0.4296875 0.0359375 0.04375
0 0.653125 0.2671875 0.034375 0.0296875
0 0.584375 0.21015625 0.0359375 0.040625
0 0.27890625 0.58125 0.03125 0.034375
0 0.23203125 0.43359375 0.040625 0.04375
0 0.35703125 0.56328125 0.0328125 0.0359375
0 0.2453125 0.5796875 0.03125 0.034375
0 0.6890625 0.271875 0.040625 0.0328125
0 0.5828125 0.734375 0.0359375 0.03125
0 0.6703125 0.6046875 0.034375 0.0390625
0 0.23515625 0.46796875 0.034375 0.034375
0 0.50859375 0.26953125 0.0375 0.0359375
0 0.32421875 0.48515625 0.03125 0.0375
0 0.59765625 0.3015625 0.0328125 0.028125
0 0.68515625 0.3328125 0.0359375 0.0359375
0 0.1875 0.478125 0.0359375 0.0421875
0 0.56796875 0.2421875 0.0375 0.0328125
0 0.57265625 0.35390625 0.03125 0.03125
0 0.61328125 0.38984375 0.0359375 0.05
0 0.78671875 0.9796875 0.0328125 0.040625
0 0.59296875 0.3328125 0.0359375 0.034375
0 0.690625 0.3 0.04375 0.034375
0 0.61171875 0.75 0.0328125 0.0359375
0 0.265625 0.4578125 0.03125 0.03125
0 0.5328125 0.6609375 0.0421875 0.0359375
0 0.67265625 0.6484375 0.03125 0.034375
0 0.290625 0.4921875 0.0328125 0.034375
0 0.20546875 0.45390625 0.0359375 0.0359375
0 0.6328125 0.3515625 0.0328125 0.0328125
0 0.6046875 0.3609375 0.03125 0.0296875
0 0.5375 0.3 0.0296875 0.034375
0 0.25625 0.5515625 0.03125 0.03125
0 0.33515625 0.5109375 0.0296875 0.034375
0 0.6359375 0.596875 0.0359375 0.0359375
0 0.6546875 0.775 0.0390625 0.0578125
0 0.61484375 0.21171875 0.0359375 0.0453125
0 0.59765625 0.6796875 0.028125 0.0390625
0 0.7453125 0.97890625 0.0421875 0.0421875
0 0.871875 0.9890625 0.03125 0.0203125
0 0.7125 0.653125 0.0390625 0.03125
0 0.29609375 0.46328125 0.0296875 0.0328125
0 0.65546875 0.3296875 0.0265625 0.03125
0 0.33046875 0.546875 0.03125 0.0359375
0 0.290625 0.55625 0.0390625 0.0390625