0 0.35625 0.52734375 0.03125 0.03125
0 0.4515625 0.7578125 0.025 0.034375
0 0.46875 0.23984375 0.0296875 0.0296875
0 0.5359375 0.76484375 0.03125 0.034375
0 0.4359375 0.271875 0.0359375 0.0296875
0 0.40625 0.6078125 0.03125 0.03125
0 0.57890625 0.34609375 0.0265625 0.0265625
0 0.48984375 0.4359375 0.0296875 0.03125
0 0.475 0.2875 0.0375 0.03125
0 0.53125 0.2375 0.0265625 0.0296875
0 0.5578125 0.23984375 0.0375 0.0296875
0 0.5 0.23671875 0.03125 0.028125
0 0.5078125 0.68984375 0.0296875 0.0328125
0 0.49765625 0.7375 0.025 0.0265625
0 0.5515625 0.26875 0.034375 0.0296875
0 0.4421875 0.29765625 0.0296875 0.0296875
0 0.4796875 0.76171875 0.0234375 0.0328125
0 0.60234375 0.290625 0.0359375 0.0296875
0 0.50703125 0.76875 0.0265625 0.03125
0 0.7109375 0.66796875 0.040625 0.0390625
0 0.32890625 0.5484375 0.03125 0.028125
0 0.5796875 0.5828125 0.0390625 0.0359375
0 0.46171875 0.7078125 0.0296875 0.0296875
0 0.56640625 0.7671875 0.0296875 0.028125
0 0.48125 0.68125 0.03125 0.0265625
0 0.59609375 0.3203125 0.0265625 0.028125
0 0.565625 0.31015625 0.0296875 0.03125
0 0.43828125 0.240625 0.0390625 0.028125
0 0.33203125 0.69609375 0.03125 0.0390625
0 0.51875 0.65703125 0.028125 0.03125
0 0.27265625 0.55859375 0.0375 0.03125
0 0.3296875 0.578125 0.034375 0.0359375
0 0.271875 0.64140625 0.0390625 0.03125
0 0.56640625 0.671875 0.03125 0.0296875
0 0.4765625 0.64140625 0.0375 0.0359375
0 0.35078125 0.6484375 0.0234375 0.028125
0 0.53984375 0.63984375 0.025 0.028125
0 0.296875 0.4296875 0.034375 0.0375
0 0.6078125 0.45 0.0359375 0.03125
0 0.27734375 0.52890625 0.0359375 0.03125
0 0.55078125 0.57265625 0.0359375 0.0328125
0 0.55703125 0.7234375 0.0296875 0.03125
0 0.58515625 0.7390625 0.0265625 0.0265625
0 0.36484375 0.62109375 0.025 0.0296875
0 0.72109375 0.43203125 0.03125 0.0296875
0 0.275 0.590625 0.03125 0.0328125
0 0.60234375 0.4890625 0.028125 0.03125
0 0.37578125 0.6578125 0.0296875 0.0265625
0 0.53125 0.60859375 0.0375 0.0296875
0 0.62578125 0.67890625 0.034375 0.034375
0 0.640625 0.71640625 0.03125 0.0296875
0 0.67890625 0.6546875 0.034375 0.0421875
0 0.684375 0.45703125 0.028125 0.028125
0 0.378125 0.38125 0.0328125 0.0265625
0 0.3640625 0.49765625 0.034375 0.0265625
0 0.23671875 0.49453125 0.0328125 0.03125
0 0.4671875 0.32890625 0.03125 0.0296875
0 0.3875 0.634375 0.03125 0.028125
0 0.52890625 0.39453125 0.04375 0.0359375
0 0.40625 0.259375 0.0328125 0.03125
0 0.528125 0.71796875 0.0265625 0.0296875
0 0.4265625 0.57890625 0.0328125 0.03125
0 0.5359375 0.36484375 0.034375 0.028125
0 0.31484375 0.609375 0.028125 0.03125
0 0.4328125 0.71640625 0.040625 0.0296875
0 0.50234375 0.37109375 0.0296875 0.0296875
0 0.5234375 0.4296875 0.028125 0.0296875
0 0.309375 0.64140625 0.0234375 0.0265625
0 0.37421875 0.575 0.028125 0.025
0 0.475 0.37890625 0.034375 0.028125
0 0.4328125 0.35390625 0.034375 0.03125
0 0.6515625 0.36640625 0.0265625 0.028125
0 0.67890625 0.54609375 0.028125 0.0328125
0 0.43984375 0.5484375 0.0375 0.034375
0 0.61640625 0.63203125 0.03125 0.028125
0 0.5921875 0.63671875 0.03125 0.0296875
0 0.24296875 0.58515625 0.03125 0.03125
0 0.2375 0.55703125 0.034375 0.0359375
0 0.36640625 0.32890625 0.0375 0.0296875
0 0.4421875 0.32421875 0.03125 0.0296875
0 0.38515625 0.521875 0.0296875 0.0234375
0 0.52734375 0.296875 0.034375 0.025
0 0.49765625 0.259375 0.03125 0.025
0 0.528125 0.34609375 0.028125 0.0234375
0 0.28671875 0.615625 0.028125 0.028125
0 0.3296875 0.43984375 0.03125 0.034375
0 0.615625 0.72890625 0.0265625 0.03125
0 0.58359375 0.2484375 0.0375 0.0296875
0 0.64296875 0.65 0.03125 0.0359375
0 0.66015625 0.4609375 0.0296875 0.0296875
0 0.35234375 0.36015625 0.0296875 0.0296875
0 0.53828125 0.6703125 0.0265625 0.028125
0 0.4484375 0.68671875 0.040625 0.0203125
0 0.37578125 0.26796875 0.0296875 0.03125
0 0.559375 0.746875 0.0265625 0.0234375
0 0.5921875 0.671875 0.0265625 0.028125
0 0.33984375 0.49765625 0.0296875 0.025
0 0.25703125 0.6140625 0.0328125 0.03125
0 0.78828125 0.41484375 0.034375 0.034375
0 0.80078125 0.49921875 0.0296875 0.028125
0 0.6625 0.73515625 0.03125 0.0265625
0 0.5390625 0.32265625 0.028125 0.025
0 0.615625 0.42109375 0.0359375 0.03125
0 0.3546875 0.6 0.028125 0.0265625
0 0.75703125 0.5859375 0.028125 0.0359375
0 0.50234375 0.325 0.0328125 0.0296875
0 0.36015625 0.45859375 0.03125 0.0328125
0 0.371875 0.30703125 0.0359375 0.0296875
0 0.46484375 0.2640625 0.0296875 0.025
0 0.33828125 0.3125 0.0390625 0.03125
0 0.33515625 0.3390625 0.03125 0.03125
0 0.69375 0.32890625 0.0390625 0.0375