0 0.565625 0.3046875 0.028125 0.0328125
0 0.52890625 0.3578125 0.0375 0.03125
0 0.50859375 0.33125 0.0359375 0.034375
0 0.5515625 0.3828125 0.03125 0.0375
0 0.23984375 0.51875 0.0296875 0.0375
0 0.62734375 0.2875 0.0328125 0.0375
0 0.58359375 0.7765625 0.0359375 0.0359375
0 0.6046875 0.26953125 0.03125 0.03125
0 0.2453125 0.61484375 0.03125 0.040625
0 0.58046875 0.39140625 0.0359375 0.0390625
0 0.33828125 0.5875 0.0375 0.0359375
0 0.53359375 0.6984375 0.0375 0.0328125
0 0.525 0.2375 0.04375 0.0375
0 0.21796875 0.60078125 0.034375 0.0390625
0 0.5015625 0.296875 0.0375 0.0296875
0 0.175 0.51328125 0.0421875 0.034375
0 0.62890625 0.24296875 0.03125 0.03125
0 0.58125 0.209375 0.03125 0.0359375
0 0.64921875 0.3859375 0.034375 0.0375
0 0.671875 0.2390625 0.040625 0.03125
0 0.23671875 0.46875 0.0328125 0.0359375
0 0.67109375 0.359375 0.0359375 0.0328125
0 0.26640625 0.42734375 0.034375 0.040625
0 0.65 0.21796875 0.0359375 0.0359375
0 0.2953125 0.43046875 0.034375 0.040625
0 0.3640625 0.53125 0.0359375 0.034375
0 0.328125 0.44453125 0.040625 0.04375
0 0.35703125 0.5625 0.0328125 0.0359375
0 0.653125 0.26875 0.03125 0.03125
0 0.696875 0.30078125 0.0390625 0.0328125
0 0.5671875 0.353125 0.03125 0.0296875
0 0.61640625 0.3953125 0.0328125 0.0375
0 0.6046875 0.3609375 0.0328125 0.03125
0 0.6359375 0.59609375 0.0359375 0.040625
0 0.5359375 0.6640625 0.0390625 0.040625
0 0.50859375 0.2703125 0.0375 0.0390625
0 0.57421875 0.278125 0.03125 0.03125
0 0.55234375 0.215625 0.034375 0.0328125
0 0.365625 0.4953125 0.0390625 0.0359375
0 0.27890625 0.61640625 0.0328125 0.040625
0 0.3296875 0.54609375 0.03125 0.0359375
0 0.58828125 0.33125 0.0375 0.034375
0 0.6890625 0.334375 0.0328125 0.0328125
0 0.30546875 0.52109375 0.03125 0.0328125
0 0.54375 0.72890625 0.0359375 0.0328125
0 0.65078125 0.78203125 0.0296875 0.0359375
0 0.309375 0.61015625 0.034375 0.040625
0 0.565625 0.6734375 0.0296875 0.0328125
0 0.2671875 0.45703125 0.03125 0.0296875
0 0.58828125 0.73203125 0.0296875 0.03125
0 0.20625 0.4515625 0.034375 0.034375
0 0.23125 0.43515625 0.0375 0.0390625
0 0.184375 0.4828125 0.0328125 0.0328125
0 0.61171875 0.7546875 0.0328125 0.03125
0 0.61796875 0.78515625 0.03125 0.0359375
0 0.54609375 0.33046875 0.0328125 0.0296875
0 0.221875 0.55859375 0.0359375 0.03125
0 0.18125 0.546875 0.0375 0.0296875
0 0.21328125 0.53046875 0.0265625 0.0359375
0 0.19296875 0.57734375 0.034375 0.03125
0 0.625 0.32421875 0.0296875 0.0328125
0 0.65546875 0.68046875 0.0328125 0.0359375
0 0.55703125 0.75546875 0.034375 0.0421875
0 0.53671875 0.3 0.03125 0.03125
0 0.6328125 0.353125 0.0328125 0.03125
0 0.596875 0.67734375 0.0265625 0.028125
0 0.61953125 0.7234375 0.03125 0.028125
0 0.69921875 0.62109375 0.0359375 0.034375
0 0.671875 0.60625 0.034375 0.0421875