0 0.42890625 0.6546875 0.0796875 0.0796875
0 0.4015625 0.71328125 0.0671875 0.084375
0 0.609375 0.45390625 0.0703125 0.071875
0 0.63125 0.51796875 0.0671875 0.075
0 0.584375 0.31328125 0.0640625 0.078125
0 0.53046875 0.28984375 0.065625 0.06875
0 0.540625 0.35625 0.078125 0.0703125
0 0.56796875 0.50546875 0.0671875 0.075
0 0.459375 0.72265625 0.0640625 0.0765625
0 0.4953125 0.65546875 0.071875 0.078125
0 0.675 0.46484375 0.065625 0.078125
0 0.42734375 0.78125 0.071875 0.071875
0 0.63359375 0.44140625 0.0390625 0.05
0 0.20546875 0.575 0.0609375 0.0609375