0 0.42890625 0.6546875 0.078125 0.0796875
0 0.61015625 0.453125 0.0703125 0.071875
0 0.590625 0.31015625 0.071875 0.0859375
0 0.40234375 0.7140625 0.065625 0.0859375
0 0.53984375 0.35625 0.0765625 0.0703125
0 0.53046875 0.2890625 0.0640625 0.06875
0 0.56875 0.5 0.0671875 0.084375
0 0.4953125 0.653125 0.0703125 0.075
0 0.63125 0.5171875 0.065625 0.0734375
0 0.453125 0.7125 0.046875 0.0578125
0 0.428125 0.78125 0.071875 0.0734375
0 0.67578125 0.46328125 0.0671875 0.078125
0 0.63359375 0.440625 0.0421875 0.0484375
0 0.50625 0.78046875 0.065625 0.0703125
0 0.43984375 0.70078125 0.0875 0.1125
0 0.20546875 0.578125 0.0578125 0.053125