0 0.42890625 0.6546875 0.078125 0.0796875
0 0.61015625 0.45390625 0.0703125 0.071875
0 0.53046875 0.2890625 0.065625 0.0703125
0 0.40234375 0.7125 0.065625 0.0828125
0 0.590625 0.3109375 0.071875 0.0859375
0 0.63125 0.51796875 0.0671875 0.075
0 0.53671875 0.3546875 0.0734375 0.075
0 0.56875 0.50078125 0.0671875 0.0859375
0 0.46484375 0.715625 0.0703125 0.065625
0 0.49765625 0.65625 0.0765625 0.08125
0 0.63359375 0.4421875 0.040625 0.053125
0 0.42890625 0.78125 0.0703125 0.071875
0 0.6765625 0.46328125 0.06875 0.078125
0 0.19921875 0.5625 0.0765625 0.084375
0 0.2515625 0.52578125 0.0546875 0.065625
0 0.5296875 0.7171875 0.0703125 0.090625
0 0.525 0.22265625 0.071875 0.0703125
0 0.58046875 0.56640625 0.0640625 0.0671875
0 0.5078125 0.78046875 0.059375 0.0671875