0 0.609375 0.45390625 0.06875 0.071875
0 0.590625 0.31015625 0.0703125 0.084375
0 0.53203125 0.2890625 0.0671875 0.0703125
0 0.56875 0.5 0.06875 0.0859375
0 0.40234375 0.70859375 0.0640625 0.075
0 0.5390625 0.35390625 0.071875 0.0703125
0 0.42578125 0.65703125 0.065625 0.0640625
0 0.521875 0.22265625 0.075 0.0671875
0 0.46953125 0.271875 0.0734375 0.075
0 0.19921875 0.56953125 0.075 0.08125
0 0.63125 0.5171875 0.0671875 0.0734375
0 0.49140625 0.65078125 0.0640625 0.0671875
0 0.24609375 0.53046875 0.0625 0.0765625
0 0.453125 0.7125 0.046875 0.0546875
0 0.66328125 0.5828125 0.0546875 0.065625
0 0.6828125 0.459375 0.0765625 0.075
0 0.5796875 0.56484375 0.065625 0.0625
0 0.634375 0.440625 0.0390625 0.046875