0 0.4328125 0.65234375 0.0796875 0.0734375
0 0.40078125 0.70703125 0.0671875 0.0734375
0 0.56953125 0.5046875 0.046875 0.0734375
0 0.603125 0.4453125 0.0734375 0.0578125
0 0.6796875 0.459375 0.0640625 0.0703125
0 0.590625 0.56875 0.0703125 0.065625
0 0.63203125 0.5203125 0.059375 0.0625
0 0.69609375 0.52421875 0.053125 0.075
0 0.64765625 0.58828125 0.0984375 0.059375
0 0.53125 0.35625 0.08125 0.0671875
0 0.5890625 0.31171875 0.059375 0.0734375
0 0.58203125 0.24765625 0.0609375 0.071875
0 0.52890625 0.28203125 0.071875 0.0546875
0 0.53125 0.22265625 0.0890625 0.0625
0 0.48359375 0.315625 0.075 0.0765625
0 0.465625 0.2671875 0.0875 0.053125
0 0.30546875 0.3109375 0.071875 0.0625
0 0.26875 0.2578125 0.0578125 0.0546875
0 0.31953125 0.24453125 0.0578125 0.0625
0 0.3421875 0.3625 0.065625 0.065625
0 0.3515625 0.2953125 0.05625 0.065625
0 0.28046875 0.3875 0.0625 0.0671875
0 0.240625 0.328125 0.0625 0.075
0 0.1953125 0.56953125 0.0578125 0.053125
0 0.2390625 0.5328125 0.0578125 0.0546875
0 0.25234375 0.59453125 0.040625 0.0484375
0 0.28359375 0.54375 0.075 0.075
0 0.26015625 0.65859375 0.0640625 0.05
0 0.296875 0.60390625 0.0609375 0.059375
0 0.18984375 0.6375 0.0671875 0.046875