0 0.42890625 0.6546875 0.078125 0.0796875
0 0.61015625 0.45390625 0.0703125 0.071875
0 0.4015625 0.71328125 0.065625 0.0859375
0 0.590625 0.309375 0.071875 0.084375
0 0.56796875 0.50078125 0.0671875 0.0859375
0 0.540625 0.35625 0.078125 0.071875
0 0.453125 0.71171875 0.0484375 0.0578125
0 0.49609375 0.6546875 0.0734375 0.078125
0 0.5296875 0.2890625 0.0640625 0.06875
0 0.63203125 0.5171875 0.0671875 0.075
0 0.42734375 0.78046875 0.071875 0.08125
0 0.678125 0.46328125 0.0703125 0.078125
0 0.63359375 0.440625 0.040625 0.05
0 0.20859375 0.5734375 0.059375 0.0609375
0 0.43984375 0.7 0.0875 0.1109375