0 0.42890625 0.6546875 0.078125 0.0796875
0 0.61015625 0.45390625 0.0703125 0.0734375
0 0.58984375 0.3109375 0.071875 0.0859375
0 0.4015625 0.71328125 0.065625 0.084375
0 0.63125 0.51796875 0.0671875 0.075
0 0.53125 0.2890625 0.065625 0.06875
0 0.56875 0.50390625 0.0671875 0.078125
0 0.49765625 0.65546875 0.0765625 0.078125
0 0.53984375 0.35625 0.078125 0.075
0 0.453125 0.7125 0.0484375 0.059375
0 0.42890625 0.78046875 0.06875 0.0703125
0 0.678125 0.4625 0.071875 0.0796875
0 0.63359375 0.440625 0.0390625 0.05
0 0.2015625 0.5703125 0.071875 0.0703125
0 0.43984375 0.7 0.0875 0.1125