0 0.42890625 0.6546875 0.078125 0.0796875
0 0.4015625 0.7140625 0.0671875 0.0875
0 0.61015625 0.453125 0.0703125 0.071875
0 0.590625 0.31015625 0.0703125 0.0859375
0 0.53984375 0.35625 0.078125 0.0703125
0 0.63125 0.5171875 0.065625 0.075
0 0.4984375 0.65625 0.078125 0.08125
0 0.45703125 0.71328125 0.05625 0.0640625
0 0.53046875 0.2890625 0.0640625 0.06875
0 0.56875 0.5046875 0.0671875 0.078125
0 0.428125 0.78203125 0.0734375 0.08125
0 0.63359375 0.43984375 0.0390625 0.0484375
0 0.67578125 0.4640625 0.0671875 0.078125
0 0.1984375 0.571875 0.0734375 0.0703125
0 0.5296875 0.715625 0.0703125 0.0890625
0 0.25234375 0.52421875 0.053125 0.0625