0 0.42890625 0.6546875 0.078125 0.0796875
0 0.58984375 0.31015625 0.0734375 0.0859375
0 0.5296875 0.2890625 0.065625 0.0703125
0 0.61015625 0.45390625 0.0703125 0.071875
0 0.40234375 0.71171875 0.065625 0.0828125
0 0.5375 0.35390625 0.0734375 0.071875
0 0.56875 0.50390625 0.0671875 0.0796875
0 0.49609375 0.6546875 0.0734375 0.078125
0 0.45625 0.71328125 0.0546875 0.0625
0 0.42890625 0.78046875 0.06875 0.071875
0 0.209375 0.57578125 0.05625 0.0625
0 0.63125 0.51796875 0.0671875 0.075
0 0.52421875 0.221875 0.0703125 0.06875
0 0.675 0.459375 0.0625 0.0765625
0 0.2515625 0.52578125 0.053125 0.065625
0 0.5078125 0.78046875 0.0609375 0.0703125
0 0.5859375 0.24375 0.0453125 0.0640625
0 0.4703125 0.33828125 0.0578125 0.078125
0 0.46953125 0.2734375 0.071875 0.0703125
0 0.31328125 0.24609375 0.065625 0.0609375
0 0.3125 0.61484375 0.0796875 0.0796875
0 0.53203125 0.7140625 0.0640625 0.0828125