1 0.32265625 0.24375 0.02578125 0.02265625
1 0.35703125 0.1890625 0.025 0.0265625
1 0.36953125 0.17421875 0.0375 0.02265625
1 0.41171875 0.13984375 0.015625 0.03515625
1 0.428125 0.1359375 0.0234375 0.040625
1 0.47890625 0.11953125 0.0171875 0.04140625
1 0.50390625 0.1203125 0.00625 0.0328125
1 0.51796875 0.11484375 0.01171875 0.02734375
1 0.5375 0.11953125 0.03671875 0.03203125
1 0.5765625 0.1421875 0.03046875 0.0359375
1 0.55546875 0.1109375 0.01953125 0.02578125
1 0.58828125 0.12578125 0.02734375 0.0203125
1 0.57578125 0.11328125 0.00625 0.0125
1 0.59921875 0.1359375 0.02734375 0.01484375
1 0.62421875 0.15234375 0.03203125 0.025
1 0.61640625 0.1421875 0.01875 0.01640625
1 0.634375 0.16484375 0.02265625 0.02109375
1 0.6453125 0.17265625 0.0265625 0.0171875
1 0.30546875 0.35 0.01640625 0.0203125
1 0.2328125 0.45234375 0.01796875 0.021875
1 0.24375 0.43203125 0.02734375 0.01875
1 0.26015625 0.415625 0.01953125 0.01875
1 0.2703125 0.39765625 0.01875 0.0125
1 0.2171875 0.58671875 0.01328125 0.04921875
1 0.22421875 0.5796875 0.00234375 0.02421875
1 0.2125 0.55078125 0.03125 0.009375
1 0.21953125 0.528125 0.02265625 0.01640625
1 0.2296875 0.67265625 0.01796875 0.0265625
1 0.2265625 0.64765625 0.02265625 0.01171875
1 0.23828125 0.70625 0.0203125 0.021875
1 0.2484375 0.7265625 0.01796875 0.02578125
1 0.2546875 0.7453125 0.01484375 0.02421875
1 0.2640625 0.76953125 0.01796875 0.02109375
1 0.30234375 0.80859375 0.0140625 0.04453125
1 0.3078125 0.82421875 0.00703125 0.0375
1 0.3390625 0.85078125 0.01640625 0.03203125
1 0.36171875 0.865625 0.00625 0.028125
1 0.40234375 0.8875 0.03203125 0.01640625
1 0.48359375 0.871875 0.02578125 0.0203125
1 0.5421875 0.86875 0.01796875 0.025
1 0.5890625 0.87578125 0.02265625 0.0171875
1 0.66015625 0.85703125 0.00625 0.01640625
1 0.6796875 0.8390625 0.021875 0.01875
1 0.746875 0.77890625 0.0203125 0.0171875
1 0.765625 0.759375 0.02734375 0.03125
1 0.76171875 0.75859375 0.01796875 0.01640625
1 0.79765625 0.47421875 0.02734375 0.03515625
1 0.8125 0.5453125 0.0109375 0.03671875
1 0.81171875 0.58515625 0.0203125 0.02265625
1 0.7984375 0.64921875 0.01875 0.03125
1 0.76796875 0.734375 0.0109375 0.03359375
1 0.778125 0.721875 0.00234375 0.04375
1 0.78984375 0.70546875 0.01328125 0.03203125
1 0.79296875 0.69375 0.01328125 0.0078125
1 0.38984375 0.29609375 0.0421875 0.02578125
1 0.41796875 0.28515625 0.06171875 0.02734375
1 0.43203125 0.26640625 0.03984375 0.00859375
1 0.47890625 0.25703125 0.0296875 0.0296875
1 0.49453125 0.234375 0.03515625 0.03984375
1 0.5203125 0.23671875 0.0296875 0.04921875
1 0.52890625 0.2734375 0.015625 0.04453125
1 0.54921875 0.24765625 0.0375 0.03671875
1 0.571875 0.25859375 0.04296875 0.03359375
1 0.6015625 0.32421875 0.0484375 0.03125
1 0.61015625 0.30625 0.04453125 0.0390625
1 0.6015625 0.27265625 0.04609375 0.0328125
1 0.459375 0.28125 0.0375 0.03671875
1 0.459375 0.246875 0.034375 0.0234375
1 0.40859375 0.32890625 0.03203125 0.0484375
1 0.43359375 0.34609375 0.03671875 0.053125
1 0.45625 0.38046875 0.0359375 0.05
1 0.5109375 0.40078125 0.06484375 0.05703125
1 0.4921875 0.375 0.02578125 0.07109375
1 0.5390625 0.3671875 0.0421875 0.0625
1 0.56953125 0.353125 0.03203125 0.0375
1 0.49296875 0.303125 0.06015625 0.03828125
1 0.5046875 0.27421875 0.0421875 0.03359375
1 0.56015625 0.28515625 0.0375 0.03828125
1 0.571875 0.3171875 0.021875 0.03828125
1 0.5359375 0.31953125 0.034375 0.04375
1 0.51640625 0.33984375 0.0265625 0.03359375
1 0.471875 0.33515625 0.040625 0.0515625
1 0.303125 0.50390625 0.03671875 0.05625
1 0.334375 0.50859375 0.03515625 0.0375
1 0.36015625 0.5390625 0.0359375 0.03125
1 0.38203125 0.559375 0.0390625 0.040625
1 0.4078125 0.57421875 0.03046875 0.0359375
1 0.4296875 0.609375 0.034375 0.04609375
1 0.43046875 0.65234375 0.0375 0.0484375
1 0.425 0.690625 0.02890625 0.0453125
1 0.4265625 0.72578125 0.02890625 0.05390625
1 0.4265625 0.76484375 0.0328125 0.03828125
1 0.4 0.7625 0.0234375 0.0390625
1 0.3734375 0.746875 0.0296875 0.0453125
1 0.35625 0.71875 0.028125 0.03984375
1 0.33203125 0.69375 0.02578125 0.0375
1 0.31640625 0.659375 0.0296875 0.046875
1 0.30078125 0.54140625 0.03671875 0.0421875
1 0.30390625 0.58828125 0.025 0.04453125
1 0.30546875 0.61953125 0.03125 0.0375
1 0.3140625 0.56171875 0.01796875 0.03671875
1 0.34765625 0.571875 0.03359375 0.04140625
1 0.36796875 0.59921875 0.0234375 0.03984375
1 0.39921875 0.60078125 0.03125 0.046875
1 0.41171875 0.64609375 0.021875 0.03203125
1 0.409375 0.68125 0.04296875 0.03125
1 0.375 0.6734375 0.0328125 0.02890625
1 0.36171875 0.6515625 0.03671875 0.0390625
1 0.3375 0.63046875 0.03125 0.0421875
1 0.32578125 0.59453125 0.02578125 0.04140625
1 0.3515625 0.603125 0.0203125 0.04453125
1 0.37421875 0.62734375 0.0234375 0.03046875
1 0.3953125 0.640625 0.01796875 0.03984375
1 0.4 0.72265625 0.0203125 0.0359375
1 0.38515625 0.72109375 0.01953125 0.04921875
1 0.33203125 0.5421875 0.02890625 0.03515625
1 0.71953125 0.4984375 0.0296875 0.03984375
1 0.6921875 0.50390625 0.02734375 0.04140625
1 0.66953125 0.52421875 0.02421875 0.03203125
1 0.63671875 0.5421875 0.03515625 0.0390625
1 0.61875 0.56171875 0.04765625 0.03671875
1 0.590625 0.60859375 0.03984375 0.03671875
1 0.59140625 0.58515625 0.04375 0.021875
1 0.7296875 0.540625 0.0390625 0.0484375
1 0.6875 0.553125 0.02421875 0.0515625
1 0.71796875 0.578125 0.02734375 0.05
1 0.70859375 0.6203125 0.02578125 0.0546875
1 0.70546875 0.6609375 0.015625 0.04765625
1 0.66640625 0.56640625 0.021875 0.0484375
1 0.64609375 0.5828125 0.025 0.046875
1 0.63046875 0.59453125 0.01953125 0.0453125
1 0.59296875 0.634375 0.03828125 0.03203125
1 0.58671875 0.6734375 0.03125 0.03046875
1 0.590625 0.7125 0.04921875 0.04921875
1 0.59140625 0.75546875 0.03515625 0.03046875
1 0.61015625 0.7578125 0.02421875 0.03828125
1 0.64609375 0.7390625 0.04140625 0.04296875
1 0.6578125 0.71171875 0.01875 0.04296875
1 0.6859375 0.68984375 0.025 0.05
1 0.61484375 0.64453125 0.03125 0.04609375
1 0.62421875 0.68515625 0.02578125 0.04765625
1 0.64765625 0.6734375 0.021875 0.05390625
1 0.675 0.675 0.028125 0.0421875
1 0.6796875 0.64453125 0.028125 0.02890625
1 0.68828125 0.6203125 0.05 0.04375
1 0.69296875 0.58671875 0.028125 0.034375
1 0.6703125 0.609375 0.04765625 0.0421875
1 0.64140625 0.6328125 0.034375 0.0359375