1 0.53359375 0.2296875 0.0265625 0.03515625
1 0.49453125 0.2359375 0.02578125 0.03828125
1 0.38125 0.65625 0.0265625 0.03515625
1 0.53828125 0.328125 0.03984375 0.0546875
1 0.56328125 0.32734375 0.034375 0.03984375
1 0.59609375 0.25625 0.02734375 0.03828125
1 0.4390625 0.25546875 0.025 0.03359375
1 0.4109375 0.2765625 0.02578125 0.03671875
1 0.5765625 0.24765625 0.025 0.0375
1 0.62265625 0.27265625 0.02578125 0.0359375
1 0.45703125 0.728125 0.02734375 0.03671875
1 0.59921875 0.42109375 0.04609375 0.03828125
1 0.596875 0.3515625 0.03125 0.04140625
1 0.65078125 0.30546875 0.02734375 0.03671875
1 0.3828125 0.31171875 0.025 0.0359375
1 0.334375 0.4375 0.02421875 0.03203125
1 0.71796875 0.49765625 0.02734375 0.03359375
1 0.3609375 0.35078125 0.0234375 0.03359375
1 0.61171875 0.45703125 0.03828125 0.04140625
1 0.61875 0.39140625 0.03984375 0.04453125
1 0.67890625 0.3484375 0.0265625 0.0375
1 0.4640625 0.24375 0.02578125 0.03671875
1 0.34453125 0.57578125 0.02421875 0.03515625
1 0.3609375 0.621875 0.02421875 0.034375
1 0.50546875 0.75 0.01640625 0.04140625
1 0.56640625 0.74296875 0.03125 0.03671875
1 0.64765625 0.47265625 0.025 0.04609375
1 0.7140625 0.45546875 0.02734375 0.0359375
1 0.40234375 0.6875 0.0265625 0.0359375
1 0.71484375 0.53984375 0.02578125 0.03203125
1 0.4296875 0.7125 0.02578125 0.034375
1 0.33046875 0.5296875 0.01640625 0.025
1 0.33203125 0.4859375 0.02421875 0.03359375
1 0.603125 0.73203125 0.01328125 0.04140625
1 0.63359375 0.70859375 0.02734375 0.03984375
1 0.3453125 0.39296875 0.0234375 0.034375
1 0.70390625 0.4109375 0.02578125 0.0328125
1 0.6703125 0.62734375 0.0359375 0.0515625
1 0.70546875 0.5921875 0.02578125 0.034375
1 0.6328125 0.42890625 0.03359375 0.034375
1 0.6953125 0.3796875 0.025 0.03515625
1 0.6546875 0.6890625 0.0265625 0.03671875
1 0.484375 0.7421875 0.01875 0.03671875
1 0.665625 0.66875 0.02734375 0.034375
1 0.5 0.32578125 0.0375 0.04609375
1 0.4734375 0.33359375 0.03984375 0.0375
1 0.45078125 0.36015625 0.03984375 0.04453125
1 0.42109375 0.3859375 0.0296875 0.040625
1 0.40390625 0.41953125 0.0296875 0.0390625
1 0.43203125 0.434375 0.02890625 0.04140625
1 0.4484375 0.403125 0.03515625 0.03359375
1 0.4734375 0.37734375 0.0359375 0.0359375
1 0.5015625 0.3671875 0.0390625 0.03125
1 0.5375 0.37109375 0.03046875 0.040625
1 0.5671875 0.37734375 0.03203125 0.0515625
1 0.51328125 0.4046875 0.03515625 0.04296875
1 0.54375 0.4140625 0.0234375 0.04609375
1 0.56953125 0.43515625 0.0296875 0.03984375
1 0.55 0.465625 0.02890625 0.0453125
1 0.578125 0.484375 0.03125 0.04765625
1 0.6109375 0.5 0.02734375 0.04453125
1 0.6453125 0.51640625 0.03359375 0.0484375
1 0.5171875 0.45 0.02890625 0.040625
1 0.484375 0.42578125 0.03359375 0.0390625
1 0.46171875 0.453125 0.0296875 0.04296875
1 0.48984375 0.4703125 0.02578125 0.04765625
1 0.51875 0.49296875 0.02890625 0.03984375
1 0.54921875 0.5125 0.0296875 0.0375
1 0.57890625 0.5296875 0.02890625 0.04296875
1 0.60703125 0.5421875 0.02890625 0.04921875
1 0.6375 0.56015625 0.028125 0.05
1 0.6171875 0.59609375 0.0390625 0.04921875
1 0.59453125 0.62890625 0.03828125 0.04296875
1 0.565625 0.6453125 0.03671875 0.0421875
1 0.53515625 0.65703125 0.03203125 0.0421875
1 0.503125 0.65625 0.0265625 0.04140625
1 0.47109375 0.640625 0.0234375 0.0484375
1 0.4984375 0.61640625 0.0234375 0.03125
1 0.46953125 0.5921875 0.028125 0.034375
1 0.49140625 0.56640625 0.02890625 0.03046875
1 0.5171875 0.5359375 0.03828125 0.040625
1 0.48671875 0.51484375 0.0359375 0.03671875
1 0.46328125 0.53828125 0.03828125 0.0375
1 0.44140625 0.5640625 0.0359375 0.03125
1 0.41640625 0.5875 0.040625 0.03046875
1 0.4390625 0.61875 0.0390625 0.0453125
1 0.428125 0.478125 0.03125 0.04140625
1 0.45703125 0.4953125 0.03203125 0.0390625
1 0.39375 0.459375 0.040625 0.04609375
1 0.39765625 0.50546875 0.03671875 0.0453125
1 0.4046875 0.55078125 0.03671875 0.03828125