0 0.46875 0.77125 0.47874999999999995 0.7537499999999999 0.47874999999999995 0.7075 0.475 0.70375 0.45 0.69625 0.4225 0.71875 0.4175 0.73 0.41875 0.7525000000000001 0.4325 0.77 0.44125 0.775 0.46875 0.77125
0 0.5287499999999999 0.7537499999999999 0.52125 0.74375 0.48624999999999996 0.7474999999999999 0.48125 0.7575000000000001 0.48125 0.7787499999999999 0.50875 0.7825 0.5275000000000001 0.775 0.5287499999999999 0.7537499999999999
0 0.52625 0.7175 0.51375 0.7025 0.49000000000000005 0.70375 0.475 0.72 0.47625 0.74 0.485 0.74875 0.525 0.7474999999999999 0.52625 0.7175
0 0.30625 0.48250000000000004 0.31124999999999997 0.4425 0.28250000000000003 0.42374999999999996 0.26749999999999996 0.43499999999999994 0.24874999999999997 0.46749999999999997 0.24625 0.485 0.255 0.49375 0.28250000000000003 0.49375 0.30625 0.48250000000000004
0 0.3375 0.42750000000000005 0.33999999999999997 0.39375 0.30625 0.39 0.29500000000000004 0.4 0.28625 0.42374999999999996 0.29874999999999996 0.43624999999999997 0.3175 0.44000000000000006 0.3375 0.42750000000000005
0 0.29125 0.5912499999999999 0.29625 0.57875 0.28625 0.55375 0.27749999999999997 0.55 0.2475 0.55625 0.24625 0.5862499999999999 0.25375000000000003 0.5974999999999999 0.275 0.59875 0.29125 0.5912499999999999
0 0.29 0.54375 0.28125 0.495 0.2525 0.4925 0.24625 0.49749999999999994 0.24125000000000002 0.515 0.23875000000000002 0.53125 0.2475 0.5549999999999999 0.26875 0.55375 0.29 0.54375
0 0.30625 0.6287499999999999 0.3025 0.5900000000000001 0.255 0.5875 0.25 0.5912499999999999 0.255 0.615 0.26375000000000004 0.6287499999999999 0.28250000000000003 0.63875 0.30625 0.6287499999999999
0 0.34750000000000003 0.61 0.35125 0.595 0.335 0.58 0.30874999999999997 0.5862499999999999 0.30625 0.62625 0.32 0.63 0.3325 0.62625 0.34750000000000003 0.61
0 0.34625 0.5575 0.34125 0.545 0.325 0.5349999999999999 0.29500000000000004 0.5425 0.2875 0.5525 0.29500000000000004 0.58 0.3025 0.5862499999999999 0.3375 0.58125 0.34625 0.5575
0 0.32999999999999996 0.5349999999999999 0.33375 0.50625 0.325 0.48624999999999996 0.30625 0.48250000000000004 0.27999999999999997 0.495 0.28125 0.5287499999999999 0.28625 0.54 0.3075 0.54125 0.32999999999999996 0.5349999999999999
0 0.3525 0.49000000000000005 0.36 0.48624999999999996 0.36124999999999996 0.45999999999999996 0.355 0.45 0.33999999999999997 0.44125 0.325 0.4375 0.31375000000000003 0.4425 0.30874999999999997 0.46375 0.3075 0.48250000000000004 0.325 0.49375 0.33999999999999997 0.48624999999999996 0.3525 0.49000000000000005
0 0.3825 0.58375 0.3975 0.56375 0.3825 0.545 0.34875 0.54875 0.34125 0.5425 0.3375 0.55125 0.33625 0.575 0.34500000000000003 0.58875 0.35875 0.5974999999999999 0.3825 0.58375
0 0.38 0.5387500000000001 0.38875000000000004 0.50875 0.38125 0.49874999999999997 0.35625 0.485 0.33999999999999997 0.485 0.33125 0.49124999999999996 0.3325 0.53625 0.34875 0.5475 0.37124999999999997 0.5475 0.38 0.5387500000000001
0 0.41125 0.50125 0.4125 0.48375 0.39375 0.43624999999999997 0.3875 0.43125 0.36375 0.45375 0.36 0.48 0.36375 0.49000000000000005 0.38375 0.5025000000000001 0.41125 0.50125
0 0.42750000000000005 0.5475 0.42125 0.51 0.40625 0.5 0.38875000000000004 0.50875 0.37875000000000003 0.54125 0.39625 0.5587500000000001 0.41 0.5599999999999999 0.42750000000000005 0.5475
0 0.5237499999999999 0.66125 0.515 0.6425 0.50875 0.64 0.47000000000000003 0.67 0.47125000000000006 0.6849999999999999 0.48875 0.6975 0.51625 0.68625 0.5237499999999999 0.66125
0 0.58 0.73625 0.58125 0.72 0.5675 0.71 0.5287499999999999 0.72 0.5225 0.74 0.53125 0.74875 0.56375 0.7462500000000001 0.58 0.73625
0 0.6425 0.73375 0.645 0.72 0.6212500000000001 0.7075 0.5925 0.71875 0.5862499999999999 0.7275 0.5862499999999999 0.7424999999999999 0.6012500000000001 0.75125 0.635 0.7424999999999999 0.6425 0.73375
0 0.56875 0.70625 0.575 0.6799999999999999 0.53625 0.6725 0.52 0.67875 0.51375 0.68875 0.515 0.705 0.5325 0.71875 0.5587500000000001 0.70625 0.56875 0.70625
0 0.6275000000000001 0.68875 0.61625 0.67375 0.5825 0.67 0.5725 0.6900000000000001 0.57125 0.7075 0.5875 0.7212500000000001 0.6275000000000001 0.70625 0.6275000000000001 0.68875
0 0.5700000000000001 0.42874999999999996 0.5725 0.395 0.56375 0.3825 0.5475 0.38625 0.50875 0.38 0.505 0.38375 0.505 0.40750000000000003 0.52 0.45 0.5650000000000001 0.4375 0.5700000000000001 0.42874999999999996
0 0.5825 0.36124999999999996 0.57625 0.34249999999999997 0.57625 0.32125 0.56125 0.3125 0.54125 0.3175 0.515 0.33375 0.5025000000000001 0.35625 0.50125 0.36875 0.50625 0.375 0.55375 0.3875 0.5825 0.36124999999999996
0 0.61 0.32999999999999996 0.6 0.31875 0.5599999999999999 0.31 0.5387500000000001 0.3225 0.5475 0.37374999999999997 0.56875 0.375 0.61125 0.35625 0.61 0.32999999999999996
0 0.39375 0.44375 0.39 0.42374999999999996 0.37625000000000003 0.40625 0.33875 0.395 0.33875 0.43875000000000003 0.365 0.45375 0.38375 0.45125000000000004 0.39375 0.44375
0 0.58125 0.6637500000000001 0.5825 0.63625 0.57875 0.63125 0.5325 0.62625 0.51875 0.6325000000000001 0.51875 0.6537499999999999 0.5325 0.66625 0.5625 0.66875 0.58125 0.6637500000000001
0 0.665 0.70875 0.6900000000000001 0.6900000000000001 0.6825 0.6537499999999999 0.67375 0.64375 0.64375 0.63625 0.6375 0.65 0.62 0.6637500000000001 0.61875 0.67 0.63375 0.705 0.65 0.7025 0.665 0.70875
0 0.6425 0.655 0.63875 0.63375 0.6125 0.63125 0.5825 0.63625 0.5775 0.65625 0.58375 0.6637500000000001 0.6224999999999999 0.67375 0.6425 0.655
0 0.58875 0.76375 0.5962500000000001 0.75125 0.57375 0.74125 0.53 0.755 0.5287499999999999 0.76375 0.53625 0.77 0.5549999999999999 0.7725 0.58875 0.76375
0 0.63375 0.5387500000000001 0.64125 0.51625 0.63375 0.48624999999999996 0.58 0.48250000000000004 0.5700000000000001 0.50125 0.5675 0.50875 0.58125 0.5287499999999999 0.61125 0.54125 0.63375 0.5387500000000001
0 0.5775 0.49375 0.575 0.46125 0.5662499999999999 0.44749999999999995 0.5337500000000001 0.44625000000000004 0.51875 0.45375 0.52125 0.47874999999999995 0.53625 0.5037499999999999 0.55625 0.50875 0.5775 0.49375
0 0.69875 0.54875 0.69875 0.52125 0.6900000000000001 0.515 0.64375 0.51 0.6375 0.5225 0.63875 0.54375 0.6725 0.5549999999999999 0.6912499999999999 0.5549999999999999 0.69875 0.54875
0 0.6975 0.5075000000000001 0.70375 0.49749999999999994 0.70375 0.47625 0.6975 0.45875000000000005 0.64625 0.46624999999999994 0.64125 0.49625 0.64625 0.50875 0.67375 0.51625 0.6975 0.5075000000000001
0 0.63375 0.46624999999999994 0.62625 0.4325 0.62 0.42625 0.59875 0.4225 0.58375 0.43125 0.58125 0.45 0.5875 0.47625 0.61125 0.48250000000000004 0.63375 0.46624999999999994
0 0.6900000000000001 0.45375 0.6875 0.42874999999999996 0.68125 0.41125 0.67 0.4 0.6375 0.4 0.63 0.41500000000000004 0.6275000000000001 0.44375 0.64375 0.46375 0.68625 0.4625 0.6900000000000001 0.45375
0 0.7537499999999999 0.525 0.7474999999999999 0.5025000000000001 0.73625 0.49749999999999994 0.7075 0.49749999999999994 0.70625 0.50625 0.6975 0.51375 0.70125 0.5425 0.71 0.5525 0.74 0.54875 0.7537499999999999 0.525
0 0.755 0.475 0.745 0.45375 0.73125 0.445 0.70625 0.45375 0.70375 0.46875 0.70875 0.50125 0.7462500000000001 0.5025000000000001 0.755 0.475
0 0.72875 0.44625000000000004 0.735 0.43125 0.72 0.40125 0.7075 0.38875000000000004 0.69375 0.38375 0.6837500000000001 0.39625 0.68125 0.40374999999999994 0.6900000000000001 0.45 0.7112499999999999 0.45499999999999996 0.72875 0.44625000000000004
0 0.62625 0.41875 0.6275000000000001 0.39875 0.605 0.37 0.5900000000000001 0.36875 0.5700000000000001 0.38 0.5700000000000001 0.42000000000000004 0.575 0.43125 0.59875 0.43125 0.62625 0.41875
0 0.6587500000000001 0.39625 0.67 0.39125 0.68125 0.3725 0.67375 0.355 0.6525000000000001 0.33625 0.61625 0.325 0.60625 0.36 0.61 0.3725 0.63375 0.39625 0.6587500000000001 0.39625