0 0.50234375 0.72421875 0.05 0.046875
0 0.30625 0.5109375 0.0546875 0.0578125
0 0.31640625 0.41640625 0.053125 0.05
0 0.44765625 0.73984375 0.0625 0.0671875
0 0.265625 0.521875 0.0484375 0.059375
0 0.31796875 0.5609375 0.0546875 0.0484375
0 0.334375 0.465625 0.05625 0.053125
0 0.60234375 0.69453125 0.05625 0.0515625
0 0.49765625 0.6703125 0.0546875 0.059375
0 0.384375 0.471875 0.05625 0.0625
0 0.27890625 0.46015625 0.0671875 0.0671875
0 0.40546875 0.53203125 0.05 0.0578125
0 0.3578125 0.51640625 0.0546875 0.0625
0 0.55078125 0.65078125 0.0625 0.0515625
0 0.3921875 0.78984375 0.0515625 0.0640625
0 0.57890625 0.340625 0.0671875 0.0625
0 0.61015625 0.653125 0.059375 0.040625
0 0.5375 0.35234375 0.071875 0.0625