0 0.44921875 0.74765625 0.071875 0.071875
0 0.35703125 0.515625 0.0546875 0.0609375
0 0.309375 0.515625 0.053125 0.0546875
0 0.40859375 0.53203125 0.053125 0.0609375
0 0.384375 0.47265625 0.059375 0.059375
0 0.50234375 0.7234375 0.0515625 0.04375
0 0.4984375 0.67265625 0.053125 0.0546875
0 0.36328125 0.4265625 0.0609375 0.0546875
0 0.603125 0.69296875 0.0546875 0.05
0 0.31796875 0.56015625 0.0546875 0.046875
0 0.3328125 0.46640625 0.0546875 0.046875
0 0.56015625 0.65234375 0.0421875 0.0453125
0 0.61015625 0.64609375 0.0546875 0.034375