0 0.38515625 0.47109375 0.053125 0.0578125
0 0.31796875 0.4171875 0.0515625 0.053125
0 0.309375 0.5171875 0.0546875 0.0578125
0 0.4484375 0.73828125 0.0625 0.06875
0 0.3625 0.4234375 0.05625 0.05625
0 0.4984375 0.671875 0.0578125 0.0640625
0 0.3578125 0.515625 0.0578125 0.065625
0 0.40703125 0.534375 0.059375 0.0671875
0 0.2796875 0.46328125 0.065625 0.0625
0 0.33515625 0.46328125 0.0546875 0.05
0 0.603125 0.696875 0.0546875 0.0421875
0 0.503125 0.7234375 0.0484375 0.0453125
0 0.31875 0.5609375 0.0484375 0.0453125