0 0.5953125 0.653125 0.0359375 0.0359375
0 0.49921875 0.6734375 0.0484375 0.0546875
0 0.35703125 0.5171875 0.053125 0.059375
0 0.31484375 0.56015625 0.0546875 0.0484375
0 0.3328125 0.46875 0.0546875 0.0515625
0 0.38515625 0.4734375 0.05625 0.0625
0 0.30390625 0.51484375 0.0484375 0.0515625
0 0.45078125 0.7421875 0.0578125 0.059375
0 0.6125 0.7375 0.0484375 0.046875
0 0.6484375 0.703125 0.0359375 0.034375
0 0.625 0.64765625 0.0359375 0.034375
0 0.5421875 0.7296875 0.0421875 0.0390625
0 0.40546875 0.53359375 0.05 0.0515625